2.004062100000000000e+07,2.150000000000000000e+02,2.150000000000000000e+02,2.125000000000000000e+02,2.125000000000000000e+02,0.000000000000000000e+00
2.004062800000000000e+07,2.125000000000000000e+02,2.125000000000000000e+02,2.125000000000000000e+02,2.125000000000000000e+02,0.000000000000000000e+00
2.004070500000000000e+07,2.125000000000000000e+02,2.125000000000000000e+02,1.967500000000000000e+02,2.125000000000000000e+02,0.000000000000000000e+00
2.004071200000000000e+07,2.125000000000000000e+02,2.200000000000000000e+02,2.050000000000000000e+02,2.125000000000000000e+02,6.846000000000000000e+05
2.004071900000000000e+07,2.125000000000000000e+02,2.125000000000000000e+02,2.062500000000000000e+02,2.100000000000000000e+02,0.000000000000000000e+00
2.004080200000000000e+07,2.100000000000000000e+02,2.175000000000000000e+02,2.087500000000000000e+02,2.112500000000000000e+02,0.000000000000000000e+00
2.004080900000000000e+07,2.112500000000000000e+02,2.112500000000000000e+02,2.075000000000000000e+02,2.100000000000000000e+02,0.000000000000000000e+00
2.004081600000000000e+07,2.087500000000000000e+02,2.100000000000000000e+02,2.087500000000000000e+02,2.100000000000000000e+02,0.000000000000000000e+00
2.004082300000000000e+07,2.100000000000000000e+02,2.125000000000000000e+02,2.087500000000000000e+02,2.100000000000000000e+02,0.000000000000000000e+00
2.004083000000000000e+07,2.125000000000000000e+02,2.125000000000000000e+02,2.075000000000000000e+02,2.087500000000000000e+02,0.000000000000000000e+00
2.004090600000000000e+07,2.087500000000000000e+02,2.100000000000000000e+02,2.087500000000000000e+02,2.100000000000000000e+02,0.000000000000000000e+00
2.004091300000000000e+07,2.100000000000000000e+02,2.100000000000000000e+02,2.100000000000000000e+02,2.100000000000000000e+02,0.000000000000000000e+00
2.004092000000000000e+07,2.100000000000000000e+02,2.100000000000000000e+02,2.100000000000000000e+02,2.100000000000000000e+02,0.000000000000000000e+00
2.004092700000000000e+07,2.100000000000000000e+02,2.100000000000000000e+02,2.100000000000000000e+02,2.100000000000000000e+02,0.000000000000000000e+00
2.004101100000000000e+07,2.100000000000000000e+02,2.100000000000000000e+02,2.062500000000000000e+02,2.062500000000000000e+02,0.000000000000000000e+00
2.004110100000000000e+07,2.250000000000000000e+02,2.300000000000000000e+02,2.250000000000000000e+02,2.262500000000000000e+02,0.000000000000000000e+00
2.004110800000000000e+07,2.262500000000000000e+02,2.300000000000000000e+02,2.262500000000000000e+02,2.300000000000000000e+02,0.000000000000000000e+00
2.004111500000000000e+07,2.300000000000000000e+02,2.312500000000000000e+02,2.300000000000000000e+02,2.312500000000000000e+02,0.000000000000000000e+00
2.004112200000000000e+07,2.312500000000000000e+02,2.312500000000000000e+02,2.312500000000000000e+02,2.312500000000000000e+02,0.000000000000000000e+00
2.004112900000000000e+07,2.312500000000000000e+02,2.312500000000000000e+02,2.300000000000000000e+02,2.300000000000000000e+02,0.000000000000000000e+00
2.004120600000000000e+07,2.300000000000000000e+02,2.300000000000000000e+02,2.275000000000000000e+02,2.287500000000000000e+02,0.000000000000000000e+00
2.004121300000000000e+07,2.287500000000000000e+02,2.287500000000000000e+02,2.125000000000000000e+02,2.125000000000000000e+02,0.000000000000000000e+00
2.004122700000000000e+07,2.125000000000000000e+02,2.125000000000000000e+02,2.125000000000000000e+02,2.125000000000000000e+02,0.000000000000000000e+00
2.005010300000000000e+07,2.125000000000000000e+02,2.125000000000000000e+02,2.125000000000000000e+02,2.125000000000000000e+02,0.000000000000000000e+00
2.005032800000000000e+07,2.125000000000000000e+02,2.125000000000000000e+02,2.125000000000000000e+02,2.125000000000000000e+02,0.000000000000000000e+00
2.005050200000000000e+07,2.125000000000000000e+02,2.125000000000000000e+02,2.125000000000000000e+02,2.125000000000000000e+02,0.000000000000000000e+00
2.005053000000000000e+07,2.125000000000000000e+02,2.125000000000000000e+02,2.125000000000000000e+02,2.125000000000000000e+02,0.000000000000000000e+00
2.005060600000000000e+07,2.125000000000000000e+02,2.125000000000000000e+02,2.125000000000000000e+02,2.125000000000000000e+02,0.000000000000000000e+00
2.005061300000000000e+07,2.125000000000000000e+02,2.125000000000000000e+02,2.125000000000000000e+02,2.125000000000000000e+02,0.000000000000000000e+00
2.005062000000000000e+07,2.125000000000000000e+02,2.125000000000000000e+02,2.125000000000000000e+02,2.125000000000000000e+02,0.000000000000000000e+00
2.005062700000000000e+07,2.125000000000000000e+02,2.125000000000000000e+02,2.125000000000000000e+02,2.125000000000000000e+02,0.000000000000000000e+00
2.005070400000000000e+07,2.125000000000000000e+02,2.125000000000000000e+02,2.125000000000000000e+02,2.125000000000000000e+02,0.000000000000000000e+00
2.005071100000000000e+07,2.125000000000000000e+02,2.125000000000000000e+02,2.125000000000000000e+02,2.125000000000000000e+02,0.000000000000000000e+00
2.005071800000000000e+07,2.125000000000000000e+02,2.125000000000000000e+02,2.125000000000000000e+02,2.125000000000000000e+02,0.000000000000000000e+00
2.005072500000000000e+07,2.125000000000000000e+02,2.125000000000000000e+02,2.125000000000000000e+02,2.125000000000000000e+02,0.000000000000000000e+00
2.005080100000000000e+07,2.125000000000000000e+02,2.125000000000000000e+02,2.125000000000000000e+02,2.125000000000000000e+02,0.000000000000000000e+00
2.005080800000000000e+07,2.125000000000000000e+02,2.125000000000000000e+02,2.125000000000000000e+02,2.125000000000000000e+02,0.000000000000000000e+00
2.005081500000000000e+07,2.125000000000000000e+02,2.125000000000000000e+02,2.125000000000000000e+02,2.125000000000000000e+02,0.000000000000000000e+00
2.005082200000000000e+07,2.125000000000000000e+02,2.125000000000000000e+02,2.125000000000000000e+02,2.125000000000000000e+02,0.000000000000000000e+00
2.005082900000000000e+07,2.125000000000000000e+02,2.125000000000000000e+02,2.125000000000000000e+02,2.125000000000000000e+02,0.000000000000000000e+00
2.005090500000000000e+07,2.125000000000000000e+02,2.125000000000000000e+02,2.125000000000000000e+02,2.125000000000000000e+02,0.000000000000000000e+00
2.005091200000000000e+07,2.125000000000000000e+02,2.125000000000000000e+02,2.125000000000000000e+02,2.125000000000000000e+02,0.000000000000000000e+00
2.005091900000000000e+07,2.125000000000000000e+02,2.125000000000000000e+02,2.125000000000000000e+02,2.125000000000000000e+02,0.000000000000000000e+00
2.005092600000000000e+07,2.125000000000000000e+02,2.125000000000000000e+02,2.125000000000000000e+02,2.125000000000000000e+02,0.000000000000000000e+00
2.005100300000000000e+07,2.125000000000000000e+02,2.125000000000000000e+02,2.125000000000000000e+02,2.125000000000000000e+02,0.000000000000000000e+00
2.005101000000000000e+07,2.125000000000000000e+02,2.125000000000000000e+02,2.125000000000000000e+02,2.125000000000000000e+02,0.000000000000000000e+00
2.005101700000000000e+07,2.125000000000000000e+02,2.125000000000000000e+02,2.125000000000000000e+02,2.125000000000000000e+02,0.000000000000000000e+00
2.005102400000000000e+07,2.125000000000000000e+02,2.125000000000000000e+02,2.125000000000000000e+02,2.125000000000000000e+02,0.000000000000000000e+00
2.005103100000000000e+07,2.125000000000000000e+02,2.131300048828125000e+02,1.825000000000000000e+02,2.105000000000000000e+02,1.653220000000000000e+07
2.005110700000000000e+07,2.155000000000000000e+02,2.180000000000000000e+02,2.110000000000000000e+02,2.110000000000000000e+02,1.067300000000000000e+06
2.005111400000000000e+07,2.110000000000000000e+02,2.121300048828125000e+02,2.060000000000000000e+02,2.065000000000000000e+02,3.680000000000000000e+05
2.005112100000000000e+07,2.045000000000000000e+02,2.070000000000000000e+02,2.000000000000000000e+02,2.035000000000000000e+02,6.299000000000000000e+05
2.005112800000000000e+07,2.035000000000000000e+02,2.070000000000000000e+02,2.000000000000000000e+02,2.035000000000000000e+02,5.082000000000000000e+05
2.005120500000000000e+07,2.025000000000000000e+02,2.082500000000000000e+02,2.010000000000000000e+02,2.055000000000000000e+02,1.475400000000000000e+06
2.005121200000000000e+07,2.055000000000000000e+02,2.100000000000000000e+02,2.020000000000000000e+02,2.065000000000000000e+02,1.177900000000000000e+06
2.005121900000000000e+07,2.065000000000000000e+02,2.240000000000000000e+02,2.040000000000000000e+02,2.210000000000000000e+02,9.164000000000000000e+05
2.005122600000000000e+07,2.210000000000000000e+02,2.500000000000000000e+02,2.210000000000000000e+02,2.475000000000000000e+02,2.613600000000000000e+06
2.006010200000000000e+07,2.475000000000000000e+02,2.600000000000000000e+02,2.475000000000000000e+02,2.535000000000000000e+02,1.441600000000000000e+06
2.006010900000000000e+07,2.535000000000000000e+02,2.550000000000000000e+02,2.488699951171875000e+02,2.515000000000000000e+02,2.926000000000000000e+05
2.006011600000000000e+07,2.610000000000000000e+02,2.670000000000000000e+02,2.438699951171875000e+02,2.465000000000000000e+02,1.062400000000000000e+06
2.006012300000000000e+07,2.445000000000000000e+02,2.470000000000000000e+02,2.408699951171875000e+02,2.435000000000000000e+02,2.184000000000000000e+05
2.006013000000000000e+07,2.435000000000000000e+02,2.470000000000000000e+02,2.400000000000000000e+02,2.435000000000000000e+02,6.508000000000000000e+05
2.006020600000000000e+07,2.415000000000000000e+02,2.450000000000000000e+02,2.388699951171875000e+02,2.415000000000000000e+02,1.786700000000000000e+06
2.006021300000000000e+07,2.415000000000000000e+02,2.450000000000000000e+02,2.258699951171875000e+02,2.285000000000000000e+02,1.905710000000000000e+07
2.006022000000000000e+07,2.295000000000000000e+02,2.411300048828125000e+02,2.295000000000000000e+02,2.385000000000000000e+02,1.364900000000000000e+06
2.006022700000000000e+07,2.385000000000000000e+02,2.411300048828125000e+02,2.350000000000000000e+02,2.385000000000000000e+02,6.465000000000000000e+05
2.006030600000000000e+07,2.385000000000000000e+02,2.445000000000000000e+02,2.358699951171875000e+02,2.410000000000000000e+02,6.621400000000000000e+06
2.006031300000000000e+07,2.410000000000000000e+02,2.443800048828125000e+02,2.387500000000000000e+02,2.425000000000000000e+02,1.052800000000000000e+06
2.006032000000000000e+07,2.425000000000000000e+02,2.435000000000000000e+02,2.340000000000000000e+02,2.425000000000000000e+02,6.716000000000000000e+06
2.006032700000000000e+07,2.450000000000000000e+02,2.491300048828125000e+02,2.415000000000000000e+02,2.465000000000000000e+02,4.219000000000000000e+05
2.006040300000000000e+07,2.465000000000000000e+02,2.491300048828125000e+02,2.440000000000000000e+02,2.465000000000000000e+02,1.840000000000000000e+04
2.006041000000000000e+07,2.465000000000000000e+02,2.491300048828125000e+02,2.438699951171875000e+02,2.465000000000000000e+02,1.427000000000000000e+05
2.006041700000000000e+07,2.465000000000000000e+02,2.491300048828125000e+02,2.438699951171875000e+02,2.465000000000000000e+02,2.970000000000000000e+05
2.006042400000000000e+07,2.465000000000000000e+02,2.491300048828125000e+02,2.430000000000000000e+02,2.465000000000000000e+02,1.323000000000000000e+05
2.006050100000000000e+07,2.465000000000000000e+02,2.480000000000000000e+02,2.438699951171875000e+02,2.465000000000000000e+02,5.946600000000000000e+06
2.006050800000000000e+07,2.465000000000000000e+02,2.490000000000000000e+02,2.433899993896484375e+02,2.450000000000000000e+02,1.308000000000000000e+06
2.006051500000000000e+07,2.450000000000000000e+02,2.465000000000000000e+02,2.425000000000000000e+02,2.465000000000000000e+02,3.511000000000000000e+05
2.006052200000000000e+07,2.465000000000000000e+02,2.491300048828125000e+02,2.420000000000000000e+02,2.455000000000000000e+02,3.502000000000000000e+05
2.006052900000000000e+07,2.455000000000000000e+02,2.455000000000000000e+02,2.420000000000000000e+02,2.445000000000000000e+02,7.284000000000000000e+05
2.006060500000000000e+07,2.445000000000000000e+02,2.540000000000000000e+02,2.420000000000000000e+02,2.505000000000000000e+02,1.147900000000000000e+06
2.006061200000000000e+07,2.505000000000000000e+02,2.531300048828125000e+02,2.478699951171875000e+02,2.505000000000000000e+02,1.830000000000000000e+04
2.006061900000000000e+07,2.505000000000000000e+02,2.535000000000000000e+02,2.505000000000000000e+02,2.520000000000000000e+02,4.680000000000000000e+04
2.006062600000000000e+07,2.520000000000000000e+02,2.547449951171875000e+02,2.500000000000000000e+02,2.535000000000000000e+02,1.883700000000000000e+06
2.006070300000000000e+07,2.535000000000000000e+02,2.800000000000000000e+02,2.508699951171875000e+02,2.675000000000000000e+02,1.229800000000000000e+06
2.006071000000000000e+07,2.675000000000000000e+02,2.719450073242187500e+02,2.632500000000000000e+02,2.670000000000000000e+02,1.881000000000000000e+05
2.006071700000000000e+07,2.670000000000000000e+02,2.707500000000000000e+02,2.620000000000000000e+02,2.670000000000000000e+02,6.340000000000000000e+04
2.006072400000000000e+07,2.670000000000000000e+02,2.707500000000000000e+02,2.632500000000000000e+02,2.670000000000000000e+02,1.411400000000000000e+06
2.006073100000000000e+07,2.670000000000000000e+02,2.700000000000000000e+02,2.620000000000000000e+02,2.670000000000000000e+02,2.150000000000000000e+04
2.006080700000000000e+07,2.670000000000000000e+02,2.707500000000000000e+02,2.632500000000000000e+02,2.670000000000000000e+02,2.210000000000000000e+04
2.006081400000000000e+07,2.670000000000000000e+02,2.820000000000000000e+02,2.640000000000000000e+02,2.730000000000000000e+02,1.405400000000000000e+06
2.006082100000000000e+07,2.730000000000000000e+02,2.800000000000000000e+02,2.720000000000000000e+02,2.750000000000000000e+02,1.368000000000000000e+05
2.006082800000000000e+07,2.750000000000000000e+02,2.820000000000000000e+02,2.720000000000000000e+02,2.770000000000000000e+02,9.000000000000000000e+03
2.006090400000000000e+07,2.770000000000000000e+02,2.850000000000000000e+02,2.720000000000000000e+02,2.780000000000000000e+02,8.028000000000000000e+05
2.006091100000000000e+07,2.780000000000000000e+02,2.807500000000000000e+02,2.770000000000000000e+02,2.770000000000000000e+02,1.270800000000000000e+06
2.006091800000000000e+07,2.770000000000000000e+02,2.807500000000000000e+02,2.712500000000000000e+02,2.750000000000000000e+02,8.270000000000000000e+04
2.006092500000000000e+07,2.750000000000000000e+02,2.787500000000000000e+02,2.620000000000000000e+02,2.670000000000000000e+02,2.732000000000000000e+05
2.006100200000000000e+07,2.670000000000000000e+02,2.670000000000000000e+02,2.542500000000000000e+02,2.580000000000000000e+02,1.961000000000000000e+05
2.006100900000000000e+07,2.580000000000000000e+02,2.580000000000000000e+02,2.380000000000000000e+02,2.430000000000000000e+02,9.829000000000000000e+05
2.006101600000000000e+07,2.430000000000000000e+02,2.467500000000000000e+02,2.392500000000000000e+02,2.430000000000000000e+02,4.380000000000000000e+04
2.006102300000000000e+07,2.430000000000000000e+02,2.450000000000000000e+02,2.200000000000000000e+02,2.435000000000000000e+02,7.349600000000000000e+06
2.006103000000000000e+07,2.435000000000000000e+02,2.470000000000000000e+02,2.408699951171875000e+02,2.440000000000000000e+02,1.846000000000000000e+05
2.006110600000000000e+07,2.440000000000000000e+02,2.487500000000000000e+02,2.400000000000000000e+02,2.450000000000000000e+02,4.830000000000000000e+04
2.006111300000000000e+07,2.450000000000000000e+02,2.500000000000000000e+02,2.411999969482421875e+02,2.465000000000000000e+02,2.786700000000000000e+06
2.006112000000000000e+07,2.465000000000000000e+02,2.500000000000000000e+02,2.400000000000000000e+02,2.450000000000000000e+02,1.360000000000000000e+05
2.006112700000000000e+07,2.450000000000000000e+02,2.487500000000000000e+02,2.412500000000000000e+02,2.450000000000000000e+02,7.210000000000000000e+04
2.006120400000000000e+07,2.450000000000000000e+02,2.487500000000000000e+02,2.412500000000000000e+02,2.450000000000000000e+02,1.032000000000000000e+05
2.006121100000000000e+07,2.450000000000000000e+02,2.500000000000000000e+02,2.411999969482421875e+02,2.450000000000000000e+02,7.350000000000000000e+05
2.006121800000000000e+07,2.450000000000000000e+02,2.650000000000000000e+02,2.420000000000000000e+02,2.575000000000000000e+02,1.789400000000000000e+06
2.006122500000000000e+07,2.575000000000000000e+02,2.770000000000000000e+02,2.570000000000000000e+02,2.720000000000000000e+02,1.316800000000000000e+06
2.007010100000000000e+07,2.720000000000000000e+02,2.950000000000000000e+02,2.720000000000000000e+02,2.900000000000000000e+02,7.926000000000000000e+05
2.007010800000000000e+07,2.900000000000000000e+02,2.950000000000000000e+02,2.800000000000000000e+02,2.820000000000000000e+02,2.076000000000000000e+05
2.007011500000000000e+07,2.820000000000000000e+02,2.870000000000000000e+02,2.756199951171875000e+02,2.775000000000000000e+02,1.694000000000000000e+05
2.007012200000000000e+07,2.800000000000000000e+02,2.850000000000000000e+02,2.760000000000000000e+02,2.775000000000000000e+02,2.372000000000000000e+05
2.007012900000000000e+07,2.800000000000000000e+02,2.840000000000000000e+02,2.762500000000000000e+02,2.800000000000000000e+02,9.600000000000000000e+04
2.007020500000000000e+07,2.800000000000000000e+02,2.837500000000000000e+02,2.762500000000000000e+02,2.800000000000000000e+02,7.810000000000000000e+04
2.007021200000000000e+07,2.800000000000000000e+02,3.000000000000000000e+02,2.800000000000000000e+02,2.960000000000000000e+02,7.689000000000000000e+05
2.007021900000000000e+07,3.000000000000000000e+02,3.300000000000000000e+02,2.780000000000000000e+02,2.850000000000000000e+02,2.423800000000000000e+06
2.007022600000000000e+07,2.850000000000000000e+02,3.000000000000000000e+02,2.700000000000000000e+02,2.950000000000000000e+02,1.427200000000000000e+06
2.007030500000000000e+07,2.925000000000000000e+02,2.987500000000000000e+02,2.860000000000000000e+02,2.950000000000000000e+02,1.209000000000000000e+06
2.007031200000000000e+07,2.950000000000000000e+02,3.000000000000000000e+02,2.910000000000000000e+02,2.950000000000000000e+02,5.317200000000000000e+06
2.007031900000000000e+07,2.950000000000000000e+02,2.951499938964843750e+02,2.850000000000000000e+02,2.900000000000000000e+02,5.079000000000000000e+05
2.007032600000000000e+07,2.900000000000000000e+02,2.937500000000000000e+02,2.857149963378906250e+02,2.900000000000000000e+02,1.610000000000000000e+04
2.007040200000000000e+07,2.900000000000000000e+02,2.937500000000000000e+02,2.850000000000000000e+02,2.900000000000000000e+02,7.600000000000000000e+04
2.007040900000000000e+07,2.900000000000000000e+02,2.930000000000000000e+02,2.850000000000000000e+02,2.860000000000000000e+02,8.664000000000000000e+05
2.007041600000000000e+07,2.860000000000000000e+02,2.917500000000000000e+02,2.832500000000000000e+02,2.870000000000000000e+02,3.130000000000000000e+04
2.007042300000000000e+07,2.870000000000000000e+02,2.907500000000000000e+02,2.830000000000000000e+02,2.870000000000000000e+02,5.200000000000000000e+04
2.007043000000000000e+07,2.870000000000000000e+02,2.907500000000000000e+02,2.832500000000000000e+02,2.870000000000000000e+02,1.172000000000000000e+05
2.007050700000000000e+07,2.870000000000000000e+02,2.910000000000000000e+02,2.832500000000000000e+02,2.870000000000000000e+02,8.450000000000000000e+04
2.007051400000000000e+07,2.870000000000000000e+02,2.920000000000000000e+02,2.832500000000000000e+02,2.885000000000000000e+02,4.456000000000000000e+05
2.007052100000000000e+07,2.885000000000000000e+02,2.950000000000000000e+02,2.850000000000000000e+02,2.890000000000000000e+02,1.510000000000000000e+05
2.007052800000000000e+07,2.890000000000000000e+02,2.930000000000000000e+02,2.850000000000000000e+02,2.900000000000000000e+02,4.492500000000000000e+06
2.007060400000000000e+07,2.900000000000000000e+02,3.007500000000000000e+02,2.900000000000000000e+02,2.960000000000000000e+02,1.986000000000000000e+05
2.007061100000000000e+07,2.960000000000000000e+02,3.000000000000000000e+02,2.920000000000000000e+02,2.975000000000000000e+02,3.400000000000000000e+04
2.007061800000000000e+07,2.990000000000000000e+02,3.037500000000000000e+02,2.950000000000000000e+02,3.000000000000000000e+02,1.220000000000000000e+05
2.007062500000000000e+07,3.000000000000000000e+02,3.257500000000000000e+02,2.950000000000000000e+02,3.250000000000000000e+02,1.621100000000000000e+06
2.007070200000000000e+07,3.250000000000000000e+02,3.320000000000000000e+02,3.212500000000000000e+02,3.250000000000000000e+02,8.855000000000000000e+05
2.007070900000000000e+07,3.250000000000000000e+02,3.287500000000000000e+02,3.130000000000000000e+02,3.180000000000000000e+02,2.161000000000000000e+05
2.007071600000000000e+07,3.180000000000000000e+02,3.180000000000000000e+02,3.080000000000000000e+02,3.110000000000000000e+02,1.006000000000000000e+05
2.007072300000000000e+07,3.110000000000000000e+02,3.450000000000000000e+02,3.060000000000000000e+02,3.450000000000000000e+02,3.293000000000000000e+05
2.007073000000000000e+07,3.450000000000000000e+02,3.500000000000000000e+02,3.400000000000000000e+02,3.440000000000000000e+02,3.195700000000000000e+06
2.007080600000000000e+07,3.440000000000000000e+02,3.480000000000000000e+02,3.300000000000000000e+02,3.350000000000000000e+02,6.098000000000000000e+05
2.007081300000000000e+07,3.340000000000000000e+02,3.380000000000000000e+02,3.180000000000000000e+02,3.210000000000000000e+02,9.295000000000000000e+05
2.007082000000000000e+07,3.210000000000000000e+02,3.210000000000000000e+02,3.090000000000000000e+02,3.130000000000000000e+02,1.283900000000000000e+06
2.007082700000000000e+07,3.130000000000000000e+02,3.150000000000000000e+02,3.050000000000000000e+02,3.130000000000000000e+02,6.236400000000000000e+06
2.007090300000000000e+07,3.130000000000000000e+02,3.180000000000000000e+02,3.080000000000000000e+02,3.150000000000000000e+02,9.360000000000000000e+04
2.007091000000000000e+07,3.150000000000000000e+02,3.350000000000000000e+02,3.100000000000000000e+02,3.300000000000000000e+02,2.298000000000000000e+05
2.007091700000000000e+07,3.350000000000000000e+02,3.350000000000000000e+02,2.950000000000000000e+02,3.050000000000000000e+02,6.199500000000000000e+06
2.007092400000000000e+07,3.050000000000000000e+02,3.100000000000000000e+02,3.010000000000000000e+02,3.075000000000000000e+02,1.221000000000000000e+05
2.007100100000000000e+07,3.100000000000000000e+02,3.150000000000000000e+02,3.050000000000000000e+02,3.100000000000000000e+02,1.650100000000000000e+07
2.007100800000000000e+07,3.100000000000000000e+02,3.140000000000000000e+02,3.050000000000000000e+02,3.100000000000000000e+02,3.305100000000000000e+06
2.007101500000000000e+07,3.100000000000000000e+02,3.200000000000000000e+02,3.050000000000000000e+02,3.110000000000000000e+02,5.407800000000000000e+06
2.007102200000000000e+07,3.110000000000000000e+02,3.170000000000000000e+02,3.070000000000000000e+02,3.120000000000000000e+02,1.786500000000000000e+06
2.007102900000000000e+07,3.120000000000000000e+02,3.160000000000000000e+02,3.070000000000000000e+02,3.135000000000000000e+02,3.054000000000000000e+05
2.007110500000000000e+07,3.135000000000000000e+02,3.180000000000000000e+02,3.070000000000000000e+02,3.150000000000000000e+02,3.111000000000000000e+05
2.007111200000000000e+07,3.165000000000000000e+02,3.250000000000000000e+02,3.150000000000000000e+02,3.215000000000000000e+02,4.921000000000000000e+05
2.007111900000000000e+07,3.215000000000000000e+02,3.250000000000000000e+02,3.150000000000000000e+02,3.200000000000000000e+02,2.342130000000000000e+07
2.007112600000000000e+07,3.200000000000000000e+02,3.250000000000000000e+02,3.150000000000000000e+02,3.215000000000000000e+02,9.260500000000000000e+06
2.007120300000000000e+07,3.215000000000000000e+02,3.360000000000000000e+02,3.200000000000000000e+02,3.280000000000000000e+02,1.888500000000000000e+06
2.007121000000000000e+07,3.280000000000000000e+02,3.330000000000000000e+02,3.220000000000000000e+02,3.280000000000000000e+02,4.430000000000000000e+05
2.007121700000000000e+07,3.280000000000000000e+02,3.320000000000000000e+02,3.200000000000000000e+02,3.270000000000000000e+02,1.707100000000000000e+06
2.007122400000000000e+07,3.270000000000000000e+02,3.270000000000000000e+02,3.220000000000000000e+02,3.260000000000000000e+02,3.000000000000000000e+04
2.007123100000000000e+07,3.260000000000000000e+02,3.300000000000000000e+02,3.220000000000000000e+02,3.260000000000000000e+02,3.300000000000000000e+04
2.008010700000000000e+07,3.260000000000000000e+02,3.320000000000000000e+02,3.200000000000000000e+02,3.250000000000000000e+02,2.078000000000000000e+05
2.008011400000000000e+07,3.250000000000000000e+02,3.380000000000000000e+02,3.228049926757812500e+02,3.330000000000000000e+02,1.069300000000000000e+06
2.008012100000000000e+07,3.330000000000000000e+02,3.400000000000000000e+02,3.310000000000000000e+02,3.340000000000000000e+02,1.792300000000000000e+06
2.008012800000000000e+07,3.340000000000000000e+02,3.437500000000000000e+02,3.300000000000000000e+02,3.400000000000000000e+02,1.645500000000000000e+06
2.008020400000000000e+07,3.400000000000000000e+02,3.457500000000000000e+02,3.330000000000000000e+02,3.380000000000000000e+02,6.558000000000000000e+05
2.008021100000000000e+07,3.380000000000000000e+02,3.437500000000000000e+02,3.362500000000000000e+02,3.400000000000000000e+02,2.805000000000000000e+06
2.008021800000000000e+07,3.400000000000000000e+02,3.480000000000000000e+02,3.393500061035156250e+02,3.450000000000000000e+02,2.750000000000000000e+04
2.008022500000000000e+07,3.450000000000000000e+02,3.520000000000000000e+02,3.420000000000000000e+02,3.470000000000000000e+02,3.300000000000000000e+05
2.008030300000000000e+07,3.470000000000000000e+02,3.720000000000000000e+02,3.450000000000000000e+02,3.580000000000000000e+02,3.296000000000000000e+05
2.008031000000000000e+07,3.565000000000000000e+02,3.565000000000000000e+02,3.440000000000000000e+02,3.515000000000000000e+02,3.152400000000000000e+06
2.008031700000000000e+07,3.515000000000000000e+02,3.560000000000000000e+02,3.450000000000000000e+02,3.475000000000000000e+02,1.769960000000000000e+07
2.008032400000000000e+07,3.475000000000000000e+02,3.500000000000000000e+02,3.350000000000000000e+02,3.400000000000000000e+02,6.174000000000000000e+05
2.008033100000000000e+07,3.400000000000000000e+02,3.520000000000000000e+02,3.400000000000000000e+02,3.510000000000000000e+02,6.496800000000000000e+06
2.008040700000000000e+07,3.510000000000000000e+02,3.600000000000000000e+02,3.480000000000000000e+02,3.550000000000000000e+02,4.730000000000000000e+05
2.008041400000000000e+07,3.550000000000000000e+02,3.850000000000000000e+02,3.550000000000000000e+02,3.800000000000000000e+02,1.533600000000000000e+06
2.008042100000000000e+07,3.800000000000000000e+02,3.950000000000000000e+02,3.750000000000000000e+02,3.900000000000000000e+02,1.591000000000000000e+05
2.008042800000000000e+07,3.900000000000000000e+02,4.200000000000000000e+02,3.812500000000000000e+02,4.130000000000000000e+02,1.188000000000000000e+06
2.008050500000000000e+07,4.130000000000000000e+02,4.240000000000000000e+02,4.130000000000000000e+02,4.240000000000000000e+02,3.090000000000000000e+04
2.008051200000000000e+07,4.190000000000000000e+02,4.250000000000000000e+02,4.050000000000000000e+02,4.200000000000000000e+02,3.220000000000000000e+05
2.008051900000000000e+07,4.200000000000000000e+02,4.250000000000000000e+02,4.180000000000000000e+02,4.200000000000000000e+02,8.340000000000000000e+05
2.008052600000000000e+07,4.200000000000000000e+02,4.330000000000000000e+02,4.150000000000000000e+02,4.330000000000000000e+02,1.090000000000000000e+05
2.008060200000000000e+07,4.330000000000000000e+02,4.650000000000000000e+02,9.000000000000000000e+01,4.600000000000000000e+02,2.936200000000000000e+06
2.008060900000000000e+07,4.600000000000000000e+02,4.650000000000000000e+02,4.520000000000000000e+02,4.550000000000000000e+02,2.517000000000000000e+05
2.008061600000000000e+07,4.565000000000000000e+02,5.400000000000000000e+02,4.500000000000000000e+02,4.850000000000000000e+02,8.733000000000000000e+05
2.008062300000000000e+07,4.750000000000000000e+02,4.950000000000000000e+02,4.150000000000000000e+02,4.400000000000000000e+02,9.281000000000000000e+05
2.008063000000000000e+07,4.550000000000000000e+02,5.180000000000000000e+02,4.400000000000000000e+02,4.725000000000000000e+02,1.650600000000000000e+06
2.008070700000000000e+07,4.600000000000000000e+02,4.750000000000000000e+02,4.550000000000000000e+02,4.600000000000000000e+02,2.363000000000000000e+05
2.008071400000000000e+07,4.700000000000000000e+02,4.800000000000000000e+02,4.200000000000000000e+02,4.460000000000000000e+02,3.144000000000000000e+05
2.008072100000000000e+07,4.600000000000000000e+02,4.700000000000000000e+02,4.400000000000000000e+02,4.475000000000000000e+02,1.512000000000000000e+05
2.008072800000000000e+07,4.350000000000000000e+02,4.538649902343750000e+02,4.097500000000000000e+02,4.097500000000000000e+02,1.776000000000000000e+05
2.008080400000000000e+07,4.060000000000000000e+02,4.350000000000000000e+02,3.900000000000000000e+02,4.137500000000000000e+02,6.618000000000000000e+05
2.008081100000000000e+07,4.300000000000000000e+02,4.450000000000000000e+02,4.100000000000000000e+02,4.350000000000000000e+02,6.410000000000000000e+04
2.008081800000000000e+07,4.500000000000000000e+02,4.598999938964843750e+02,4.300000000000000000e+02,4.450000000000000000e+02,9.463000000000000000e+05
2.008082500000000000e+07,4.450000000000000000e+02,4.548999938964843750e+02,4.350000000000000000e+02,4.475000000000000000e+02,9.600000000000000000e+04
2.008090100000000000e+07,4.450000000000000000e+02,4.698999938964843750e+02,4.351000061035156250e+02,4.575000000000000000e+02,1.463100000000000000e+06
2.008090800000000000e+07,4.560000000000000000e+02,5.055000000000000000e+02,4.560000000000000000e+02,4.925000000000000000e+02,6.113000000000000000e+05
2.008091500000000000e+07,4.850000000000000000e+02,5.000000000000000000e+02,4.700000000000000000e+02,4.850000000000000000e+02,1.974000000000000000e+05
2.008092200000000000e+07,4.900000000000000000e+02,4.948999938964843750e+02,4.750000000000000000e+02,4.850000000000000000e+02,4.114000000000000000e+05
2.008092900000000000e+07,4.800000000000000000e+02,4.898999938964843750e+02,4.550000000000000000e+02,4.750000000000000000e+02,1.398000000000000000e+05
2.008100600000000000e+07,4.750000000000000000e+02,4.988999938964843750e+02,4.650000000000000000e+02,4.795000000000000000e+02,5.470000000000000000e+05
2.008101300000000000e+07,4.700000000000000000e+02,4.940000000000000000e+02,4.600000000000000000e+02,4.800000000000000000e+02,2.227200000000000000e+06
2.008102000000000000e+07,4.850000000000000000e+02,4.850000000000000000e+02,4.351000061035156250e+02,4.500000000000000000e+02,7.300000000000000000e+04
2.008102700000000000e+07,4.450000000000000000e+02,4.560000000000000000e+02,4.400000000000000000e+02,4.522500000000000000e+02,4.614600000000000000e+06
2.008110300000000000e+07,4.650000000000000000e+02,4.700000000000000000e+02,4.500000000000000000e+02,4.560000000000000000e+02,1.213400000000000000e+06
2.008111000000000000e+07,4.700000000000000000e+02,4.700000000000000000e+02,4.500000000000000000e+02,4.575000000000000000e+02,2.068000000000000000e+05
2.008111700000000000e+07,4.650000000000000000e+02,5.000000000000000000e+02,4.550000000000000000e+02,4.750000000000000000e+02,9.868000000000000000e+05
2.008112400000000000e+07,4.650000000000000000e+02,5.250000000000000000e+02,4.650000000000000000e+02,5.000000000000000000e+02,7.639000000000000000e+05
2.008120100000000000e+07,5.200000000000000000e+02,5.200000000000000000e+02,4.710000000000000000e+02,4.850000000000000000e+02,7.969000000000000000e+05
2.008120800000000000e+07,5.100000000000000000e+02,5.200000000000000000e+02,4.600000000000000000e+02,4.775000000000000000e+02,1.029000000000000000e+05
2.008121500000000000e+07,4.900000000000000000e+02,5.000000000000000000e+02,4.550000000000000000e+02,4.850000000000000000e+02,1.256400000000000000e+06
2.008122200000000000e+07,4.700000000000000000e+02,4.800000000000000000e+02,4.675000000000000000e+02,4.700000000000000000e+02,3.210000000000000000e+04
2.008122900000000000e+07,4.900000000000000000e+02,5.050000000000000000e+02,4.800000000000000000e+02,4.850000000000000000e+02,1.256000000000000000e+05
2.009010500000000000e+07,4.900000000000000000e+02,5.300000000000000000e+02,4.660000000000000000e+02,4.675000000000000000e+02,2.628000000000000000e+05
2.009011200000000000e+07,4.800000000000000000e+02,4.900000000000000000e+02,4.500000000000000000e+02,4.800000000000000000e+02,3.492000000000000000e+05
2.009011900000000000e+07,5.000000000000000000e+02,5.000000000000000000e+02,4.600000000000000000e+02,4.925000000000000000e+02,4.573000000000000000e+05
2.009012600000000000e+07,4.950000000000000000e+02,5.090000000000000000e+02,4.750000000000000000e+02,5.025000000000000000e+02,9.342000000000000000e+05
2.009020200000000000e+07,5.050000000000000000e+02,5.500000000000000000e+02,4.900000000000000000e+02,5.450000000000000000e+02,5.803000000000000000e+05
2.009020900000000000e+07,5.500000000000000000e+02,6.200000000000000000e+02,5.400000000000000000e+02,5.900000000000000000e+02,2.832800000000000000e+06
2.009021600000000000e+07,5.700000000000000000e+02,6.050000000000000000e+02,5.300000000000000000e+02,5.500000000000000000e+02,1.923900000000000000e+06
2.009022300000000000e+07,5.600000000000000000e+02,5.800000000000000000e+02,5.300000000000000000e+02,5.300000000000000000e+02,8.940000000000000000e+04
2.009030200000000000e+07,5.300000000000000000e+02,5.700000000000000000e+02,5.000000000000000000e+02,5.275000000000000000e+02,1.744600000000000000e+06
2.009030900000000000e+07,5.500000000000000000e+02,5.800000000000000000e+02,5.200000000000000000e+02,5.650000000000000000e+02,1.709000000000000000e+06
2.009031600000000000e+07,5.650000000000000000e+02,6.350000000000000000e+02,5.650000000000000000e+02,6.075000000000000000e+02,9.283600000000000000e+06
2.009032300000000000e+07,6.200000000000000000e+02,6.400000000000000000e+02,5.750000000000000000e+02,6.050000000000000000e+02,3.250000000000000000e+05
2.009033000000000000e+07,6.200000000000000000e+02,6.200000000000000000e+02,5.660000000000000000e+02,5.890000000000000000e+02,2.688000000000000000e+05
2.009040600000000000e+07,5.850000000000000000e+02,6.450000000000000000e+02,5.800000000000000000e+02,6.295000000000000000e+02,4.907300000000000000e+06
2.009041300000000000e+07,6.295000000000000000e+02,6.400000000000000000e+02,6.000000000000000000e+02,6.300000000000000000e+02,1.041000000000000000e+06
2.009042000000000000e+07,6.300000000000000000e+02,6.500000000000000000e+02,6.000000000000000000e+02,6.400000000000000000e+02,1.010100000000000000e+06
2.009042700000000000e+07,6.300000000000000000e+02,7.250000000000000000e+02,6.200000000000000000e+02,6.900000000000000000e+02,7.987000000000000000e+05
2.009050400000000000e+07,6.900000000000000000e+02,7.200000000000000000e+02,6.200000000000000000e+02,6.200000000000000000e+02,2.184000000000000000e+05
2.009051100000000000e+07,6.800000000000000000e+02,7.145999755859375000e+02,6.260000000000000000e+02,6.900000000000000000e+02,1.067700000000000000e+06
2.009051800000000000e+07,7.150000000000000000e+02,7.200000000000000000e+02,6.500000000000000000e+02,6.550000000000000000e+02,4.329000000000000000e+05
2.009052500000000000e+07,6.550000000000000000e+02,6.895000000000000000e+02,6.255000000000000000e+02,6.650000000000000000e+02,1.241100000000000000e+06
2.009060100000000000e+07,6.550000000000000000e+02,6.850000000000000000e+02,6.250000000000000000e+02,6.400000000000000000e+02,2.637000000000000000e+05
2.009060800000000000e+07,6.600000000000000000e+02,6.733150024414062500e+02,5.850000000000000000e+02,6.100000000000000000e+02,1.188200000000000000e+06
2.009061500000000000e+07,6.000000000000000000e+02,6.600000000000000000e+02,5.700000000000000000e+02,6.540000000000000000e+02,6.695000000000000000e+05
2.009062200000000000e+07,6.550000000000000000e+02,7.200000000000000000e+02,6.300000000000000000e+02,6.975000000000000000e+02,4.286000000000000000e+05
2.009062900000000000e+07,6.750000000000000000e+02,7.200000000000000000e+02,6.650000000000000000e+02,6.875000000000000000e+02,6.112100000000000000e+06
2.009070600000000000e+07,7.150000000000000000e+02,7.150000000000000000e+02,6.450000000000000000e+02,6.500000000000000000e+02,1.819000000000000000e+05
2.009071300000000000e+07,6.620000000000000000e+02,7.170000000000000000e+02,6.500000000000000000e+02,6.950000000000000000e+02,3.536900000000000000e+06
2.009072000000000000e+07,7.000000000000000000e+02,7.755000000000000000e+02,6.950000000000000000e+02,7.400000000000000000e+02,5.431000000000000000e+05
2.009072700000000000e+07,7.650000000000000000e+02,7.895000000000000000e+02,7.260000000000000000e+02,7.500000000000000000e+02,8.671000000000000000e+05
2.009080300000000000e+07,7.600000000000000000e+02,7.850000000000000000e+02,7.400000000000000000e+02,7.620000000000000000e+02,6.904000000000000000e+05
2.009081000000000000e+07,7.590000000000000000e+02,7.600000000000000000e+02,7.150000000000000000e+02,7.400000000000000000e+02,1.433000000000000000e+05
2.009081700000000000e+07,7.300000000000000000e+02,7.400000000000000000e+02,7.150000000000000000e+02,7.150000000000000000e+02,7.640000000000000000e+04
2.009082400000000000e+07,7.240000000000000000e+02,9.745999755859375000e+02,7.135000000000000000e+02,7.135000000000000000e+02,1.620000000000000000e+04
2.009083100000000000e+07,7.135000000000000000e+02,7.525000000000000000e+02,6.910000000000000000e+02,7.200000000000000000e+02,2.140000000000000000e+04
2.009090700000000000e+07,7.200000000000000000e+02,8.850000000000000000e+02,7.200000000000000000e+02,8.020000000000000000e+02,3.470000000000000000e+04
2.009091400000000000e+07,8.390000000000000000e+02,8.495000000000000000e+02,7.850000000000000000e+02,8.250000000000000000e+02,2.420000000000000000e+04
2.009092100000000000e+07,8.300000000000000000e+02,9.745999755859375000e+02,8.200000000000000000e+02,8.500000000000000000e+02,1.400000000000000000e+04
2.009092800000000000e+07,8.795000000000000000e+02,8.900000000000000000e+02,8.265000000000000000e+02,8.360000000000000000e+02,1.460000000000000000e+04
2.009100500000000000e+07,8.700000000000000000e+02,9.250000000000000000e+02,8.500000000000000000e+02,8.600000000000000000e+02,6.530000000000000000e+04
2.009101200000000000e+07,8.700000000000000000e+02,9.500000000000000000e+02,8.550000000000000000e+02,9.500000000000000000e+02,3.400000000000000000e+04
2.009101900000000000e+07,9.190000000000000000e+02,9.590000000000000000e+02,9.100000000000000000e+02,9.470000000000000000e+02,4.720000000000000000e+04
2.009102600000000000e+07,9.400000000000000000e+02,9.500000000000000000e+02,9.010000000000000000e+02,9.350000000000000000e+02,8.350000000000000000e+04
2.009110200000000000e+07,9.450000000000000000e+02,9.550000000000000000e+02,9.000000000000000000e+02,9.040000000000000000e+02,6.900000000000000000e+04
2.009110900000000000e+07,9.200000000000000000e+02,9.300000000000000000e+02,9.000000000000000000e+02,9.100000000000000000e+02,2.860000000000000000e+04
2.009111600000000000e+07,9.140000000000000000e+02,9.200000000000000000e+02,9.010000000000000000e+02,9.150000000000000000e+02,1.460000000000000000e+04
2.009112300000000000e+07,9.290000000000000000e+02,9.290000000000000000e+02,9.100000000000000000e+02,9.100000000000000000e+02,3.850000000000000000e+04
2.009113000000000000e+07,9.100000000000000000e+02,9.745999755859375000e+02,9.100000000000000000e+02,9.210000000000000000e+02,3.820000000000000000e+04
2.009120700000000000e+07,9.200000000000000000e+02,9.745999755859375000e+02,9.200000000000000000e+02,9.500000000000000000e+02,3.230000000000000000e+04
2.009121400000000000e+07,9.395000000000000000e+02,1.000000000000000000e+03,9.395000000000000000e+02,9.950000000000000000e+02,1.220000000000000000e+05
2.009122100000000000e+07,9.600000000000000000e+02,1.000000000000000000e+03,9.200000000000000000e+02,9.235000000000000000e+02,4.800000000000000000e+04
2.010010400000000000e+07,9.750000000000000000e+02,9.900000000000000000e+02,9.250000000000000000e+02,9.650000000000000000e+02,7.716000000000000000e+05
2.010011100000000000e+07,9.725000000000000000e+02,9.900000000000000000e+02,9.243150024414062500e+02,9.850000000000000000e+02,6.803000000000000000e+05
2.010011800000000000e+07,9.800000000000000000e+02,9.900000000000000000e+02,9.162999877929687500e+02,9.900000000000000000e+02,4.894000000000000000e+05
2.010012500000000000e+07,9.900000000000000000e+02,1.105000000000000000e+03,9.674149780273437500e+02,1.095000000000000000e+03,4.106600000000000000e+06
2.010020100000000000e+07,1.085000000000000000e+03,1.247000000000000000e+03,1.046800048828125000e+03,1.060000000000000000e+03,1.968100000000000000e+06
2.010020800000000000e+07,1.072000000000000000e+03,1.081885009765625000e+03,1.010000000000000000e+03,1.050000000000000000e+03,5.927000000000000000e+05
2.010021500000000000e+07,1.069000000000000000e+03,1.091515014648437500e+03,1.042000000000000000e+03,1.075000000000000000e+03,5.894000000000000000e+05
2.010022200000000000e+07,1.080000000000000000e+03,1.099000000000000000e+03,1.035000000000000000e+03,1.050000000000000000e+03,3.213000000000000000e+05
2.010030100000000000e+07,1.037000000000000000e+03,1.188000000000000000e+03,1.030000000000000000e+03,1.188000000000000000e+03,1.715900000000000000e+06
2.010030800000000000e+07,1.080000000000000000e+03,1.159599975585937500e+03,1.013500000000000000e+03,1.140000000000000000e+03,4.966500000000000000e+06
2.010031500000000000e+07,1.160000000000000000e+03,1.220000000000000000e+03,1.114765014648437500e+03,1.173000000000000000e+03,9.322100000000000000e+06
2.010032200000000000e+07,1.160000000000000000e+03,1.250000000000000000e+03,1.145000000000000000e+03,1.212000000000000000e+03,1.613300000000000000e+06
2.010032900000000000e+07,1.235000000000000000e+03,1.285000000000000000e+03,1.188510009765625000e+03,1.247000000000000000e+03,1.266500000000000000e+06
2.010040500000000000e+07,1.247000000000000000e+03,1.259000000000000000e+03,1.212000000000000000e+03,1.232000000000000000e+03,9.343000000000000000e+05
2.010041200000000000e+07,1.245000000000000000e+03,1.270000000000000000e+03,1.200000000000000000e+03,1.200000000000000000e+03,3.433500000000000000e+06
2.010041900000000000e+07,1.200000000000000000e+03,1.258000000000000000e+03,1.172069946289062500e+03,1.212000000000000000e+03,3.888000000000000000e+05
2.010042600000000000e+07,1.219000000000000000e+03,1.220000000000000000e+03,1.163469970703125000e+03,1.188000000000000000e+03,7.944000000000000000e+05
2.010050300000000000e+07,1.188000000000000000e+03,1.247000000000000000e+03,1.130000000000000000e+03,1.205000000000000000e+03,8.099000000000000000e+05
2.010051000000000000e+07,1.230000000000000000e+03,1.230000000000000000e+03,1.187000000000000000e+03,1.210000000000000000e+03,5.684000000000000000e+05
2.010051700000000000e+07,1.182000000000000000e+03,1.219000000000000000e+03,1.152900024414062500e+03,1.200000000000000000e+03,7.621000000000000000e+05
2.010052400000000000e+07,1.150000000000000000e+03,1.415000000000000000e+03,1.150000000000000000e+03,1.328000000000000000e+03,8.720000000000000000e+05
2.010053100000000000e+07,1.328000000000000000e+03,1.390000000000000000e+03,1.257579956054687500e+03,1.290000000000000000e+03,7.000000000000000000e+05
2.010060700000000000e+07,1.275000000000000000e+03,1.289000000000000000e+03,1.167000000000000000e+03,1.240000000000000000e+03,2.270500000000000000e+06
2.010061400000000000e+07,1.236000000000000000e+03,1.240000000000000000e+03,1.183000000000000000e+03,1.187000000000000000e+03,3.748000000000000000e+05
2.010062100000000000e+07,1.160000000000000000e+03,1.265000000000000000e+03,1.160000000000000000e+03,1.260000000000000000e+03,1.889700000000000000e+06
2.010062800000000000e+07,1.250000000000000000e+03,1.256760009765625000e+03,1.188000000000000000e+03,1.235000000000000000e+03,1.018300000000000000e+06
2.010070500000000000e+07,1.230000000000000000e+03,1.340000000000000000e+03,1.209349975585937500e+03,1.332000000000000000e+03,6.609000000000000000e+05
2.010071200000000000e+07,1.334000000000000000e+03,1.420000000000000000e+03,1.324550048828125000e+03,1.385000000000000000e+03,3.383300000000000000e+06
2.010071900000000000e+07,1.411000000000000000e+03,1.576000000000000000e+03,1.380000000000000000e+03,1.550000000000000000e+03,1.454100000000000000e+06
2.010072600000000000e+07,1.567000000000000000e+03,1.575000000000000000e+03,1.484959960937500000e+03,1.520000000000000000e+03,7.832000000000000000e+05
2.010080200000000000e+07,1.520000000000000000e+03,1.550000000000000000e+03,1.493000000000000000e+03,1.537000000000000000e+03,1.329800000000000000e+06
2.010080900000000000e+07,1.517000000000000000e+03,1.536000000000000000e+03,1.480000000000000000e+03,1.517000000000000000e+03,9.881000000000000000e+05
2.010081600000000000e+07,1.520000000000000000e+03,1.550000000000000000e+03,1.505000000000000000e+03,1.535000000000000000e+03,7.632000000000000000e+05
2.010082300000000000e+07,1.534000000000000000e+03,1.565000000000000000e+03,1.487800048828125000e+03,1.560000000000000000e+03,8.927000000000000000e+05
2.010083000000000000e+07,1.560000000000000000e+03,1.712400024414062500e+03,1.534000000000000000e+03,1.690000000000000000e+03,1.824100000000000000e+06
2.010090600000000000e+07,1.680000000000000000e+03,1.695000000000000000e+03,1.546000000000000000e+03,1.663000000000000000e+03,2.085000000000000000e+06
2.010091300000000000e+07,1.640000000000000000e+03,1.788000000000000000e+03,1.605239990234375000e+03,1.750000000000000000e+03,3.331300000000000000e+06
2.010092000000000000e+07,1.750000000000000000e+03,1.771000000000000000e+03,1.691000000000000000e+03,1.726000000000000000e+03,1.693500000000000000e+06
2.010092700000000000e+07,1.715000000000000000e+03,1.757000000000000000e+03,1.695000000000000000e+03,1.711000000000000000e+03,9.561000000000000000e+05
2.010100400000000000e+07,1.722000000000000000e+03,1.732750000000000000e+03,1.616000000000000000e+03,1.620000000000000000e+03,6.674000000000000000e+05
2.010101100000000000e+07,1.610000000000000000e+03,1.710000000000000000e+03,1.610000000000000000e+03,1.650000000000000000e+03,4.333000000000000000e+05
2.010101800000000000e+07,1.666000000000000000e+03,1.675000000000000000e+03,1.625000000000000000e+03,1.674000000000000000e+03,6.222000000000000000e+05
2.010102500000000000e+07,1.677000000000000000e+03,1.720000000000000000e+03,1.658420043945312500e+03,1.720000000000000000e+03,7.436000000000000000e+05
2.010110100000000000e+07,1.740000000000000000e+03,1.740000000000000000e+03,1.695000000000000000e+03,1.702000000000000000e+03,5.505000000000000000e+05
2.010110800000000000e+07,1.696000000000000000e+03,1.719250000000000000e+03,1.650000000000000000e+03,1.675000000000000000e+03,6.446000000000000000e+05
2.010111500000000000e+07,3.230000000000000000e+02,3.420000000000000000e+02,3.200000000000000000e+02,3.315000000000000000e+02,1.694000000000000000e+06
2.010112200000000000e+07,3.320000000000000000e+02,3.525000000000000000e+02,3.160000000000000000e+02,3.342500000000000000e+02,1.544900000000000000e+06
2.010112900000000000e+07,3.352500000000000000e+02,3.991229858398437500e+02,3.280000000000000000e+02,3.677500000000000000e+02,4.343600000000000000e+06
2.010120600000000000e+07,3.650000000000000000e+02,3.720000000000000000e+02,3.490000000000000000e+02,3.607500000000000000e+02,4.395000000000000000e+05
2.010121300000000000e+07,3.600000000000000000e+02,3.930000000000000000e+02,3.572500000000000000e+02,3.930000000000000000e+02,1.487200000000000000e+06
2.010122000000000000e+07,3.897500000000000000e+02,3.930000000000000000e+02,2.875000000000000000e+02,3.240000000000000000e+02,5.612600000000000000e+06
2.010122700000000000e+07,3.240000000000000000e+02,3.350000000000000000e+02,3.107500000000000000e+02,3.140000000000000000e+02,6.918000000000000000e+05
2.011011000000000000e+07,3.092500000000000000e+02,3.293479919433593750e+02,3.065849914550781250e+02,3.265000000000000000e+02,1.225800000000000000e+06
2.011011700000000000e+07,3.267500000000000000e+02,3.418999938964843750e+02,3.195000000000000000e+02,3.287500000000000000e+02,8.130000000000000000e+05
2.011012400000000000e+07,3.210000000000000000e+02,3.335000000000000000e+02,3.160000000000000000e+02,3.300000000000000000e+02,3.050000000000000000e+05
2.011013100000000000e+07,3.300000000000000000e+02,3.450000000000000000e+02,3.250000000000000000e+02,3.420000000000000000e+02,2.706700000000000000e+06
2.011020700000000000e+07,3.370000000000000000e+02,3.570000000000000000e+02,3.367500000000000000e+02,3.460000000000000000e+02,7.177000000000000000e+05
2.011021400000000000e+07,3.469399999999999977e+02,3.622330017089843750e+02,3.405830078125000000e+02,3.470000000000000000e+02,2.406000000000000000e+05
2.011022100000000000e+07,3.460000000000000000e+02,3.580000000000000000e+02,3.400000000000000000e+02,3.500000000000000000e+02,1.559700000000000000e+06
2.011022800000000000e+07,3.457500000000000000e+02,3.780000000000000000e+02,3.422500000000000000e+02,3.740000000000000000e+02,5.123400000000000000e+06
2.011030700000000000e+07,3.700000000000000000e+02,4.380000000000000000e+02,3.680000000000000000e+02,3.897500000000000000e+02,1.799000000000000000e+06
2.011031400000000000e+07,3.902500000000000000e+02,3.902500000000000000e+02,3.400000000000000000e+02,3.745000000000000000e+02,1.093900000000000000e+06
2.011032100000000000e+07,3.732500000000000000e+02,3.850000000000000000e+02,3.170000000000000000e+02,3.660000000000000000e+02,1.502600000000000000e+06
2.011032800000000000e+07,3.730000000000000000e+02,3.847500000000000000e+02,3.645000000000000000e+02,3.755000000000000000e+02,1.801300000000000000e+06
2.011040400000000000e+07,3.800000000000000000e+02,3.900000000000000000e+02,3.615000000000000000e+02,3.622500000000000000e+02,2.661600000000000000e+06
2.011041100000000000e+07,3.690380000000000109e+02,4.000000000000000000e+02,3.640000000000000000e+02,3.872500000000000000e+02,1.727800000000000000e+06
2.011041800000000000e+07,3.982500000000000000e+02,3.997500000000000000e+02,3.805000000000000000e+02,3.932500000000000000e+02,1.277600000000000000e+06
2.011050900000000000e+07,3.817500000000000000e+02,4.020000000000000000e+02,3.817500000000000000e+02,3.942500000000000000e+02,5.592000000000000000e+05
2.011051600000000000e+07,3.952500000000000000e+02,4.050000000000000000e+02,3.892500000000000000e+02,4.050000000000000000e+02,1.091900000000000000e+06
2.011052300000000000e+07,4.005000000000000000e+02,4.377500000000000000e+02,3.930000000000000000e+02,4.260000000000000000e+02,5.012700000000000000e+06
2.011060600000000000e+07,4.257500000000000000e+02,4.287709960937500000e+02,4.155400085449218750e+02,4.230000000000000000e+02,2.189700000000000000e+06
2.011061300000000000e+07,4.157500000000000000e+02,4.230000000000000000e+02,4.120000000000000000e+02,4.200000000000000000e+02,1.436800000000000000e+06
2.011062000000000000e+07,4.195000000000000000e+02,4.215000000000000000e+02,4.061199951171875000e+02,4.090000000000000000e+02,9.076000000000000000e+05
2.011062700000000000e+07,4.080000000000000000e+02,4.400000000000000000e+02,4.067500000000000000e+02,4.380000000000000000e+02,1.924400000000000000e+06
2.011070400000000000e+07,4.400000000000000000e+02,4.697500000000000000e+02,4.337500000000000000e+02,4.337500000000000000e+02,1.240200000000000000e+06
2.011071100000000000e+07,4.310000000000000000e+02,4.402149963378906250e+02,4.047500000000000000e+02,4.070000000000000000e+02,1.303300000000000000e+06
2.011071800000000000e+07,4.115000000000000000e+02,4.220000000000000000e+02,3.999240112304687500e+02,4.135000000000000000e+02,2.166300000000000000e+06
2.011072500000000000e+07,4.150000000000000000e+02,4.187500000000000000e+02,3.942500000000000000e+02,4.000000000000000000e+02,1.061800000000000000e+06
2.011080100000000000e+07,4.042500000000000000e+02,4.042500000000000000e+02,3.488410034179687500e+02,3.535000000000000000e+02,2.127100000000000000e+06
2.011080800000000000e+07,3.467500000000000000e+02,3.660000000000000000e+02,3.135000000000000000e+02,3.512500000000000000e+02,2.176100000000000000e+06
2.011081500000000000e+07,3.500000000000000000e+02,3.709750061035156250e+02,3.186390075683593750e+02,3.287500000000000000e+02,1.244800000000000000e+06
2.011082200000000000e+07,3.297500000000000000e+02,3.437500000000000000e+02,3.227500000000000000e+02,3.327500000000000000e+02,1.436400000000000000e+06
2.011090500000000000e+07,3.580000000000000000e+02,3.607500000000000000e+02,3.462090148925781250e+02,3.512500000000000000e+02,1.744300000000000000e+06
2.011091200000000000e+07,3.522500000000000000e+02,3.750000000000000000e+02,3.347500000000000000e+02,3.700000000000000000e+02,3.253600000000000000e+06
2.011091900000000000e+07,3.735000000000000000e+02,3.747500000000000000e+02,3.371250000000000000e+02,3.512500000000000000e+02,2.354900000000000000e+06
2.011092600000000000e+07,3.520000000000000000e+02,3.650000000000000000e+02,3.440000000000000000e+02,3.625000000000000000e+02,2.030400000000000000e+06
2.011100300000000000e+07,3.635000000000000000e+02,3.682500000000000000e+02,3.265000000000000000e+02,3.325000000000000000e+02,6.979500000000000000e+06
2.011101000000000000e+07,3.360000000000000000e+02,3.507500000000000000e+02,3.285000000000000000e+02,3.480000000000000000e+02,2.538700000000000000e+06
2.011101700000000000e+07,3.467500000000000000e+02,3.530000000000000000e+02,3.170000000000000000e+02,3.320000000000000000e+02,1.839600000000000000e+06
2.011102400000000000e+07,3.297500000000000000e+02,3.750000000000000000e+02,3.250000000000000000e+02,3.705000000000000000e+02,1.444100000000000000e+06
2.011103100000000000e+07,3.717500000000000000e+02,4.500000000000000000e+02,3.477500000000000000e+02,3.565000000000000000e+02,1.192100000000000000e+06
2.011110700000000000e+07,3.572500000000000000e+02,3.650000000000000000e+02,3.515000000000000000e+02,3.597500000000000000e+02,1.597900000000000000e+06
2.011111400000000000e+07,3.640000000000000000e+02,3.640000000000000000e+02,3.500000000000000000e+02,3.550000000000000000e+02,7.885000000000000000e+05
2.011112100000000000e+07,3.500000000000000000e+02,3.550000000000000000e+02,3.337380065917968750e+02,3.342500000000000000e+02,1.093900000000000000e+06
2.011112800000000000e+07,3.357500000000000000e+02,3.629020080566406250e+02,3.330000000000000000e+02,3.442500000000000000e+02,9.958000000000000000e+05
2.011120500000000000e+07,3.430000000000000000e+02,3.600000000000000000e+02,3.430000000000000000e+02,3.570000000000000000e+02,1.010500000000000000e+06
2.011121200000000000e+07,3.600000000000000000e+02,3.600000000000000000e+02,3.307500000000000000e+02,3.520000000000000000e+02,2.303200000000000000e+06
2.011121900000000000e+07,3.440000000000000000e+02,3.755000000000000000e+02,3.430000000000000000e+02,3.597500000000000000e+02,6.042000000000000000e+05
2.011122600000000000e+07,3.597500000000000000e+02,3.730000000000000000e+02,3.525000000000000000e+02,3.650000000000000000e+02,2.585000000000000000e+05
2.012010200000000000e+07,3.650000000000000000e+02,3.820000000000000000e+02,3.615000000000000000e+02,3.697500000000000000e+02,5.813000000000000000e+05
2.012010900000000000e+07,3.745000000000000000e+02,3.849500122070312500e+02,3.500000000000000000e+02,3.500000000000000000e+02,1.328200000000000000e+06
2.012011600000000000e+07,3.600000000000000000e+02,3.600000000000000000e+02,3.330000000000000000e+02,3.430000000000000000e+02,1.899500000000000000e+06
2.012012300000000000e+07,3.412500000000000000e+02,3.492500000000000000e+02,3.310000000000000000e+02,3.397500000000000000e+02,2.476100000000000000e+06
2.012013000000000000e+07,3.352500000000000000e+02,3.442500000000000000e+02,3.262500000000000000e+02,3.340000000000000000e+02,2.203700000000000000e+06
2.012020600000000000e+07,3.310000000000000000e+02,3.387500000000000000e+02,3.255000000000000000e+02,3.342500000000000000e+02,9.794000000000000000e+05
2.012021300000000000e+07,3.350000000000000000e+02,3.387500000000000000e+02,3.252500000000000000e+02,3.285000000000000000e+02,1.632400000000000000e+06
2.012022000000000000e+07,3.270000000000000000e+02,3.475000000000000000e+02,3.206499938964843750e+02,3.400000000000000000e+02,2.851400000000000000e+06
2.012022700000000000e+07,3.397500000000000000e+02,3.447500000000000000e+02,3.250000000000000000e+02,3.322500000000000000e+02,9.261000000000000000e+05
2.012030500000000000e+07,3.320000000000000000e+02,3.645000000000000000e+02,3.320000000000000000e+02,3.440000000000000000e+02,3.103700000000000000e+06
2.012031200000000000e+07,3.417500000000000000e+02,3.487500000000000000e+02,3.350000000000000000e+02,3.417500000000000000e+02,6.152400000000000000e+06
2.012031900000000000e+07,3.407500000000000000e+02,3.542500000000000000e+02,3.395499877929687500e+02,3.477500000000000000e+02,2.156400000000000000e+06
2.012032600000000000e+07,3.500000000000000000e+02,3.580000000000000000e+02,3.444750061035156250e+02,3.490000000000000000e+02,2.248700000000000000e+06
2.012040200000000000e+07,3.542500000000000000e+02,3.695000000000000000e+02,3.520000000000000000e+02,3.585000000000000000e+02,1.764500000000000000e+06
2.012040900000000000e+07,3.585000000000000000e+02,3.680000000000000000e+02,3.530000000000000000e+02,3.600000000000000000e+02,9.854000000000000000e+05
2.012041600000000000e+07,3.610000000000000000e+02,3.680000000000000000e+02,3.507099914550781250e+02,3.560000000000000000e+02,1.577400000000000000e+06
2.012042300000000000e+07,3.557500000000000000e+02,3.765000000000000000e+02,3.515079956054687500e+02,3.712500000000000000e+02,1.556700000000000000e+06
2.012043000000000000e+07,3.747500000000000000e+02,3.787500000000000000e+02,3.662950134277343750e+02,3.725000000000000000e+02,1.626400000000000000e+06
2.012050700000000000e+07,3.725000000000000000e+02,3.810000000000000000e+02,3.630000000000000000e+02,3.805000000000000000e+02,1.372500000000000000e+06
2.012051400000000000e+07,3.797500000000000000e+02,3.847500000000000000e+02,3.752500000000000000e+02,3.790000000000000000e+02,2.094000000000000000e+06
2.012052100000000000e+07,3.797500000000000000e+02,3.900000000000000000e+02,3.697500000000000000e+02,3.877500000000000000e+02,1.363500000000000000e+06
2.012052800000000000e+07,3.910000000000000000e+02,3.997500000000000000e+02,3.820000000000000000e+02,3.845000000000000000e+02,1.148000000000000000e+06
2.012060400000000000e+07,3.845000000000000000e+02,3.970000000000000000e+02,3.800000000000000000e+02,3.917500000000000000e+02,1.315800000000000000e+06
2.012061100000000000e+07,3.950000000000000000e+02,4.097500000000000000e+02,3.870000000000000000e+02,4.042500000000000000e+02,1.472800000000000000e+06
2.012061800000000000e+07,4.082500000000000000e+02,4.257500000000000000e+02,4.050000000000000000e+02,4.165000000000000000e+02,2.108400000000000000e+06
2.012062500000000000e+07,4.185000000000000000e+02,4.297500000000000000e+02,4.090000000000000000e+02,4.172500000000000000e+02,9.442000000000000000e+05
2.012070200000000000e+07,4.207500000000000000e+02,4.250000000000000000e+02,4.115000000000000000e+02,4.247500000000000000e+02,3.864200000000000000e+06
2.012070900000000000e+07,4.250000000000000000e+02,4.340000000000000000e+02,4.160000000000000000e+02,4.192500000000000000e+02,1.133700000000000000e+06
2.012071600000000000e+07,4.210000000000000000e+02,4.270000000000000000e+02,4.157500000000000000e+02,4.175000000000000000e+02,1.077900000000000000e+06
2.012072300000000000e+07,4.190000000000000000e+02,4.190000000000000000e+02,3.900000000000000000e+02,4.015000000000000000e+02,3.899800000000000000e+06
2.012073000000000000e+07,3.997500000000000000e+02,4.097500000000000000e+02,3.952500000000000000e+02,4.070000000000000000e+02,1.791600000000000000e+06
2.012080600000000000e+07,4.060000000000000000e+02,4.207500000000000000e+02,4.027500000000000000e+02,4.132500000000000000e+02,3.437000000000000000e+05
2.012081300000000000e+07,4.102500000000000000e+02,4.125000000000000000e+02,3.907500000000000000e+02,3.920000000000000000e+02,1.024700000000000000e+06
2.012082000000000000e+07,3.957500000000000000e+02,4.030000000000000000e+02,3.790000000000000000e+02,3.800000000000000000e+02,1.391000000000000000e+06
2.012082700000000000e+07,3.800000000000000000e+02,4.075000000000000000e+02,3.690000000000000000e+02,4.075000000000000000e+02,2.101900000000000000e+06
2.012090300000000000e+07,3.932500000000000000e+02,4.270000000000000000e+02,3.879129943847656250e+02,4.220000000000000000e+02,3.180100000000000000e+06
2.012091000000000000e+07,4.177500000000000000e+02,4.280000000000000000e+02,4.122500000000000000e+02,4.122500000000000000e+02,6.272900000000000000e+06
2.012091700000000000e+07,4.070000000000000000e+02,4.180000000000000000e+02,3.970000000000000000e+02,4.010000000000000000e+02,8.744900000000000000e+06
2.012092400000000000e+07,3.965000000000000000e+02,4.027500000000000000e+02,3.927500000000000000e+02,4.017500000000000000e+02,1.082600000000000000e+06
2.012100100000000000e+07,3.970000000000000000e+02,4.097500000000000000e+02,3.950000000000000000e+02,4.050000000000000000e+02,2.100800000000000000e+06
2.012100800000000000e+07,4.010000000000000000e+02,4.047500000000000000e+02,3.807500000000000000e+02,3.850000000000000000e+02,1.273400000000000000e+06
2.012101500000000000e+07,3.880000000000000000e+02,3.960000000000000000e+02,3.750000000000000000e+02,3.920000000000000000e+02,4.547000000000000000e+06
2.012102200000000000e+07,3.870000000000000000e+02,3.897500000000000000e+02,3.760000000000000000e+02,3.842500000000000000e+02,2.113300000000000000e+06
2.012102900000000000e+07,3.770000000000000000e+02,3.932500000000000000e+02,3.730000000000000000e+02,3.897500000000000000e+02,1.361000000000000000e+06
2.012110500000000000e+07,3.907500000000000000e+02,3.907500000000000000e+02,3.667500000000000000e+02,3.780000000000000000e+02,2.138200000000000000e+06
2.012111200000000000e+07,3.782500000000000000e+02,3.844989929199218750e+02,3.587380065917968750e+02,3.610000000000000000e+02,2.599600000000000000e+06
2.012111900000000000e+07,3.640000000000000000e+02,3.693850097656250000e+02,3.566499938964843750e+02,3.617500000000000000e+02,1.043100000000000000e+06
2.012112600000000000e+07,3.615000000000000000e+02,3.662500000000000000e+02,3.525000000000000000e+02,3.602500000000000000e+02,1.943900000000000000e+06
2.012120300000000000e+07,3.560000000000000000e+02,3.757500000000000000e+02,3.530000000000000000e+02,3.722500000000000000e+02,2.651500000000000000e+06
2.012121000000000000e+07,3.700000000000000000e+02,3.997500000000000000e+02,3.700000000000000000e+02,3.955000000000000000e+02,4.687400000000000000e+06
2.012121700000000000e+07,4.000000000000000000e+02,4.032500000000000000e+02,3.872500000000000000e+02,3.920000000000000000e+02,9.225000000000000000e+05
2.012122400000000000e+07,3.865000000000000000e+02,3.912500000000000000e+02,3.800000000000000000e+02,3.800000000000000000e+02,1.964000000000000000e+05
2.012123100000000000e+07,3.800000000000000000e+02,3.937500000000000000e+02,3.750000000000000000e+02,3.765000000000000000e+02,1.220800000000000000e+06
2.013010700000000000e+07,3.752500000000000000e+02,3.800000000000000000e+02,3.547500000000000000e+02,3.650000000000000000e+02,1.169600000000000000e+07
2.013011400000000000e+07,3.672500000000000000e+02,3.730000000000000000e+02,3.610000000000000000e+02,3.655000000000000000e+02,2.308900000000000000e+06
2.013012100000000000e+07,3.680000000000000000e+02,4.025000000000000000e+02,3.622500000000000000e+02,3.967500000000000000e+02,2.743400000000000000e+06
2.013012800000000000e+07,3.967500000000000000e+02,3.972500000000000000e+02,3.855000000000000000e+02,3.930000000000000000e+02,2.000800000000000000e+06
2.013020400000000000e+07,3.930000000000000000e+02,3.995000000000000000e+02,3.900000000000000000e+02,3.925000000000000000e+02,1.224500000000000000e+06
2.013021100000000000e+07,3.912500000000000000e+02,4.047500000000000000e+02,3.858500061035156250e+02,4.005000000000000000e+02,3.313900000000000000e+06
2.013021800000000000e+07,4.030000000000000000e+02,4.197500000000000000e+02,4.017500000000000000e+02,4.135000000000000000e+02,1.724500000000000000e+06
2.013022500000000000e+07,4.105000000000000000e+02,4.290000000000000000e+02,4.060000000000000000e+02,4.270000000000000000e+02,2.023000000000000000e+06
2.013030400000000000e+07,4.312500000000000000e+02,4.480000000000000000e+02,4.250000000000000000e+02,4.457500000000000000e+02,3.338600000000000000e+06
2.013031100000000000e+07,4.455000000000000000e+02,6.452500000000000000e+02,4.411539916992187500e+02,4.737500000000000000e+02,2.183100000000000000e+06
2.013031800000000000e+07,4.680000000000000000e+02,4.720100097656250000e+02,4.310000000000000000e+02,4.480000000000000000e+02,5.740600000000000000e+06
2.013032500000000000e+07,4.450000000000000000e+02,4.505000000000000000e+02,4.390000000000000000e+02,4.475000000000000000e+02,9.035000000000000000e+05
2.013040100000000000e+07,4.475000000000000000e+02,4.550000000000000000e+02,4.330000000000000000e+02,4.332500000000000000e+02,1.404700000000000000e+06
2.013040800000000000e+07,4.372500000000000000e+02,4.457500000000000000e+02,4.260000000000000000e+02,4.380000000000000000e+02,1.230200000000000000e+06
2.013041500000000000e+07,4.400000000000000000e+02,4.422500000000000000e+02,4.242500000000000000e+02,4.267500000000000000e+02,9.546000000000000000e+05
2.013042200000000000e+07,4.257500000000000000e+02,4.287500000000000000e+02,4.150000000000000000e+02,4.282500000000000000e+02,1.028600000000000000e+06
2.013042900000000000e+07,4.250000000000000000e+02,4.577500000000000000e+02,4.245000000000000000e+02,4.522500000000000000e+02,1.382900000000000000e+06
2.013050600000000000e+07,4.522500000000000000e+02,4.587500000000000000e+02,4.452500000000000000e+02,4.517500000000000000e+02,1.556900000000000000e+06
2.013051300000000000e+07,4.492500000000000000e+02,4.590000000000000000e+02,4.382500000000000000e+02,4.500000000000000000e+02,6.326000000000000000e+05
2.013052000000000000e+07,4.560000000000000000e+02,4.560000000000000000e+02,4.400000000000000000e+02,4.435000000000000000e+02,5.533000000000000000e+05
2.013052700000000000e+07,4.435000000000000000e+02,4.515429992675781250e+02,4.352500000000000000e+02,4.515000000000000000e+02,7.549000000000000000e+05
2.013060300000000000e+07,4.490000000000000000e+02,4.510000000000000000e+02,4.202500000000000000e+02,4.250000000000000000e+02,7.520000000000000000e+05
2.013061000000000000e+07,4.240000000000000000e+02,4.372500000000000000e+02,4.200000000000000000e+02,4.250000000000000000e+02,8.662000000000000000e+05
2.013061700000000000e+07,4.245000000000000000e+02,4.315000000000000000e+02,3.905000000000000000e+02,4.302500000000000000e+02,2.325700000000000000e+06
2.013062400000000000e+07,4.267500000000000000e+02,4.535000000000000000e+02,4.180000000000000000e+02,4.535000000000000000e+02,1.570000000000000000e+06
2.013070100000000000e+07,4.522500000000000000e+02,4.600000000000000000e+02,4.385000000000000000e+02,4.542500000000000000e+02,1.107400000000000000e+06
2.013070800000000000e+07,4.505000000000000000e+02,4.532879943847656250e+02,4.410000000000000000e+02,4.480000000000000000e+02,3.505000000000000000e+05
2.013071500000000000e+07,4.445000000000000000e+02,4.547500000000000000e+02,4.412500000000000000e+02,4.532500000000000000e+02,9.800000000000000000e+05
2.013072200000000000e+07,4.517500000000000000e+02,4.765000000000000000e+02,4.480000000000000000e+02,4.650000000000000000e+02,1.604600000000000000e+06
2.013072900000000000e+07,4.697500000000000000e+02,4.800000000000000000e+02,4.627500000000000000e+02,4.710000000000000000e+02,1.056700000000000000e+06
2.013080500000000000e+07,4.725000000000000000e+02,4.777500000000000000e+02,4.632500000000000000e+02,4.757500000000000000e+02,5.944000000000000000e+05
2.013081200000000000e+07,4.800000000000000000e+02,4.812500000000000000e+02,4.526300048828125000e+02,4.637500000000000000e+02,6.605000000000000000e+05
2.013081900000000000e+07,4.622500000000000000e+02,4.637999877929687500e+02,4.401199951171875000e+02,4.480000000000000000e+02,1.725700000000000000e+06
2.013082600000000000e+07,4.480000000000000000e+02,4.600000000000000000e+02,4.352500000000000000e+02,4.500000000000000000e+02,1.551500000000000000e+06
2.013090200000000000e+07,4.530000000000000000e+02,4.765000000000000000e+02,4.480000000000000000e+02,4.725000000000000000e+02,6.184000000000000000e+05
2.013090900000000000e+07,4.715000000000000000e+02,4.914700012207031250e+02,4.640000000000000000e+02,4.700000000000000000e+02,2.183500000000000000e+06
2.013091600000000000e+07,4.700000000000000000e+02,4.997500000000000000e+02,4.675950012207031250e+02,4.880000000000000000e+02,2.114300000000000000e+06
2.013092300000000000e+07,4.872500000000000000e+02,5.085000000000000000e+02,4.802500000000000000e+02,5.070000000000000000e+02,9.683000000000000000e+05
2.013093000000000000e+07,5.040000000000000000e+02,5.200000000000000000e+02,4.980000000000000000e+02,5.070000000000000000e+02,3.282300000000000000e+06
2.013100700000000000e+07,5.075000000000000000e+02,5.250000000000000000e+02,5.075000000000000000e+02,5.160000000000000000e+02,4.444800000000000000e+06
2.013101400000000000e+07,5.150000000000000000e+02,5.165000000000000000e+02,5.065000000000000000e+02,5.130000000000000000e+02,1.881200000000000000e+06
2.013102100000000000e+07,5.145000000000000000e+02,5.270000000000000000e+02,5.010000000000000000e+02,5.095000000000000000e+02,1.708900000000000000e+06
2.013102800000000000e+07,5.095000000000000000e+02,5.135000000000000000e+02,4.980000000000000000e+02,4.995000000000000000e+02,1.855400000000000000e+06
2.013110400000000000e+07,5.000000000000000000e+02,5.020000000000000000e+02,4.687500000000000000e+02,4.820000000000000000e+02,1.583600000000000000e+06
2.013111100000000000e+07,4.800000000000000000e+02,4.800000000000000000e+02,4.485000000000000000e+02,4.647500000000000000e+02,2.373300000000000000e+06
2.013111800000000000e+07,4.655000000000000000e+02,4.720000000000000000e+02,4.587500000000000000e+02,4.640000000000000000e+02,1.214300000000000000e+06
2.013112500000000000e+07,4.657500000000000000e+02,4.760000000000000000e+02,4.635000000000000000e+02,4.760000000000000000e+02,1.570000000000000000e+06
2.013120200000000000e+07,4.750000000000000000e+02,4.885000000000000000e+02,4.725249938964843750e+02,4.750000000000000000e+02,1.269000000000000000e+06
2.013120900000000000e+07,4.797500000000000000e+02,4.807500000000000000e+02,4.660000000000000000e+02,4.687500000000000000e+02,1.526300000000000000e+06
2.013121600000000000e+07,4.675000000000000000e+02,4.840000000000000000e+02,4.641000061035156250e+02,4.830000000000000000e+02,2.092100000000000000e+06
2.013122300000000000e+07,4.840000000000000000e+02,5.015000000000000000e+02,4.792500000000000000e+02,4.900000000000000000e+02,5.053000000000000000e+05
2.013123000000000000e+07,4.862500000000000000e+02,5.090000000000000000e+02,4.855000000000000000e+02,5.090000000000000000e+02,8.331000000000000000e+05
2.014010600000000000e+07,5.060000000000000000e+02,5.090000000000000000e+02,4.975000000000000000e+02,5.045000000000000000e+02,8.100000000000000000e+05
2.014011300000000000e+07,5.030000000000000000e+02,5.087799987792968750e+02,5.000000000000000000e+02,5.045000000000000000e+02,1.658000000000000000e+06
2.014012000000000000e+07,5.020000000000000000e+02,5.140000000000000000e+02,4.918720092773437500e+02,4.960000000000000000e+02,2.896100000000000000e+06
2.014012700000000000e+07,4.945000000000000000e+02,5.338499755859375000e+02,4.940000000000000000e+02,5.200000000000000000e+02,6.239000000000000000e+06
2.014020300000000000e+07,5.200000000000000000e+02,5.210000000000000000e+02,4.967500000000000000e+02,5.000000000000000000e+02,5.661100000000000000e+06
2.014021000000000000e+07,5.000000000000000000e+02,5.000000000000000000e+02,4.900000000000000000e+02,4.952500000000000000e+02,1.439300000000000000e+06
2.014021700000000000e+07,4.977500000000000000e+02,5.030000000000000000e+02,4.887500000000000000e+02,4.900000000000000000e+02,5.685000000000000000e+05
2.014022400000000000e+07,4.850000000000000000e+02,4.997500000000000000e+02,4.812500000000000000e+02,4.922500000000000000e+02,2.022400000000000000e+06
2.014030300000000000e+07,4.877500000000000000e+02,4.942500000000000000e+02,4.120000000000000000e+02,4.260000000000000000e+02,7.470600000000000000e+06
2.014031000000000000e+07,4.247500000000000000e+02,4.297500000000000000e+02,4.030000000000000000e+02,4.117500000000000000e+02,5.075700000000000000e+06
2.014031700000000000e+07,4.160000000000000000e+02,4.200000000000000000e+02,3.900000000000000000e+02,3.912500000000000000e+02,6.165100000000000000e+06
2.014032400000000000e+07,3.927500000000000000e+02,4.025000000000000000e+02,3.880000000000000000e+02,3.910000000000000000e+02,5.926300000000000000e+06
2.014033100000000000e+07,3.952500000000000000e+02,3.962250061035156250e+02,3.742500000000000000e+02,3.780000000000000000e+02,8.274500000000000000e+06
2.014040700000000000e+07,3.810000000000000000e+02,3.867500000000000000e+02,3.460000000000000000e+02,3.825000000000000000e+02,1.164020000000000000e+07
2.014041400000000000e+07,3.805000000000000000e+02,3.837500000000000000e+02,3.712500000000000000e+02,3.740000000000000000e+02,3.288600000000000000e+06
2.014042100000000000e+07,3.740000000000000000e+02,4.000000000000000000e+02,3.727500000000000000e+02,3.927500000000000000e+02,2.334600000000000000e+06
2.014042800000000000e+07,3.947500000000000000e+02,4.035000000000000000e+02,3.882500000000000000e+02,3.922500000000000000e+02,6.220000000000000000e+06
2.014050500000000000e+07,3.922500000000000000e+02,4.010000000000000000e+02,3.852500000000000000e+02,3.950000000000000000e+02,1.264200000000000000e+06
2.014051200000000000e+07,3.927500000000000000e+02,4.015000000000000000e+02,3.705000000000000000e+02,3.730000000000000000e+02,3.265300000000000000e+06
2.014051900000000000e+07,3.750000000000000000e+02,3.770000000000000000e+02,3.562500000000000000e+02,3.685769999999999982e+02,2.974100000000000000e+06
2.014052600000000000e+07,3.685769999999999982e+02,3.865880126953125000e+02,3.647500000000000000e+02,3.852500000000000000e+02,1.765400000000000000e+06
2.014060200000000000e+07,3.880000000000000000e+02,4.050000000000000000e+02,3.730000000000000000e+02,4.010000000000000000e+02,6.418700000000000000e+06
2.014060900000000000e+07,4.007500000000000000e+02,4.137500000000000000e+02,3.915000000000000000e+02,3.965000000000000000e+02,3.139800000000000000e+06
2.014061600000000000e+07,3.977500000000000000e+02,4.010000000000000000e+02,3.862500000000000000e+02,3.915000000000000000e+02,3.924400000000000000e+06
2.014062300000000000e+07,3.957500000000000000e+02,3.957500000000000000e+02,3.687500000000000000e+02,3.772500000000000000e+02,2.001700000000000000e+06
2.014063000000000000e+07,3.797500000000000000e+02,3.842500000000000000e+02,3.702500000000000000e+02,3.787500000000000000e+02,1.985100000000000000e+06
2.014070700000000000e+07,3.805000000000000000e+02,3.835000000000000000e+02,3.694679870605468750e+02,3.712500000000000000e+02,1.601900000000000000e+06
2.014071400000000000e+07,3.707500000000000000e+02,3.807500000000000000e+02,2.708800048828125000e+02,3.585000000000000000e+02,1.671400000000000000e+06
2.014072100000000000e+07,3.550000000000000000e+02,4.240000000000000000e+02,3.532500000000000000e+02,4.122500000000000000e+02,6.308200000000000000e+06
2.014072800000000000e+07,4.142500000000000000e+02,4.170000000000000000e+02,3.840000000000000000e+02,3.900000000000000000e+02,2.306400000000000000e+06
2.014080400000000000e+07,3.905000000000000000e+02,3.990000000000000000e+02,3.845000000000000000e+02,3.912500000000000000e+02,1.015000000000000000e+06
2.014081100000000000e+07,3.917500000000000000e+02,4.102500000000000000e+02,3.900000000000000000e+02,4.035000000000000000e+02,1.262800000000000000e+06
2.014081800000000000e+07,4.042500000000000000e+02,4.260000000000000000e+02,3.978750000000000000e+02,4.220000000000000000e+02,1.956700000000000000e+06
2.014082500000000000e+07,4.220000000000000000e+02,4.320000000000000000e+02,4.170000000000000000e+02,4.240000000000000000e+02,1.524600000000000000e+06
2.014090100000000000e+07,4.275000000000000000e+02,4.322500000000000000e+02,4.053880004882812500e+02,4.102500000000000000e+02,1.382400000000000000e+06
2.014090800000000000e+07,4.110000000000000000e+02,4.392500000000000000e+02,4.032500000000000000e+02,4.275000000000000000e+02,3.802100000000000000e+06
2.014091500000000000e+07,4.270000000000000000e+02,4.280000000000000000e+02,4.112500000000000000e+02,4.185000000000000000e+02,2.854400000000000000e+06
2.014092200000000000e+07,4.192500000000000000e+02,4.192500000000000000e+02,3.969750061035156250e+02,4.020000000000000000e+02,7.536700000000000000e+06
2.014092900000000000e+07,4.047500000000000000e+02,4.175000000000000000e+02,3.967500000000000000e+02,4.080000000000000000e+02,7.075300000000000000e+06
2.014100600000000000e+07,4.080000000000000000e+02,4.155000000000000000e+02,3.825000000000000000e+02,3.850000000000000000e+02,4.340600000000000000e+06
2.014101300000000000e+07,3.835000000000000000e+02,3.855000000000000000e+02,3.552500000000000000e+02,3.760000000000000000e+02,4.033300000000000000e+06
2.014102000000000000e+07,3.750000000000000000e+02,3.995000000000000000e+02,3.725000000000000000e+02,3.907500000000000000e+02,3.407500000000000000e+06
2.014102700000000000e+07,3.950000000000000000e+02,4.010000000000000000e+02,3.810000000000000000e+02,3.997500000000000000e+02,2.201100000000000000e+06
2.014110300000000000e+07,4.000000000000000000e+02,4.155000000000000000e+02,3.915000000000000000e+02,3.997500000000000000e+02,3.543100000000000000e+06
2.014111000000000000e+07,3.997500000000000000e+02,4.050000000000000000e+02,3.897500000000000000e+02,3.920000000000000000e+02,2.527500000000000000e+06
2.014111700000000000e+07,3.895000000000000000e+02,4.090000000000000000e+02,3.850000000000000000e+02,4.080000000000000000e+02,1.283200000000000000e+06
2.014112400000000000e+07,4.092500000000000000e+02,4.492500000000000000e+02,4.062500000000000000e+02,4.390000000000000000e+02,2.440900000000000000e+06
2.014120100000000000e+07,4.520000000000000000e+02,4.575000000000000000e+02,4.385000000000000000e+02,4.505000000000000000e+02,4.195800000000000000e+06
2.014120800000000000e+07,4.530000000000000000e+02,4.540000000000000000e+02,4.432500000000000000e+02,4.455000000000000000e+02,2.225500000000000000e+06
2.014121500000000000e+07,4.450000000000000000e+02,4.622500000000000000e+02,4.395000000000000000e+02,4.577500000000000000e+02,2.273200000000000000e+06
2.014122200000000000e+07,4.622500000000000000e+02,4.627500000000000000e+02,4.470000000000000000e+02,4.590000000000000000e+02,7.236000000000000000e+05
2.014122900000000000e+07,4.585000000000000000e+02,4.750000000000000000e+02,4.542500000000000000e+02,4.702500000000000000e+02,1.506800000000000000e+06
2.015010500000000000e+07,4.700000000000000000e+02,4.827500000000000000e+02,4.622500000000000000e+02,4.790000000000000000e+02,3.063000000000000000e+06
2.015011200000000000e+07,4.815000000000000000e+02,4.840000000000000000e+02,4.625299987792968750e+02,4.695000000000000000e+02,2.068600000000000000e+06
2.015011900000000000e+07,4.722500000000000000e+02,4.832500000000000000e+02,4.265000000000000000e+02,4.467500000000000000e+02,3.653100000000000000e+06
2.015012600000000000e+07,4.462500000000000000e+02,4.660000000000000000e+02,4.225000000000000000e+02,4.320000000000000000e+02,3.159300000000000000e+06
2.015020200000000000e+07,4.355000000000000000e+02,4.480750122070312500e+02,4.200000000000000000e+02,4.400000000000000000e+02,3.415700000000000000e+06
2.015020900000000000e+07,4.377500000000000000e+02,4.560000000000000000e+02,4.317500000000000000e+02,4.462500000000000000e+02,1.517900000000000000e+06
2.015021600000000000e+07,4.497500000000000000e+02,4.660000000000000000e+02,4.427250061035156250e+02,4.625000000000000000e+02,1.197400000000000000e+06
2.015022300000000000e+07,4.600000000000000000e+02,4.775000000000000000e+02,4.600000000000000000e+02,4.722500000000000000e+02,1.753600000000000000e+06
2.015030200000000000e+07,4.670000000000000000e+02,4.817500000000000000e+02,4.605000000000000000e+02,4.720000000000000000e+02,2.098300000000000000e+06
2.015030900000000000e+07,4.650000000000000000e+02,4.960000000000000000e+02,4.611099853515625000e+02,4.882500000000000000e+02,3.834700000000000000e+06
2.015031600000000000e+07,4.847500000000000000e+02,5.000000000000000000e+02,4.782500000000000000e+02,4.925000000000000000e+02,2.799500000000000000e+06
2.015032300000000000e+07,4.922500000000000000e+02,5.100000000000000000e+02,4.650000000000000000e+02,4.825000000000000000e+02,1.188800000000000000e+07
2.015033000000000000e+07,4.872500000000000000e+02,5.010000000000000000e+02,4.655580139160156250e+02,4.875000000000000000e+02,1.716800000000000000e+06
2.015040600000000000e+07,4.875000000000000000e+02,5.250000000000000000e+02,4.875000000000000000e+02,5.210000000000000000e+02,1.830300000000000000e+06
2.015041300000000000e+07,5.195000000000000000e+02,5.265830078125000000e+02,5.035000000000000000e+02,5.170000000000000000e+02,3.589700000000000000e+06
2.015042000000000000e+07,5.200000000000000000e+02,5.270000000000000000e+02,5.150000000000000000e+02,5.240000000000000000e+02,1.498800000000000000e+06
2.015042700000000000e+07,5.225000000000000000e+02,5.420000000000000000e+02,5.195000000000000000e+02,5.285000000000000000e+02,4.304500000000000000e+06
2.015050400000000000e+07,5.285000000000000000e+02,5.370000000000000000e+02,5.185000000000000000e+02,5.250000000000000000e+02,2.154200000000000000e+06
2.015051100000000000e+07,5.280000000000000000e+02,5.350000000000000000e+02,5.120000000000000000e+02,5.310000000000000000e+02,1.068600000000000000e+06
2.015051800000000000e+07,5.305000000000000000e+02,5.475000000000000000e+02,5.220000000000000000e+02,5.460000000000000000e+02,1.900800000000000000e+06
2.015052500000000000e+07,5.460000000000000000e+02,5.485000000000000000e+02,5.277750244140625000e+02,5.355000000000000000e+02,1.895100000000000000e+06
2.015060100000000000e+07,5.380000000000000000e+02,5.420000000000000000e+02,5.280000000000000000e+02,5.290000000000000000e+02,2.596600000000000000e+06
2.015060800000000000e+07,5.270000000000000000e+02,5.440000000000000000e+02,5.245000000000000000e+02,5.370000000000000000e+02,1.512900000000000000e+06
2.015061500000000000e+07,5.360000000000000000e+02,5.360000000000000000e+02,5.005000000000000000e+02,5.110000000000000000e+02,2.126900000000000000e+06
2.015062200000000000e+07,5.185000000000000000e+02,5.300000000000000000e+02,5.120000000000000000e+02,5.130000000000000000e+02,1.762300000000000000e+06
2.015062900000000000e+07,5.050000000000000000e+02,5.295000000000000000e+02,5.035000000000000000e+02,5.085000000000000000e+02,1.524300000000000000e+06
2.015070600000000000e+07,5.060000000000000000e+02,5.110000000000000000e+02,4.937500000000000000e+02,5.065000000000000000e+02,1.927000000000000000e+06
2.015071300000000000e+07,5.100000000000000000e+02,5.290000000000000000e+02,4.995000000000000000e+02,5.240000000000000000e+02,1.615500000000000000e+06
2.015072000000000000e+07,5.240000000000000000e+02,5.795000000000000000e+02,5.135000000000000000e+02,5.775000000000000000e+02,4.113600000000000000e+06
2.015072700000000000e+07,5.805000000000000000e+02,5.930000000000000000e+02,5.680000000000000000e+02,5.850000000000000000e+02,2.018400000000000000e+06
2.015080300000000000e+07,5.850000000000000000e+02,6.040000000000000000e+02,5.775000000000000000e+02,5.975000000000000000e+02,2.140000000000000000e+06
2.015081000000000000e+07,6.000000000000000000e+02,6.130000000000000000e+02,5.990000000000000000e+02,6.095000000000000000e+02,1.618800000000000000e+06
2.015081700000000000e+07,6.145000000000000000e+02,6.145000000000000000e+02,5.700000000000000000e+02,5.700000000000000000e+02,2.279000000000000000e+06
2.015082400000000000e+07,5.695000000000000000e+02,5.830000000000000000e+02,5.350000000000000000e+02,5.785000000000000000e+02,3.602000000000000000e+06
2.015083100000000000e+07,5.785000000000000000e+02,5.945000000000000000e+02,5.650000000000000000e+02,5.835000000000000000e+02,1.868300000000000000e+06
2.015090700000000000e+07,5.845000000000000000e+02,5.990000000000000000e+02,5.780000000000000000e+02,5.920000000000000000e+02,1.131600000000000000e+06
2.015091400000000000e+07,6.050000000000000000e+02,6.170209960937500000e+02,5.789829711914062500e+02,6.090000000000000000e+02,2.151400000000000000e+06
2.015092100000000000e+07,6.190000000000000000e+02,6.190000000000000000e+02,5.750000000000000000e+02,5.800000000000000000e+02,3.569400000000000000e+06
2.015092800000000000e+07,5.850000000000000000e+02,6.030000000000000000e+02,5.637500000000000000e+02,5.980000000000000000e+02,2.853900000000000000e+06
2.015100500000000000e+07,6.050000000000000000e+02,6.210000000000000000e+02,5.655000000000000000e+02,5.710000000000000000e+02,6.086700000000000000e+06
2.015101200000000000e+07,5.735000000000000000e+02,5.815000000000000000e+02,5.595000000000000000e+02,5.790000000000000000e+02,1.929200000000000000e+06
2.015101900000000000e+07,5.790000000000000000e+02,6.105000000000000000e+02,5.770000000000000000e+02,5.980000000000000000e+02,2.965800000000000000e+06
2.015102600000000000e+07,5.940000000000000000e+02,6.070000000000000000e+02,5.900000000000000000e+02,6.010000000000000000e+02,2.063500000000000000e+06
2.015110200000000000e+07,5.960000000000000000e+02,6.135000000000000000e+02,5.855239868164062500e+02,6.000000000000000000e+02,2.776800000000000000e+06
2.015110900000000000e+07,5.980000000000000000e+02,6.055000000000000000e+02,5.500000000000000000e+02,5.610000000000000000e+02,4.282700000000000000e+06
2.015111600000000000e+07,5.645000000000000000e+02,5.710000000000000000e+02,5.505000000000000000e+02,5.560000000000000000e+02,2.283300000000000000e+06
2.015112300000000000e+07,5.500000000000000000e+02,5.725000000000000000e+02,5.470000000000000000e+02,5.695000000000000000e+02,1.908100000000000000e+06
2.015113000000000000e+07,5.690000000000000000e+02,6.010000000000000000e+02,5.635000000000000000e+02,5.970000000000000000e+02,3.495100000000000000e+06
2.015120700000000000e+07,5.990000000000000000e+02,6.040000000000000000e+02,5.782899780273437500e+02,5.880000000000000000e+02,2.245100000000000000e+06
2.015121400000000000e+07,5.895000000000000000e+02,6.270900268554687500e+02,5.780000000000000000e+02,6.220000000000000000e+02,4.634700000000000000e+06
2.015122100000000000e+07,6.225000000000000000e+02,6.645000000000000000e+02,6.140000000000000000e+02,6.595000000000000000e+02,1.414900000000000000e+06
2.016010400000000000e+07,6.585000000000000000e+02,6.740000000000000000e+02,6.260000000000000000e+02,6.420000000000000000e+02,2.349800000000000000e+06
2.016011100000000000e+07,6.380000000000000000e+02,6.515000000000000000e+02,6.139400024414062500e+02,6.190000000000000000e+02,2.666400000000000000e+06
2.016011800000000000e+07,6.170000000000000000e+02,6.265000000000000000e+02,5.825000000000000000e+02,6.015000000000000000e+02,2.510800000000000000e+06
2.016012500000000000e+07,6.105000000000000000e+02,6.505000000000000000e+02,6.096599731445312500e+02,6.450000000000000000e+02,4.196200000000000000e+06
2.016020100000000000e+07,6.475000000000000000e+02,6.530000000000000000e+02,6.150000000000000000e+02,6.235000000000000000e+02,2.876100000000000000e+06
2.016020800000000000e+07,6.275000000000000000e+02,6.275000000000000000e+02,5.900000000000000000e+02,6.035000000000000000e+02,2.819700000000000000e+06
2.016021500000000000e+07,6.090000000000000000e+02,6.585000000000000000e+02,6.082440185546875000e+02,6.470000000000000000e+02,1.940100000000000000e+06
2.016022200000000000e+07,6.550000000000000000e+02,6.790000000000000000e+02,6.405000000000000000e+02,6.685000000000000000e+02,2.233100000000000000e+06
