2.004092700000000000e+07,2.885000000000000000e+02,2.915000000000000000e+02,2.849299926757812500e+02,2.910000000000000000e+02,1.570160000000000000e+07
2.004100400000000000e+07,2.925000000000000000e+02,2.967500000000000000e+02,2.910000000000000000e+02,2.920000000000000000e+02,3.029400000000000000e+06
2.004101100000000000e+07,2.920000000000000000e+02,2.960000000000000000e+02,2.904179992675781250e+02,2.940000000000000000e+02,3.908300000000000000e+06
2.004101800000000000e+07,2.940000000000000000e+02,3.006000061035156250e+02,2.910000000000000000e+02,2.997500000000000000e+02,2.606900000000000000e+06
2.004102500000000000e+07,2.970000000000000000e+02,3.000000000000000000e+02,2.920000000000000000e+02,2.922500000000000000e+02,4.531300000000000000e+06
2.004110100000000000e+07,2.930000000000000000e+02,2.965000000000000000e+02,2.910000000000000000e+02,2.945000000000000000e+02,2.499600000000000000e+06
2.004110800000000000e+07,2.950000000000000000e+02,3.090000000000000000e+02,2.950000000000000000e+02,3.065000000000000000e+02,4.891000000000000000e+06
2.004111500000000000e+07,3.050000000000000000e+02,3.100000000000000000e+02,3.030000000000000000e+02,3.090000000000000000e+02,5.040300000000000000e+06
2.004112200000000000e+07,3.090000000000000000e+02,3.168999938964843750e+02,1.130000000000000000e+02,3.100000000000000000e+02,3.915600000000000000e+06
2.004112900000000000e+07,3.100000000000000000e+02,3.161199951171875000e+02,3.086910095214843750e+02,3.160000000000000000e+02,5.398700000000000000e+06
2.004120600000000000e+07,3.170000000000000000e+02,3.220000000000000000e+02,3.160000000000000000e+02,3.200000000000000000e+02,4.113500000000000000e+06
2.004121300000000000e+07,3.200000000000000000e+02,3.270000000000000000e+02,3.142500000000000000e+02,3.142500000000000000e+02,8.303900000000000000e+06
2.004122000000000000e+07,3.160000000000000000e+02,3.215299987792968750e+02,3.120000000000000000e+02,3.150000000000000000e+02,1.617000000000000000e+06
2.004122700000000000e+07,3.150000000000000000e+02,3.230000000000000000e+02,3.150000000000000000e+02,3.225000000000000000e+02,7.299000000000000000e+05
2.005010300000000000e+07,3.225000000000000000e+02,3.430000000000000000e+02,3.222500000000000000e+02,3.420000000000000000e+02,3.646300000000000000e+06
2.005011000000000000e+07,3.410000000000000000e+02,3.430000000000000000e+02,3.148999938964843750e+02,3.280000000000000000e+02,8.307400000000000000e+06
2.005011700000000000e+07,3.290000000000000000e+02,3.380000000000000000e+02,3.250000000000000000e+02,3.370000000000000000e+02,7.427200000000000000e+06
2.005012400000000000e+07,3.380000000000000000e+02,3.520000000000000000e+02,3.370000000000000000e+02,3.500000000000000000e+02,1.895700000000000000e+06
2.005013100000000000e+07,3.500000000000000000e+02,3.532500000000000000e+02,3.442500000000000000e+02,3.447500000000000000e+02,1.960200000000000000e+06
2.005020700000000000e+07,3.460000000000000000e+02,3.550000000000000000e+02,3.445000000000000000e+02,3.460000000000000000e+02,2.600300000000000000e+06
2.005021400000000000e+07,3.480000000000000000e+02,3.490000000000000000e+02,3.350000000000000000e+02,3.450000000000000000e+02,2.462700000000000000e+06
2.005022100000000000e+07,3.452500000000000000e+02,3.480000000000000000e+02,3.337500000000000000e+02,3.350000000000000000e+02,2.562000000000000000e+06
2.005022800000000000e+07,3.350000000000000000e+02,3.500000000000000000e+02,3.330000000000000000e+02,3.480000000000000000e+02,2.018400000000000000e+06
2.005030700000000000e+07,3.500000000000000000e+02,3.500000000000000000e+02,3.430000000000000000e+02,3.470000000000000000e+02,2.183800000000000000e+06
2.005031400000000000e+07,3.487500000000000000e+02,3.517500000000000000e+02,3.445130004882812500e+02,3.460000000000000000e+02,1.994400000000000000e+06
2.005032100000000000e+07,3.522500000000000000e+02,3.582500000000000000e+02,3.450000000000000000e+02,3.460000000000000000e+02,7.831800000000000000e+06
2.005032800000000000e+07,3.460000000000000000e+02,3.530000000000000000e+02,3.455000000000000000e+02,3.510000000000000000e+02,1.991800000000000000e+07
2.005040400000000000e+07,3.510000000000000000e+02,3.530000000000000000e+02,3.471499938964843750e+02,3.500000000000000000e+02,8.599900000000000000e+06
2.005041100000000000e+07,3.537500000000000000e+02,3.750000000000000000e+02,3.517500000000000000e+02,3.700000000000000000e+02,8.380200000000000000e+06
2.005041800000000000e+07,3.652500000000000000e+02,3.757500000000000000e+02,3.615000000000000000e+02,3.750000000000000000e+02,6.169600000000000000e+06
2.005042500000000000e+07,3.732500000000000000e+02,3.772500000000000000e+02,3.510000000000000000e+02,3.522500000000000000e+02,3.620200000000000000e+06
2.005050200000000000e+07,3.522500000000000000e+02,3.730000000000000000e+02,3.522500000000000000e+02,3.695000000000000000e+02,3.398800000000000000e+06
2.005050900000000000e+07,3.682500000000000000e+02,3.720000000000000000e+02,3.610000000000000000e+02,3.710000000000000000e+02,3.260400000000000000e+06
2.005051600000000000e+07,3.682500000000000000e+02,3.797500000000000000e+02,3.610499877929687500e+02,3.740000000000000000e+02,4.609400000000000000e+06
2.005052300000000000e+07,3.800000000000000000e+02,3.821340026855468750e+02,3.682500000000000000e+02,3.697500000000000000e+02,2.378100000000000000e+06
2.005053000000000000e+07,3.697500000000000000e+02,3.800000000000000000e+02,3.670499877929687500e+02,3.790000000000000000e+02,3.777000000000000000e+06
2.005060600000000000e+07,3.800000000000000000e+02,3.920000000000000000e+02,3.750000000000000000e+02,3.880000000000000000e+02,5.618000000000000000e+06
2.005061300000000000e+07,3.900000000000000000e+02,3.900000000000000000e+02,3.850000000000000000e+02,3.887500000000000000e+02,1.083000000000000000e+06
2.005062000000000000e+07,3.890000000000000000e+02,3.890000000000000000e+02,3.779320068359375000e+02,3.827500000000000000e+02,7.534600000000000000e+06
2.005062700000000000e+07,3.850000000000000000e+02,3.850000000000000000e+02,3.602500000000000000e+02,3.620000000000000000e+02,4.658500000000000000e+06
2.005070400000000000e+07,3.632500000000000000e+02,3.840000000000000000e+02,3.550000000000000000e+02,3.812500000000000000e+02,4.756400000000000000e+06
2.005071100000000000e+07,3.820000000000000000e+02,3.890000000000000000e+02,3.662999877929687500e+02,3.690000000000000000e+02,5.508400000000000000e+06
2.005071800000000000e+07,3.680000000000000000e+02,3.729500122070312500e+02,3.620000000000000000e+02,3.642500000000000000e+02,2.860100000000000000e+06
2.005072500000000000e+07,3.662500000000000000e+02,3.700000000000000000e+02,3.595000000000000000e+02,3.700000000000000000e+02,7.479000000000000000e+06
2.005080100000000000e+07,3.670000000000000000e+02,3.870000000000000000e+02,3.662500000000000000e+02,3.825000000000000000e+02,4.857200000000000000e+06
2.005080800000000000e+07,3.855000000000000000e+02,3.930000000000000000e+02,3.820000000000000000e+02,3.920000000000000000e+02,2.852500000000000000e+06
2.005081500000000000e+07,3.910000000000000000e+02,3.917820129394531250e+02,3.857500000000000000e+02,3.877500000000000000e+02,2.232100000000000000e+06
2.005082200000000000e+07,3.852500000000000000e+02,3.879500122070312500e+02,3.780000000000000000e+02,3.810000000000000000e+02,6.854000000000000000e+05
2.005082900000000000e+07,3.810000000000000000e+02,3.897500000000000000e+02,3.770000000000000000e+02,3.855000000000000000e+02,5.332500000000000000e+06
2.005090500000000000e+07,3.860000000000000000e+02,4.000000000000000000e+02,3.850000000000000000e+02,3.952500000000000000e+02,8.275800000000000000e+06
2.005091200000000000e+07,3.970000000000000000e+02,4.140000000000000000e+02,3.967500000000000000e+02,4.080000000000000000e+02,1.125660000000000000e+07
2.005091900000000000e+07,4.045000000000000000e+02,4.150000000000000000e+02,4.045000000000000000e+02,4.147500000000000000e+02,6.168900000000000000e+06
2.005092600000000000e+07,4.110000000000000000e+02,4.300000000000000000e+02,4.110000000000000000e+02,4.250000000000000000e+02,2.284980000000000000e+07
2.005100300000000000e+07,4.287500000000000000e+02,4.322500000000000000e+02,4.220000000000000000e+02,4.240000000000000000e+02,8.344900000000000000e+06
2.005101000000000000e+07,4.250000000000000000e+02,4.277500000000000000e+02,4.207500000000000000e+02,4.230000000000000000e+02,4.295400000000000000e+06
2.005101700000000000e+07,4.247500000000000000e+02,4.330000000000000000e+02,4.202500000000000000e+02,4.285000000000000000e+02,6.113400000000000000e+06
2.005102400000000000e+07,4.272500000000000000e+02,4.350000000000000000e+02,4.250000000000000000e+02,4.300000000000000000e+02,5.773300000000000000e+06
2.005103100000000000e+07,4.337500000000000000e+02,4.850000000000000000e+02,2.600000000000000000e+02,4.610000000000000000e+02,1.130610000000000000e+07
2.005110700000000000e+07,4.650000000000000000e+02,4.650000000000000000e+02,4.480000000000000000e+02,4.597500000000000000e+02,9.217900000000000000e+06
2.005111400000000000e+07,4.565000000000000000e+02,4.750000000000000000e+02,4.502500000000000000e+02,4.690000000000000000e+02,3.115700000000000000e+06
2.005112100000000000e+07,4.605000000000000000e+02,4.700000000000000000e+02,4.337500000000000000e+02,4.440000000000000000e+02,3.919500000000000000e+06
2.005112800000000000e+07,4.445000000000000000e+02,4.540000000000000000e+02,4.395000000000000000e+02,4.517500000000000000e+02,5.061100000000000000e+06
2.005120500000000000e+07,4.540000000000000000e+02,4.590000000000000000e+02,4.450000000000000000e+02,4.510000000000000000e+02,5.345800000000000000e+06
2.005121200000000000e+07,4.497500000000000000e+02,4.725000000000000000e+02,4.445000000000000000e+02,4.710000000000000000e+02,3.993300000000000000e+06
2.005121900000000000e+07,4.700000000000000000e+02,4.777500000000000000e+02,4.582500000000000000e+02,4.597500000000000000e+02,2.061500000000000000e+06
2.005122600000000000e+07,4.597500000000000000e+02,4.597500000000000000e+02,4.470000000000000000e+02,4.550000000000000000e+02,1.873700000000000000e+06
2.006010200000000000e+07,4.550000000000000000e+02,4.815000000000000000e+02,4.507500000000000000e+02,4.772500000000000000e+02,2.384300000000000000e+06
2.006010900000000000e+07,4.797500000000000000e+02,5.097500000000000000e+02,4.700000000000000000e+02,5.030000000000000000e+02,4.406400000000000000e+06
2.006011600000000000e+07,5.037500000000000000e+02,5.110000000000000000e+02,4.845000000000000000e+02,5.057500000000000000e+02,6.766500000000000000e+06
2.006012300000000000e+07,5.005000000000000000e+02,5.275000000000000000e+02,4.955000000000000000e+02,5.200000000000000000e+02,1.187480000000000000e+07
2.006013000000000000e+07,5.155000000000000000e+02,5.397500000000000000e+02,5.022500000000000000e+02,5.320000000000000000e+02,1.654160000000000000e+07
2.006020600000000000e+07,5.347500000000000000e+02,5.442500000000000000e+02,5.260000000000000000e+02,5.397500000000000000e+02,3.651200000000000000e+06
2.006021300000000000e+07,5.392500000000000000e+02,5.480000000000000000e+02,5.300000000000000000e+02,5.480000000000000000e+02,3.748700000000000000e+06
2.006022000000000000e+07,5.425000000000000000e+02,5.600000000000000000e+02,5.407500000000000000e+02,5.580000000000000000e+02,1.623800000000000000e+06
2.006022700000000000e+07,5.540000000000000000e+02,5.970000000000000000e+02,5.500000000000000000e+02,5.745000000000000000e+02,4.487600000000000000e+06
2.006030600000000000e+07,5.777500000000000000e+02,6.100000000000000000e+02,5.732050170898437500e+02,6.080000000000000000e+02,8.291400000000000000e+06
2.006031300000000000e+07,6.070000000000000000e+02,6.250000000000000000e+02,6.070000000000000000e+02,6.170000000000000000e+02,7.679500000000000000e+06
2.006032000000000000e+07,6.215000000000000000e+02,6.360000000000000000e+02,6.075100097656250000e+02,6.315000000000000000e+02,3.429000000000000000e+06
2.006032700000000000e+07,6.345000000000000000e+02,6.350000000000000000e+02,6.205000000000000000e+02,6.280000000000000000e+02,1.380400000000000000e+06
2.006040300000000000e+07,6.350000000000000000e+02,6.750000000000000000e+02,6.270000000000000000e+02,6.710000000000000000e+02,4.867200000000000000e+06
2.006041000000000000e+07,6.745000000000000000e+02,6.750000000000000000e+02,6.655000000000000000e+02,6.725000000000000000e+02,4.152100000000000000e+06
2.006041700000000000e+07,6.725000000000000000e+02,6.750000000000000000e+02,6.410000000000000000e+02,6.530000000000000000e+02,3.046100000000000000e+06
2.006042400000000000e+07,6.500000000000000000e+02,6.720000000000000000e+02,6.450000000000000000e+02,6.670000000000000000e+02,8.054800000000000000e+06
2.006050100000000000e+07,6.670000000000000000e+02,7.045000000000000000e+02,6.655000000000000000e+02,7.030000000000000000e+02,4.165900000000000000e+06
2.006050800000000000e+07,7.055000000000000000e+02,7.055000000000000000e+02,6.750000000000000000e+02,6.770000000000000000e+02,2.237000000000000000e+06
2.006051500000000000e+07,6.750000000000000000e+02,6.810000000000000000e+02,5.900000000000000000e+02,6.005000000000000000e+02,8.484100000000000000e+06
2.006052200000000000e+07,5.910000000000000000e+02,6.370000000000000000e+02,5.700000000000000000e+02,6.355000000000000000e+02,4.586800000000000000e+06
2.006052900000000000e+07,6.355000000000000000e+02,6.445000000000000000e+02,6.050000000000000000e+02,6.430000000000000000e+02,2.365700000000000000e+06
2.006060500000000000e+07,6.355000000000000000e+02,6.415000000000000000e+02,5.845000000000000000e+02,6.010000000000000000e+02,2.417000000000000000e+06
2.006061200000000000e+07,5.920000000000000000e+02,6.055000000000000000e+02,5.545000000000000000e+02,5.850000000000000000e+02,4.300600000000000000e+06
2.006061900000000000e+07,5.880000000000000000e+02,5.950000000000000000e+02,5.750000000000000000e+02,5.890000000000000000e+02,1.902900000000000000e+06
2.006062600000000000e+07,5.945000000000000000e+02,6.260000000000000000e+02,5.855000000000000000e+02,6.210000000000000000e+02,2.894300000000000000e+06
2.006070300000000000e+07,6.260000000000000000e+02,6.445000000000000000e+02,6.170000000000000000e+02,6.305000000000000000e+02,1.841400000000000000e+06
2.006071000000000000e+07,6.275000000000000000e+02,6.340000000000000000e+02,6.100000000000000000e+02,6.120000000000000000e+02,3.643600000000000000e+06
2.006071700000000000e+07,6.110000000000000000e+02,6.775000000000000000e+02,6.105000000000000000e+02,6.650000000000000000e+02,2.962100000000000000e+06
2.006072400000000000e+07,6.705000000000000000e+02,6.775000000000000000e+02,6.615000000000000000e+02,6.720000000000000000e+02,1.483000000000000000e+06
2.006073100000000000e+07,6.690000000000000000e+02,6.980000000000000000e+02,6.600000000000000000e+02,6.865000000000000000e+02,2.808800000000000000e+06
2.006080700000000000e+07,6.730000000000000000e+02,6.850000000000000000e+02,6.550000000000000000e+02,6.605000000000000000e+02,2.396300000000000000e+06
2.006081400000000000e+07,6.620000000000000000e+02,6.770000000000000000e+02,6.555000000000000000e+02,6.710000000000000000e+02,2.141900000000000000e+06
2.006082100000000000e+07,6.680000000000000000e+02,6.790000000000000000e+02,6.600000000000000000e+02,6.670000000000000000e+02,2.989800000000000000e+06
2.006082800000000000e+07,6.670000000000000000e+02,6.830000000000000000e+02,6.598029785156250000e+02,6.770000000000000000e+02,2.186900000000000000e+06
2.006090400000000000e+07,6.850000000000000000e+02,7.470000000000000000e+02,6.673449707031250000e+02,7.410000000000000000e+02,1.094640000000000000e+07
2.006091100000000000e+07,7.425000000000000000e+02,7.680000000000000000e+02,7.252199707031250000e+02,7.415000000000000000e+02,5.235400000000000000e+06
2.006091800000000000e+07,7.500000000000000000e+02,7.700000000000000000e+02,7.360000000000000000e+02,7.600000000000000000e+02,5.522000000000000000e+06
2.006092500000000000e+07,7.700000000000000000e+02,8.320000000000000000e+02,7.566099853515625000e+02,8.290000000000000000e+02,1.515280000000000000e+07
2.006100200000000000e+07,8.340000000000000000e+02,8.710000000000000000e+02,8.310349731445312500e+02,8.560000000000000000e+02,7.860700000000000000e+06
2.006100900000000000e+07,8.450000000000000000e+02,9.245000000000000000e+02,8.450000000000000000e+02,8.875000000000000000e+02,4.453900000000000000e+06
2.006101600000000000e+07,8.950000000000000000e+02,9.200000000000000000e+02,8.855000000000000000e+02,9.195000000000000000e+02,4.227400000000000000e+06
2.006102300000000000e+07,9.250000000000000000e+02,9.430000000000000000e+02,9.050000000000000000e+02,9.150000000000000000e+02,3.420000000000000000e+06
2.006103000000000000e+07,9.100000000000000000e+02,9.795200195312500000e+02,9.100000000000000000e+02,9.345000000000000000e+02,3.710800000000000000e+06
2.006110600000000000e+07,9.420000000000000000e+02,9.870000000000000000e+02,9.420000000000000000e+02,9.860000000000000000e+02,3.765300000000000000e+06
2.006111300000000000e+07,9.895000000000000000e+02,1.012000000000000000e+03,9.216250000000000000e+02,9.250000000000000000e+02,7.846100000000000000e+06
2.006112000000000000e+07,9.200000000000000000e+02,9.300000000000000000e+02,9.000000000000000000e+02,9.050000000000000000e+02,3.913300000000000000e+06
2.006112700000000000e+07,9.010000000000000000e+02,9.208790283203125000e+02,8.800000000000000000e+02,9.085000000000000000e+02,4.730400000000000000e+06
2.006120400000000000e+07,9.040000000000000000e+02,9.675000000000000000e+02,9.030000000000000000e+02,9.665000000000000000e+02,1.158100000000000000e+07
2.006121100000000000e+07,9.750000000000000000e+02,1.012500000000000000e+03,9.620000000000000000e+02,1.002500000000000000e+03,5.771800000000000000e+06
2.006121800000000000e+07,1.011000000000000000e+03,1.085000000000000000e+03,1.001799987792968750e+03,1.076000000000000000e+03,4.525900000000000000e+06
2.006122500000000000e+07,1.076000000000000000e+03,1.110000000000000000e+03,1.072099975585937500e+03,1.099000000000000000e+03,1.137200000000000000e+06
2.007010100000000000e+07,1.099000000000000000e+03,1.108500000000000000e+03,1.058500000000000000e+03,1.058500000000000000e+03,2.607800000000000000e+06
2.007010800000000000e+07,1.068000000000000000e+03,1.100000000000000000e+03,1.049500000000000000e+03,1.075000000000000000e+03,5.721300000000000000e+06
2.007011500000000000e+07,1.075000000000000000e+03,1.085000000000000000e+03,1.035000000000000000e+03,1.055000000000000000e+03,3.244400000000000000e+06
2.007012200000000000e+07,1.050000000000000000e+03,1.069500000000000000e+03,1.016000000000000000e+03,1.047000000000000000e+03,1.088340000000000000e+07
2.007012900000000000e+07,1.045000000000000000e+03,1.058500000000000000e+03,1.015500000000000000e+03,1.042500000000000000e+03,3.011100000000000000e+06
2.007020500000000000e+07,1.045000000000000000e+03,1.055000000000000000e+03,1.024000000000000000e+03,1.044000000000000000e+03,2.790800000000000000e+06
2.007021200000000000e+07,1.044000000000000000e+03,1.078000000000000000e+03,1.027000000000000000e+03,1.078000000000000000e+03,4.324300000000000000e+06
2.007021900000000000e+07,1.088000000000000000e+03,1.123000000000000000e+03,1.080500000000000000e+03,1.092000000000000000e+03,3.053700000000000000e+06
2.007022600000000000e+07,1.085000000000000000e+03,1.129000000000000000e+03,1.005000000000000000e+03,1.019500000000000000e+03,6.530200000000000000e+06
2.007030500000000000e+07,1.005000000000000000e+03,1.128000000000000000e+03,9.725000000000000000e+02,1.123000000000000000e+03,6.245000000000000000e+06
2.007031200000000000e+07,1.136000000000000000e+03,1.165000000000000000e+03,1.060000000000000000e+03,1.124500000000000000e+03,4.318800000000000000e+06
2.007031900000000000e+07,1.130000000000000000e+03,1.187000000000000000e+03,1.128000000000000000e+03,1.159000000000000000e+03,8.816000000000000000e+06
2.007032600000000000e+07,1.160000000000000000e+03,1.172000000000000000e+03,1.133000000000000000e+03,1.149000000000000000e+03,3.895000000000000000e+06
2.007040200000000000e+07,1.140000000000000000e+03,1.194000000000000000e+03,1.135000000000000000e+03,1.185000000000000000e+03,4.224300000000000000e+06
2.007040900000000000e+07,1.185000000000000000e+03,1.195000000000000000e+03,1.142000000000000000e+03,1.148000000000000000e+03,3.052000000000000000e+06
2.007041600000000000e+07,1.155000000000000000e+03,1.185000000000000000e+03,1.076000000000000000e+03,1.098000000000000000e+03,3.743400000000000000e+06
2.007042300000000000e+07,1.090000000000000000e+03,1.105000000000000000e+03,1.013500000000000000e+03,1.030000000000000000e+03,1.039700000000000000e+07
2.007043000000000000e+07,1.030000000000000000e+03,1.069000000000000000e+03,9.880000000000000000e+02,1.040000000000000000e+03,1.116560000000000000e+07
2.007050700000000000e+07,1.040000000000000000e+03,1.043000000000000000e+03,9.900000000000000000e+02,9.990000000000000000e+02,5.818800000000000000e+06
2.007051400000000000e+07,1.005000000000000000e+03,1.011000000000000000e+03,9.810000000000000000e+02,9.830000000000000000e+02,5.723400000000000000e+06
2.007052100000000000e+07,9.830000000000000000e+02,1.011000000000000000e+03,9.730000000000000000e+02,9.940000000000000000e+02,1.405470000000000000e+07
2.007052800000000000e+07,9.940000000000000000e+02,1.002000000000000000e+03,9.740479736328125000e+02,9.790000000000000000e+02,4.547800000000000000e+06
2.007060400000000000e+07,9.750000000000000000e+02,1.037469970703125000e+03,9.000000000000000000e+02,9.200000000000000000e+02,7.778700000000000000e+06
2.007061100000000000e+07,9.290000000000000000e+02,9.910000000000000000e+02,9.200000000000000000e+02,9.810000000000000000e+02,6.921800000000000000e+06
2.007061800000000000e+07,9.900000000000000000e+02,9.950000000000000000e+02,9.090000000000000000e+02,9.160000000000000000e+02,1.147410000000000000e+07
2.007062500000000000e+07,9.100000000000000000e+02,9.150000000000000000e+02,8.750000000000000000e+02,8.890000000000000000e+02,8.834100000000000000e+06
2.007070200000000000e+07,8.795000000000000000e+02,9.915000000000000000e+02,8.675000000000000000e+02,9.260000000000000000e+02,1.183180000000000000e+07
2.007070900000000000e+07,9.350000000000000000e+02,9.400000000000000000e+02,8.286500244140625000e+02,8.695000000000000000e+02,1.231640000000000000e+07
2.007071600000000000e+07,8.695000000000000000e+02,8.830000000000000000e+02,8.100000000000000000e+02,8.190000000000000000e+02,1.148370000000000000e+07
2.007072300000000000e+07,8.295000000000000000e+02,8.295000000000000000e+02,7.330000000000000000e+02,7.655000000000000000e+02,1.959640000000000000e+07
2.007073000000000000e+07,7.550000000000000000e+02,8.445000000000000000e+02,7.550000000000000000e+02,8.280000000000000000e+02,1.563940000000000000e+07
2.007080600000000000e+07,8.100000000000000000e+02,9.785000000000000000e+02,8.055000000000000000e+02,9.470000000000000000e+02,2.713880000000000000e+07
2.007081300000000000e+07,9.505000000000000000e+02,9.535000000000000000e+02,7.950000000000000000e+02,8.295000000000000000e+02,1.454250000000000000e+07
2.007082000000000000e+07,8.270000000000000000e+02,8.930000000000000000e+02,8.075000000000000000e+02,8.315000000000000000e+02,4.684500000000000000e+06
2.007082700000000000e+07,8.315000000000000000e+02,8.480000000000000000e+02,7.840000000000000000e+02,8.440000000000000000e+02,5.563100000000000000e+06
2.007090300000000000e+07,8.550000000000000000e+02,9.065000000000000000e+02,8.440000000000000000e+02,8.835000000000000000e+02,6.920900000000000000e+06
2.007091000000000000e+07,8.825000000000000000e+02,8.980000000000000000e+02,8.684749755859375000e+02,8.780000000000000000e+02,4.259800000000000000e+06
2.007091700000000000e+07,8.665000000000000000e+02,8.950000000000000000e+02,8.450000000000000000e+02,8.675000000000000000e+02,9.491800000000000000e+06
2.007092400000000000e+07,8.650000000000000000e+02,9.030000000000000000e+02,8.460000000000000000e+02,9.000000000000000000e+02,4.533200000000000000e+06
2.007100100000000000e+07,8.865000000000000000e+02,9.760000000000000000e+02,8.865000000000000000e+02,9.660000000000000000e+02,4.395300000000000000e+06
2.007100800000000000e+07,9.600000000000000000e+02,9.880000000000000000e+02,9.600000000000000000e+02,9.820000000000000000e+02,4.354900000000000000e+06
2.007101500000000000e+07,9.770000000000000000e+02,9.797399902343750000e+02,9.200000000000000000e+02,9.400000000000000000e+02,9.927800000000000000e+06
2.007102200000000000e+07,9.200000000000000000e+02,1.002000000000000000e+03,9.200000000000000000e+02,9.980000000000000000e+02,8.615600000000000000e+06
2.007102900000000000e+07,1.011000000000000000e+03,1.058000000000000000e+03,9.965000000000000000e+02,1.005000000000000000e+03,4.905500000000000000e+06
2.007110500000000000e+07,9.950000000000000000e+02,1.001000000000000000e+03,9.155000000000000000e+02,9.405000000000000000e+02,4.352100000000000000e+06
2.007111200000000000e+07,9.305000000000000000e+02,9.890000000000000000e+02,9.305000000000000000e+02,9.800000000000000000e+02,6.214700000000000000e+06
2.007111900000000000e+07,9.770000000000000000e+02,9.985000000000000000e+02,9.110000000000000000e+02,9.560000000000000000e+02,5.221100000000000000e+06
2.007112600000000000e+07,9.690000000000000000e+02,1.042000000000000000e+03,9.415000000000000000e+02,1.041000000000000000e+03,3.499000000000000000e+06
2.007120300000000000e+07,1.040000000000000000e+03,1.052000000000000000e+03,9.725000000000000000e+02,1.037000000000000000e+03,4.823600000000000000e+06
2.007121000000000000e+07,1.027000000000000000e+03,1.130000000000000000e+03,1.027000000000000000e+03,1.067000000000000000e+03,7.142200000000000000e+06
2.007121700000000000e+07,1.063000000000000000e+03,1.132000000000000000e+03,1.015000000000000000e+03,1.132000000000000000e+03,1.164610000000000000e+07
2.007122400000000000e+07,1.120000000000000000e+03,1.130000000000000000e+03,1.095000000000000000e+03,1.109000000000000000e+03,2.163700000000000000e+06
2.007123100000000000e+07,1.111000000000000000e+03,1.120000000000000000e+03,1.056000000000000000e+03,1.068000000000000000e+03,3.331300000000000000e+06
2.008010700000000000e+07,1.053000000000000000e+03,1.084000000000000000e+03,9.660000000000000000e+02,9.910000000000000000e+02,7.250400000000000000e+06
2.008011400000000000e+07,9.820000000000000000e+02,1.000000000000000000e+03,9.385000000000000000e+02,9.535000000000000000e+02,8.245700000000000000e+06
2.008012100000000000e+07,9.400000000000000000e+02,1.018000000000000000e+03,8.850000000000000000e+02,9.885000000000000000e+02,9.093700000000000000e+06
2.008012800000000000e+07,9.660000000000000000e+02,1.026000000000000000e+03,9.295000000000000000e+02,9.990000000000000000e+02,6.382600000000000000e+06
2.008020400000000000e+07,1.004000000000000000e+03,1.018000000000000000e+03,9.575000000000000000e+02,9.665000000000000000e+02,4.578000000000000000e+06
2.008021100000000000e+07,9.540000000000000000e+02,9.750000000000000000e+02,8.850000000000000000e+02,9.480000000000000000e+02,7.431000000000000000e+06
2.008021800000000000e+07,9.590000000000000000e+02,1.039000000000000000e+03,9.570000000000000000e+02,1.022000000000000000e+03,4.340200000000000000e+06
2.008022500000000000e+07,1.036000000000000000e+03,1.107000000000000000e+03,9.990000000000000000e+02,1.015000000000000000e+03,5.906500000000000000e+06
2.008030300000000000e+07,9.960000000000000000e+02,1.015000000000000000e+03,8.120000000000000000e+02,8.595000000000000000e+02,1.322150000000000000e+07
2.008031000000000000e+07,8.545000000000000000e+02,8.680000000000000000e+02,8.090000000000000000e+02,8.200000000000000000e+02,9.592600000000000000e+06
2.008031700000000000e+07,8.005000000000000000e+02,8.250000000000000000e+02,7.805000000000000000e+02,7.815000000000000000e+02,6.256200000000000000e+06
2.008032400000000000e+07,7.815000000000000000e+02,8.425000000000000000e+02,7.815000000000000000e+02,8.180000000000000000e+02,5.674400000000000000e+06
2.008033100000000000e+07,8.100000000000000000e+02,8.145000000000000000e+02,7.810000000000000000e+02,7.990000000000000000e+02,7.011800000000000000e+06
2.008040700000000000e+07,8.000000000000000000e+02,8.100000000000000000e+02,7.280000000000000000e+02,7.335000000000000000e+02,7.943100000000000000e+06
2.008041400000000000e+07,7.310000000000000000e+02,7.540000000000000000e+02,7.250000000000000000e+02,7.475000000000000000e+02,1.073580000000000000e+07
2.008042100000000000e+07,7.460000000000000000e+02,8.275000000000000000e+02,7.405000000000000000e+02,8.145000000000000000e+02,1.036290000000000000e+07
2.008042800000000000e+07,8.145000000000000000e+02,9.105000000000000000e+02,8.000000000000000000e+02,9.060000000000000000e+02,6.876500000000000000e+06
2.008050500000000000e+07,9.060000000000000000e+02,9.090000000000000000e+02,8.585000000000000000e+02,8.605000000000000000e+02,5.376800000000000000e+06
2.008051200000000000e+07,8.605000000000000000e+02,9.100000000000000000e+02,8.465000000000000000e+02,9.005000000000000000e+02,5.651300000000000000e+06
2.008051900000000000e+07,8.990000000000000000e+02,9.020000000000000000e+02,8.500000000000000000e+02,8.730000000000000000e+02,4.738100000000000000e+06
2.008052600000000000e+07,8.730000000000000000e+02,8.965000000000000000e+02,8.475000000000000000e+02,8.720000000000000000e+02,4.315000000000000000e+06
2.008060200000000000e+07,8.700000000000000000e+02,8.960000000000000000e+02,8.370000000000000000e+02,8.545000000000000000e+02,5.054600000000000000e+06
2.008060900000000000e+07,8.535000000000000000e+02,8.650000000000000000e+02,8.270000000000000000e+02,8.500000000000000000e+02,4.828300000000000000e+06
2.008061600000000000e+07,8.465000000000000000e+02,8.640000000000000000e+02,7.955000000000000000e+02,8.070000000000000000e+02,5.122400000000000000e+06
2.008062300000000000e+07,8.020000000000000000e+02,8.515000000000000000e+02,7.955000000000000000e+02,8.160000000000000000e+02,4.475600000000000000e+06
2.008063000000000000e+07,8.170000000000000000e+02,8.255000000000000000e+02,7.360000000000000000e+02,7.500000000000000000e+02,5.595800000000000000e+06
2.008070700000000000e+07,7.600000000000000000e+02,7.790000000000000000e+02,7.190000000000000000e+02,7.190000000000000000e+02,6.476200000000000000e+06
2.008071400000000000e+07,7.250000000000000000e+02,8.735000000000000000e+02,6.905000000000000000e+02,8.530000000000000000e+02,8.038700000000000000e+06
2.008072100000000000e+07,8.480000000000000000e+02,8.880000000000000000e+02,8.195000000000000000e+02,8.555000000000000000e+02,6.696500000000000000e+06
2.008072800000000000e+07,8.570000000000000000e+02,9.480000000000000000e+02,8.175000000000000000e+02,9.115000000000000000e+02,1.056760000000000000e+07
2.008080400000000000e+07,9.115000000000000000e+02,9.685000000000000000e+02,9.025000000000000000e+02,9.635000000000000000e+02,9.156400000000000000e+06
2.008081100000000000e+07,9.500000000000000000e+02,9.765000000000000000e+02,9.110000000000000000e+02,9.375000000000000000e+02,5.869600000000000000e+06
2.008081800000000000e+07,9.405000000000000000e+02,9.590000000000000000e+02,8.920000000000000000e+02,9.490000000000000000e+02,3.797000000000000000e+06
2.008082500000000000e+07,9.490000000000000000e+02,9.745000000000000000e+02,9.110000000000000000e+02,9.715000000000000000e+02,3.985100000000000000e+06
2.008090100000000000e+07,9.600000000000000000e+02,9.885000000000000000e+02,8.730000000000000000e+02,8.800000000000000000e+02,4.279600000000000000e+06
2.008090800000000000e+07,9.155000000000000000e+02,9.735000000000000000e+02,8.880000000000000000e+02,9.200000000000000000e+02,5.219200000000000000e+06
2.008091500000000000e+07,9.105000000000000000e+02,1.054000000000000000e+03,7.790000000000000000e+02,9.950000000000000000e+02,9.326600000000000000e+06
2.008092200000000000e+07,1.006000000000000000e+03,1.016000000000000000e+03,9.110000000000000000e+02,1.003000000000000000e+03,2.757200000000000000e+06
2.008092900000000000e+07,9.865000000000000000e+02,1.045000000000000000e+03,9.100000000000000000e+02,9.460000000000000000e+02,2.813300000000000000e+06
2.008100600000000000e+07,9.400000000000000000e+02,9.655000000000000000e+02,7.600000000000000000e+02,8.805000000000000000e+02,3.765300000000000000e+06
2.008101300000000000e+07,9.400000000000000000e+02,9.400000000000000000e+02,8.110000000000000000e+02,9.120000000000000000e+02,4.688300000000000000e+06
2.008102000000000000e+07,9.250000000000000000e+02,9.390000000000000000e+02,7.400000000000000000e+02,7.900000000000000000e+02,2.256500000000000000e+06
2.008102700000000000e+07,7.725000000000000000e+02,1.090000000000000000e+03,7.725000000000000000e+02,9.125000000000000000e+02,2.308400000000000000e+06
2.008110300000000000e+07,9.395000000000000000e+02,1.013000000000000000e+03,9.200000000000000000e+02,9.800000000000000000e+02,3.167900000000000000e+06
2.008111000000000000e+07,1.025000000000000000e+03,1.045000000000000000e+03,9.580000000000000000e+02,1.010000000000000000e+03,4.375000000000000000e+06
2.008111700000000000e+07,9.785000000000000000e+02,1.095000000000000000e+03,9.785000000000000000e+02,9.950000000000000000e+02,4.500700000000000000e+06
2.008112400000000000e+07,1.010000000000000000e+03,1.060000000000000000e+03,9.625000000000000000e+02,9.840000000000000000e+02,1.092640000000000000e+07
2.008120100000000000e+07,1.000000000000000000e+03,1.083000000000000000e+03,9.150000000000000000e+02,1.008000000000000000e+03,3.084800000000000000e+06
2.008120800000000000e+07,1.072000000000000000e+03,1.107000000000000000e+03,9.805000000000000000e+02,1.000000000000000000e+03,2.084600000000000000e+06
2.008121500000000000e+07,1.040000000000000000e+03,1.049000000000000000e+03,8.260000000000000000e+02,9.190000000000000000e+02,3.696500000000000000e+06
2.008122200000000000e+07,9.300000000000000000e+02,9.395000000000000000e+02,8.780000000000000000e+02,9.100000000000000000e+02,3.876000000000000000e+05
2.008122900000000000e+07,9.100000000000000000e+02,9.150000000000000000e+02,8.830000000000000000e+02,9.000000000000000000e+02,6.343000000000000000e+05
2.009010500000000000e+07,9.150000000000000000e+02,1.000000000000000000e+03,8.830000000000000000e+02,9.700000000000000000e+02,2.298800000000000000e+06
2.009011200000000000e+07,9.785000000000000000e+02,9.970000000000000000e+02,8.970000000000000000e+02,8.970000000000000000e+02,2.312800000000000000e+06
2.009011900000000000e+07,9.050000000000000000e+02,9.680000000000000000e+02,8.680000000000000000e+02,8.915000000000000000e+02,2.216900000000000000e+06
2.009012600000000000e+07,8.945000000000000000e+02,9.380000000000000000e+02,8.775000000000000000e+02,8.990000000000000000e+02,3.727600000000000000e+06
2.009020200000000000e+07,8.980000000000000000e+02,9.145000000000000000e+02,8.515000000000000000e+02,9.140000000000000000e+02,1.128900000000000000e+06
2.009020900000000000e+07,9.070000000000000000e+02,9.470000000000000000e+02,8.780000000000000000e+02,9.050000000000000000e+02,3.118100000000000000e+06
2.009021600000000000e+07,9.005000000000000000e+02,9.055000000000000000e+02,8.055000000000000000e+02,8.090000000000000000e+02,3.941000000000000000e+06
2.009022300000000000e+07,8.280000000000000000e+02,8.790000000000000000e+02,7.935000000000000000e+02,8.550000000000000000e+02,3.098900000000000000e+06
2.009030200000000000e+07,8.550000000000000000e+02,9.300000000000000000e+02,8.300000000000000000e+02,8.500000000000000000e+02,6.314200000000000000e+06
2.009030900000000000e+07,8.590000000000000000e+02,9.495000000000000000e+02,8.400000000000000000e+02,8.875000000000000000e+02,4.428700000000000000e+06
2.009031600000000000e+07,9.055000000000000000e+02,9.160000000000000000e+02,8.400000000000000000e+02,8.545000000000000000e+02,3.459100000000000000e+06
2.009032300000000000e+07,8.795000000000000000e+02,9.280000000000000000e+02,8.375000000000000000e+02,8.555000000000000000e+02,2.578600000000000000e+06
2.009033000000000000e+07,8.380000000000000000e+02,9.080000000000000000e+02,8.250000000000000000e+02,8.895000000000000000e+02,3.456800000000000000e+06
2.009040600000000000e+07,9.070000000000000000e+02,9.070000000000000000e+02,8.700000000000000000e+02,8.930000000000000000e+02,2.656500000000000000e+06
2.009041300000000000e+07,8.930000000000000000e+02,9.210000000000000000e+02,8.470000000000000000e+02,9.170000000000000000e+02,3.478200000000000000e+06
2.009042000000000000e+07,9.130000000000000000e+02,9.645000000000000000e+02,8.835000000000000000e+02,9.435000000000000000e+02,2.789700000000000000e+06
2.009042700000000000e+07,9.365000000000000000e+02,9.564299926757812500e+02,9.027999877929687500e+02,9.150000000000000000e+02,1.684940000000000000e+07
2.009050400000000000e+07,9.150000000000000000e+02,9.220000000000000000e+02,8.525000000000000000e+02,8.535000000000000000e+02,4.674000000000000000e+06
2.009051100000000000e+07,8.595000000000000000e+02,9.125000000000000000e+02,8.355000000000000000e+02,8.920000000000000000e+02,4.322800000000000000e+06
2.009051800000000000e+07,8.805000000000000000e+02,9.125000000000000000e+02,8.740000000000000000e+02,8.885000000000000000e+02,2.598100000000000000e+06
2.009052500000000000e+07,8.885000000000000000e+02,8.950000000000000000e+02,8.550000000000000000e+02,8.585000000000000000e+02,1.770600000000000000e+06
2.009060100000000000e+07,8.650000000000000000e+02,8.845000000000000000e+02,8.530000000000000000e+02,8.610000000000000000e+02,2.997500000000000000e+06
2.009060800000000000e+07,8.615000000000000000e+02,8.685000000000000000e+02,8.420000000000000000e+02,8.435000000000000000e+02,2.905500000000000000e+06
2.009061500000000000e+07,8.470000000000000000e+02,8.775000000000000000e+02,8.335000000000000000e+02,8.700000000000000000e+02,3.530700000000000000e+06
2.009062200000000000e+07,8.655000000000000000e+02,8.785000000000000000e+02,8.505000000000000000e+02,8.560000000000000000e+02,3.197700000000000000e+06
2.009062900000000000e+07,8.700000000000000000e+02,8.985000000000000000e+02,8.610000000000000000e+02,8.910000000000000000e+02,3.458100000000000000e+06
2.009070600000000000e+07,8.910000000000000000e+02,9.040000000000000000e+02,8.635000000000000000e+02,8.805000000000000000e+02,3.194600000000000000e+06
2.009071300000000000e+07,8.755000000000000000e+02,9.180000000000000000e+02,8.705000000000000000e+02,9.045000000000000000e+02,2.370000000000000000e+06
2.009072000000000000e+07,9.105000000000000000e+02,9.560000000000000000e+02,9.080000000000000000e+02,9.400000000000000000e+02,2.668900000000000000e+06
2.009072700000000000e+07,9.480000000000000000e+02,9.860000000000000000e+02,9.210000000000000000e+02,9.565000000000000000e+02,1.869400000000000000e+06
2.009080300000000000e+07,9.525000000000000000e+02,9.980000000000000000e+02,9.475000000000000000e+02,9.955000000000000000e+02,1.600900000000000000e+06
2.009081000000000000e+07,9.950000000000000000e+02,1.022000000000000000e+03,9.655000000000000000e+02,1.013000000000000000e+03,2.067000000000000000e+06
2.009081700000000000e+07,1.008000000000000000e+03,1.090000000000000000e+03,9.910000000000000000e+02,1.079000000000000000e+03,2.050000000000000000e+06
2.009082400000000000e+07,1.074000000000000000e+03,1.084000000000000000e+03,1.025000000000000000e+03,1.069000000000000000e+03,2.276600000000000000e+06
2.009083100000000000e+07,1.069000000000000000e+03,1.094000000000000000e+03,1.035000000000000000e+03,1.059000000000000000e+03,1.952400000000000000e+06
2.009090700000000000e+07,1.073000000000000000e+03,1.135000000000000000e+03,1.051000000000000000e+03,1.129000000000000000e+03,1.990800000000000000e+06
2.009091400000000000e+07,1.133000000000000000e+03,1.188000000000000000e+03,1.112000000000000000e+03,1.155000000000000000e+03,3.976400000000000000e+06
2.009092100000000000e+07,1.157000000000000000e+03,1.184000000000000000e+03,1.141000000000000000e+03,1.146000000000000000e+03,2.278300000000000000e+06
2.009092800000000000e+07,1.150000000000000000e+03,1.163000000000000000e+03,1.124000000000000000e+03,1.127000000000000000e+03,2.698800000000000000e+06
2.009100500000000000e+07,1.132000000000000000e+03,1.160000000000000000e+03,1.085000000000000000e+03,1.090000000000000000e+03,2.631800000000000000e+06
2.009101200000000000e+07,1.086000000000000000e+03,1.101040039062500000e+03,1.053000000000000000e+03,1.063000000000000000e+03,3.819100000000000000e+06
2.009101900000000000e+07,1.061000000000000000e+03,1.101000000000000000e+03,1.042000000000000000e+03,1.087000000000000000e+03,2.704200000000000000e+06
2.009102600000000000e+07,1.092000000000000000e+03,1.098000000000000000e+03,1.016000000000000000e+03,1.027000000000000000e+03,2.419400000000000000e+06
2.009110200000000000e+07,1.024000000000000000e+03,1.064000000000000000e+03,1.006000000000000000e+03,1.035000000000000000e+03,2.300900000000000000e+06
2.009110900000000000e+07,1.041000000000000000e+03,1.057000000000000000e+03,1.024000000000000000e+03,1.034000000000000000e+03,1.861700000000000000e+06
2.009111600000000000e+07,1.040000000000000000e+03,1.043000000000000000e+03,1.004000000000000000e+03,1.008000000000000000e+03,1.877700000000000000e+06
2.009112300000000000e+07,1.008000000000000000e+03,1.068000000000000000e+03,1.003000000000000000e+03,1.064000000000000000e+03,2.755000000000000000e+06
2.009113000000000000e+07,1.061000000000000000e+03,1.093000000000000000e+03,1.045000000000000000e+03,1.076000000000000000e+03,1.916100000000000000e+06
2.009120700000000000e+07,1.074000000000000000e+03,1.129000000000000000e+03,1.070000000000000000e+03,1.107000000000000000e+03,3.204400000000000000e+06
2.009121400000000000e+07,1.123000000000000000e+03,1.144000000000000000e+03,1.092000000000000000e+03,1.113000000000000000e+03,2.411400000000000000e+06
2.009122100000000000e+07,1.116000000000000000e+03,1.172000000000000000e+03,1.116000000000000000e+03,1.172000000000000000e+03,1.111300000000000000e+06
2.010010400000000000e+07,1.183000000000000000e+03,1.190000000000000000e+03,1.135000000000000000e+03,1.149000000000000000e+03,2.203900000000000000e+06
2.010011100000000000e+07,1.159000000000000000e+03,1.180000000000000000e+03,1.123000000000000000e+03,1.148000000000000000e+03,2.583100000000000000e+06
2.010011800000000000e+07,1.157000000000000000e+03,1.157000000000000000e+03,1.112000000000000000e+03,1.114000000000000000e+03,2.156500000000000000e+06
2.010012500000000000e+07,1.110000000000000000e+03,1.150000000000000000e+03,1.105000000000000000e+03,1.133000000000000000e+03,2.939000000000000000e+06
2.010020100000000000e+07,1.129000000000000000e+03,1.332000000000000000e+03,1.110000000000000000e+03,1.129000000000000000e+03,2.466200000000000000e+06
2.010020800000000000e+07,1.129000000000000000e+03,1.173000000000000000e+03,1.117000000000000000e+03,1.163000000000000000e+03,2.363500000000000000e+06
2.010021500000000000e+07,1.167000000000000000e+03,1.214000000000000000e+03,1.165000000000000000e+03,1.212000000000000000e+03,1.952100000000000000e+06
2.010022200000000000e+07,1.210000000000000000e+03,1.242000000000000000e+03,1.195000000000000000e+03,1.240000000000000000e+03,2.603100000000000000e+06
2.010030100000000000e+07,1.250000000000000000e+03,1.315000000000000000e+03,1.195000000000000000e+03,1.315000000000000000e+03,4.209400000000000000e+06
2.010030800000000000e+07,1.242000000000000000e+03,1.263000000000000000e+03,1.228000000000000000e+03,1.238000000000000000e+03,2.028200000000000000e+06
2.010031500000000000e+07,1.241000000000000000e+03,1.285000000000000000e+03,1.239000000000000000e+03,1.280000000000000000e+03,3.170200000000000000e+06
2.010032200000000000e+07,1.279000000000000000e+03,1.336000000000000000e+03,1.268000000000000000e+03,1.315000000000000000e+03,2.444100000000000000e+06
2.010032900000000000e+07,1.320000000000000000e+03,1.351000000000000000e+03,1.313000000000000000e+03,1.332000000000000000e+03,2.201800000000000000e+06
2.010040500000000000e+07,1.332000000000000000e+03,1.403000000000000000e+03,1.318000000000000000e+03,1.343000000000000000e+03,3.057400000000000000e+06
2.010041200000000000e+07,1.348000000000000000e+03,1.361000000000000000e+03,1.311000000000000000e+03,1.313000000000000000e+03,2.144500000000000000e+06
2.010041900000000000e+07,1.308000000000000000e+03,1.367000000000000000e+03,1.301000000000000000e+03,1.355000000000000000e+03,3.079100000000000000e+06
2.010042600000000000e+07,1.377000000000000000e+03,1.377000000000000000e+03,1.284000000000000000e+03,1.315000000000000000e+03,3.394100000000000000e+06
2.010050300000000000e+07,1.315000000000000000e+03,1.332000000000000000e+03,1.226000000000000000e+03,1.242000000000000000e+03,2.576600000000000000e+06
2.010051000000000000e+07,1.277000000000000000e+03,1.331000000000000000e+03,1.266000000000000000e+03,1.287000000000000000e+03,2.381200000000000000e+06
2.010051700000000000e+07,1.288000000000000000e+03,1.309000000000000000e+03,1.240000000000000000e+03,1.261000000000000000e+03,3.424000000000000000e+06
2.010052400000000000e+07,1.268000000000000000e+03,1.306000000000000000e+03,1.237000000000000000e+03,1.290000000000000000e+03,3.234000000000000000e+06
2.010053100000000000e+07,1.290000000000000000e+03,1.330000000000000000e+03,1.290000000000000000e+03,1.315000000000000000e+03,2.852900000000000000e+06
2.010060700000000000e+07,1.294000000000000000e+03,1.387000000000000000e+03,1.294000000000000000e+03,1.372000000000000000e+03,2.694800000000000000e+06
2.010061400000000000e+07,1.385000000000000000e+03,1.425000000000000000e+03,1.367000000000000000e+03,1.418000000000000000e+03,2.868300000000000000e+06
2.010062100000000000e+07,1.432000000000000000e+03,1.441000000000000000e+03,1.395000000000000000e+03,1.402000000000000000e+03,2.465200000000000000e+06
2.010062800000000000e+07,1.412000000000000000e+03,1.416000000000000000e+03,1.380000000000000000e+03,1.400000000000000000e+03,4.472500000000000000e+06
2.010070500000000000e+07,1.398000000000000000e+03,1.483000000000000000e+03,1.392000000000000000e+03,1.474000000000000000e+03,2.182800000000000000e+06
2.010071200000000000e+07,1.468000000000000000e+03,1.477000000000000000e+03,1.404000000000000000e+03,1.410000000000000000e+03,5.239300000000000000e+06
2.010071900000000000e+07,1.410000000000000000e+03,1.513000000000000000e+03,1.400000000000000000e+03,1.498000000000000000e+03,2.849000000000000000e+06
2.010072600000000000e+07,1.510000000000000000e+03,1.519000000000000000e+03,1.446000000000000000e+03,1.448000000000000000e+03,2.808300000000000000e+06
2.010080200000000000e+07,1.462000000000000000e+03,1.520000000000000000e+03,1.460000000000000000e+03,1.487000000000000000e+03,3.170700000000000000e+06
2.010080900000000000e+07,1.501000000000000000e+03,1.513000000000000000e+03,1.454000000000000000e+03,1.459000000000000000e+03,1.878800000000000000e+06
2.010081600000000000e+07,1.459000000000000000e+03,1.507000000000000000e+03,1.452000000000000000e+03,1.462000000000000000e+03,1.906900000000000000e+06
2.010082300000000000e+07,1.471000000000000000e+03,1.556000000000000000e+03,1.447000000000000000e+03,1.519000000000000000e+03,3.634200000000000000e+06
2.010083000000000000e+07,1.519000000000000000e+03,1.586000000000000000e+03,1.503000000000000000e+03,1.560000000000000000e+03,3.454800000000000000e+06
2.010090600000000000e+07,1.565000000000000000e+03,1.642000000000000000e+03,1.556000000000000000e+03,1.635000000000000000e+03,2.996300000000000000e+06
2.010091300000000000e+07,1.641000000000000000e+03,1.686000000000000000e+03,1.627000000000000000e+03,1.668000000000000000e+03,3.277100000000000000e+06
2.010092000000000000e+07,1.677000000000000000e+03,1.683000000000000000e+03,1.622000000000000000e+03,1.632000000000000000e+03,2.600500000000000000e+06
2.010092700000000000e+07,1.640000000000000000e+03,1.695000000000000000e+03,1.602000000000000000e+03,1.682000000000000000e+03,2.606400000000000000e+06
2.010100400000000000e+07,1.684000000000000000e+03,1.684000000000000000e+03,1.576000000000000000e+03,1.607000000000000000e+03,3.465900000000000000e+06
2.010101100000000000e+07,1.624000000000000000e+03,1.649000000000000000e+03,1.604000000000000000e+03,1.616000000000000000e+03,2.036000000000000000e+06
2.010101800000000000e+07,1.614000000000000000e+03,1.627000000000000000e+03,1.602000000000000000e+03,1.609000000000000000e+03,1.577600000000000000e+06
2.010102500000000000e+07,1.621000000000000000e+03,1.652000000000000000e+03,1.600000000000000000e+03,1.630000000000000000e+03,1.585100000000000000e+06
2.010110100000000000e+07,1.636000000000000000e+03,1.721000000000000000e+03,1.603000000000000000e+03,1.693000000000000000e+03,3.332300000000000000e+06
2.010110800000000000e+07,1.692000000000000000e+03,1.700000000000000000e+03,1.558000000000000000e+03,1.562000000000000000e+03,2.054600000000000000e+06
2.010111500000000000e+07,1.565000000000000000e+03,1.591000000000000000e+03,1.534000000000000000e+03,1.554000000000000000e+03,2.514400000000000000e+06
2.010112200000000000e+07,1.567000000000000000e+03,1.584000000000000000e+03,1.494000000000000000e+03,1.576000000000000000e+03,2.311800000000000000e+06
2.010112900000000000e+07,1.584000000000000000e+03,1.616000000000000000e+03,1.528000000000000000e+03,1.606000000000000000e+03,2.499000000000000000e+06
2.010120600000000000e+07,1.613000000000000000e+03,1.620000000000000000e+03,1.537000000000000000e+03,1.556000000000000000e+03,2.266600000000000000e+06
2.010121300000000000e+07,1.559000000000000000e+03,1.571000000000000000e+03,1.526000000000000000e+03,1.551000000000000000e+03,2.798600000000000000e+06
2.010122000000000000e+07,1.553000000000000000e+03,1.587000000000000000e+03,1.528000000000000000e+03,1.545000000000000000e+03,1.513700000000000000e+06
2.010122700000000000e+07,1.545000000000000000e+03,1.570000000000000000e+03,1.510000000000000000e+03,1.548000000000000000e+03,1.407800000000000000e+06
2.011011000000000000e+07,1.565000000000000000e+03,1.588000000000000000e+03,1.503000000000000000e+03,1.573000000000000000e+03,2.132600000000000000e+06
2.011011700000000000e+07,1.574000000000000000e+03,1.656000000000000000e+03,1.561000000000000000e+03,1.656000000000000000e+03,1.980100000000000000e+06
2.011012400000000000e+07,1.660000000000000000e+03,1.672000000000000000e+03,1.632000000000000000e+03,1.637000000000000000e+03,2.808600000000000000e+06
2.011013100000000000e+07,1.636000000000000000e+03,1.754000000000000000e+03,1.624000000000000000e+03,1.703000000000000000e+03,2.592400000000000000e+06
2.011020700000000000e+07,1.707000000000000000e+03,1.725000000000000000e+03,1.684000000000000000e+03,1.704000000000000000e+03,1.567200000000000000e+06
2.011021400000000000e+07,1.714000000000000000e+03,1.757000000000000000e+03,1.684000000000000000e+03,1.753000000000000000e+03,1.241700000000000000e+06
2.011022100000000000e+07,1.751000000000000000e+03,1.770000000000000000e+03,1.638000000000000000e+03,1.661000000000000000e+03,1.989100000000000000e+06
2.011022800000000000e+07,1.670000000000000000e+03,1.729000000000000000e+03,1.641000000000000000e+03,1.680000000000000000e+03,3.529000000000000000e+06
2.011030700000000000e+07,1.673000000000000000e+03,1.676000000000000000e+03,1.581000000000000000e+03,1.600000000000000000e+03,2.672900000000000000e+06
2.011031400000000000e+07,1.600000000000000000e+03,1.600000000000000000e+03,1.546000000000000000e+03,1.565000000000000000e+03,4.226900000000000000e+06
2.011032100000000000e+07,1.580000000000000000e+03,1.592000000000000000e+03,1.561000000000000000e+03,1.576000000000000000e+03,2.682200000000000000e+06
2.011032800000000000e+07,1.581000000000000000e+03,1.611000000000000000e+03,1.549000000000000000e+03,1.611000000000000000e+03,2.628300000000000000e+06
2.011040400000000000e+07,1.610000000000000000e+03,1.636000000000000000e+03,1.601000000000000000e+03,1.613000000000000000e+03,2.096200000000000000e+06
2.011041100000000000e+07,1.613000000000000000e+03,1.642000000000000000e+03,1.604000000000000000e+03,1.639000000000000000e+03,2.947200000000000000e+06
2.011041800000000000e+07,1.640000000000000000e+03,1.667000000000000000e+03,1.606000000000000000e+03,1.660000000000000000e+03,1.497400000000000000e+06
2.011050900000000000e+07,1.698000000000000000e+03,1.773000000000000000e+03,1.679000000000000000e+03,1.751000000000000000e+03,2.032700000000000000e+06
2.011051600000000000e+07,1.744000000000000000e+03,1.765000000000000000e+03,1.691000000000000000e+03,1.712000000000000000e+03,2.429200000000000000e+06
2.011052300000000000e+07,1.698000000000000000e+03,1.704000000000000000e+03,1.626000000000000000e+03,1.687000000000000000e+03,3.538400000000000000e+06
2.011060600000000000e+07,1.696000000000000000e+03,1.752000000000000000e+03,1.685000000000000000e+03,1.710000000000000000e+03,3.125500000000000000e+06
2.011061300000000000e+07,1.710000000000000000e+03,1.729000000000000000e+03,1.663000000000000000e+03,1.689000000000000000e+03,2.528400000000000000e+06
2.011062000000000000e+07,1.680000000000000000e+03,1.683000000000000000e+03,1.622000000000000000e+03,1.631000000000000000e+03,2.079000000000000000e+06
2.011062700000000000e+07,1.625000000000000000e+03,1.677000000000000000e+03,1.625000000000000000e+03,1.673000000000000000e+03,2.121900000000000000e+06
2.011070400000000000e+07,1.678000000000000000e+03,1.681000000000000000e+03,1.616000000000000000e+03,1.626000000000000000e+03,2.880700000000000000e+06
2.011071100000000000e+07,1.621000000000000000e+03,1.626000000000000000e+03,1.524000000000000000e+03,1.586000000000000000e+03,3.537700000000000000e+06
2.011071800000000000e+07,1.580000000000000000e+03,1.630000000000000000e+03,1.531000000000000000e+03,1.594000000000000000e+03,2.567700000000000000e+06
2.011072500000000000e+07,1.578000000000000000e+03,1.586380004882812500e+03,1.509910034179687500e+03,1.549000000000000000e+03,3.018600000000000000e+06
2.011080100000000000e+07,1.555000000000000000e+03,1.571000000000000000e+03,1.491000000000000000e+03,1.497000000000000000e+03,4.630600000000000000e+06
2.011080800000000000e+07,1.484000000000000000e+03,1.510000000000000000e+03,1.366000000000000000e+03,1.510000000000000000e+03,4.384100000000000000e+06
2.011081500000000000e+07,1.518000000000000000e+03,1.553000000000000000e+03,1.444000000000000000e+03,1.495000000000000000e+03,2.745200000000000000e+06
2.011082200000000000e+07,1.505000000000000000e+03,1.556000000000000000e+03,1.249000000000000000e+03,1.318000000000000000e+03,1.131450000000000000e+07
2.011090500000000000e+07,1.343000000000000000e+03,1.400000000000000000e+03,1.284000000000000000e+03,1.307000000000000000e+03,3.843700000000000000e+06
2.011091200000000000e+07,1.284000000000000000e+03,1.325000000000000000e+03,1.252000000000000000e+03,1.297000000000000000e+03,3.812300000000000000e+06
2.011091900000000000e+07,1.270000000000000000e+03,1.298709960937500000e+03,1.185000000000000000e+03,1.271000000000000000e+03,4.211000000000000000e+06
2.011092600000000000e+07,1.252000000000000000e+03,1.386000000000000000e+03,1.252000000000000000e+03,1.263000000000000000e+03,3.639400000000000000e+06
2.011100300000000000e+07,1.208000000000000000e+03,1.275000000000000000e+03,1.192000000000000000e+03,1.238000000000000000e+03,4.964500000000000000e+06
2.011101000000000000e+07,1.234000000000000000e+03,1.270000000000000000e+03,1.220000000000000000e+03,1.263000000000000000e+03,4.198900000000000000e+06
2.011101700000000000e+07,1.280000000000000000e+03,1.284000000000000000e+03,1.197000000000000000e+03,1.222000000000000000e+03,2.929800000000000000e+06
2.011102400000000000e+07,1.232000000000000000e+03,1.273000000000000000e+03,1.203000000000000000e+03,1.222000000000000000e+03,3.692300000000000000e+06
2.011103100000000000e+07,1.220000000000000000e+03,1.221000000000000000e+03,1.089000000000000000e+03,1.186000000000000000e+03,6.686100000000000000e+06
2.011110700000000000e+07,1.181000000000000000e+03,1.210000000000000000e+03,7.960000000000000000e+02,8.400000000000000000e+02,1.714910000000000000e+07
2.011111400000000000e+07,8.585000000000000000e+02,8.792310180664062500e+02,7.846500244140625000e+02,8.205000000000000000e+02,8.576400000000000000e+06
2.011112100000000000e+07,8.135000000000000000e+02,8.960000000000000000e+02,7.981500244140625000e+02,8.810000000000000000e+02,6.033900000000000000e+06
2.011112800000000000e+07,8.890000000000000000e+02,9.431870117187500000e+02,8.725000000000000000e+02,9.115000000000000000e+02,5.399300000000000000e+06
2.011120500000000000e+07,9.170000000000000000e+02,9.335000000000000000e+02,8.270000000000000000e+02,8.545000000000000000e+02,4.781200000000000000e+06
2.011121200000000000e+07,8.565000000000000000e+02,8.575000000000000000e+02,7.860000000000000000e+02,8.020000000000000000e+02,3.453000000000000000e+06
2.011121900000000000e+07,7.975000000000000000e+02,8.530000000000000000e+02,7.942579956054687500e+02,8.315000000000000000e+02,1.951700000000000000e+06
2.011122600000000000e+07,8.315000000000000000e+02,8.555000000000000000e+02,8.290000000000000000e+02,8.520000000000000000e+02,8.436000000000000000e+05
2.012010200000000000e+07,8.520000000000000000e+02,8.863120117187500000e+02,8.360000000000000000e+02,8.445000000000000000e+02,2.269200000000000000e+06
2.012010900000000000e+07,8.470000000000000000e+02,8.840000000000000000e+02,8.250000000000000000e+02,8.790000000000000000e+02,2.455300000000000000e+06
2.012011600000000000e+07,8.780000000000000000e+02,8.995000000000000000e+02,8.570000000000000000e+02,8.885000000000000000e+02,2.797500000000000000e+06
2.012012300000000000e+07,8.870000000000000000e+02,9.310000000000000000e+02,8.870000000000000000e+02,9.205000000000000000e+02,2.885000000000000000e+06
2.012013000000000000e+07,9.115000000000000000e+02,1.066000000000000000e+03,8.910000000000000000e+02,1.038000000000000000e+03,6.080400000000000000e+06
2.012020600000000000e+07,1.031000000000000000e+03,1.031000000000000000e+03,9.520000000000000000e+02,9.640000000000000000e+02,4.012500000000000000e+06
2.012021300000000000e+07,9.690000000000000000e+02,9.970999755859375000e+02,9.515000000000000000e+02,9.970000000000000000e+02,3.004400000000000000e+06
2.012022000000000000e+07,9.990000000000000000e+02,1.066000000000000000e+03,9.990000000000000000e+02,1.047000000000000000e+03,3.400800000000000000e+06
2.012022700000000000e+07,1.042000000000000000e+03,1.104000000000000000e+03,1.030000000000000000e+03,1.059000000000000000e+03,4.152000000000000000e+06
2.012030500000000000e+07,1.054000000000000000e+03,1.187119995117187500e+03,1.008000000000000000e+03,1.158000000000000000e+03,7.477400000000000000e+06
2.012031200000000000e+07,1.154000000000000000e+03,1.213000000000000000e+03,1.148000000000000000e+03,1.207000000000000000e+03,4.380900000000000000e+06
2.012031900000000000e+07,1.205000000000000000e+03,1.213000000000000000e+03,1.148000000000000000e+03,1.164000000000000000e+03,3.249400000000000000e+06
2.012032600000000000e+07,1.165000000000000000e+03,1.197000000000000000e+03,1.140000000000000000e+03,1.187000000000000000e+03,3.314300000000000000e+06
2.012040200000000000e+07,1.185000000000000000e+03,1.216250000000000000e+03,1.162000000000000000e+03,1.207000000000000000e+03,3.885000000000000000e+06
2.012040900000000000e+07,1.207000000000000000e+03,1.226000000000000000e+03,1.175000000000000000e+03,1.183000000000000000e+03,3.977300000000000000e+06
2.012041600000000000e+07,1.175000000000000000e+03,1.228000000000000000e+03,1.164000000000000000e+03,1.225000000000000000e+03,6.309400000000000000e+06
2.012042300000000000e+07,1.224000000000000000e+03,1.233000000000000000e+03,1.176000000000000000e+03,1.220000000000000000e+03,4.344000000000000000e+06
2.012043000000000000e+07,1.223000000000000000e+03,1.223500000000000000e+03,1.152000000000000000e+03,1.160000000000000000e+03,2.758200000000000000e+06
2.012050700000000000e+07,1.160000000000000000e+03,1.176000000000000000e+03,1.134469970703125000e+03,1.145000000000000000e+03,2.906700000000000000e+06
2.012051400000000000e+07,1.131000000000000000e+03,1.143000000000000000e+03,1.088250000000000000e+03,1.090000000000000000e+03,2.658100000000000000e+06
2.012052100000000000e+07,1.086000000000000000e+03,1.123000000000000000e+03,1.065000000000000000e+03,1.116000000000000000e+03,4.119500000000000000e+06
2.012052800000000000e+07,1.125000000000000000e+03,1.147000000000000000e+03,1.038530029296875000e+03,1.045000000000000000e+03,4.343700000000000000e+06
2.012060400000000000e+07,1.045000000000000000e+03,1.087000000000000000e+03,1.045000000000000000e+03,1.074000000000000000e+03,2.045200000000000000e+06
2.012061100000000000e+07,1.093000000000000000e+03,1.151000000000000000e+03,1.070000000000000000e+03,1.131000000000000000e+03,3.654900000000000000e+06
2.012061800000000000e+07,1.152000000000000000e+03,1.192000000000000000e+03,1.114380004882812500e+03,1.158000000000000000e+03,2.200500000000000000e+06
2.012062500000000000e+07,1.154000000000000000e+03,1.201000000000000000e+03,1.136000000000000000e+03,1.192000000000000000e+03,2.202500000000000000e+06
2.012070200000000000e+07,1.195000000000000000e+03,1.195000000000000000e+03,1.150000000000000000e+03,1.163000000000000000e+03,1.826100000000000000e+06
2.012070900000000000e+07,1.159000000000000000e+03,1.192000000000000000e+03,1.153000000000000000e+03,1.183000000000000000e+03,1.419600000000000000e+06
2.012071600000000000e+07,1.186000000000000000e+03,1.207020019531250000e+03,1.118000000000000000e+03,1.171000000000000000e+03,3.035400000000000000e+06
2.012072300000000000e+07,1.155000000000000000e+03,1.169000000000000000e+03,1.102000000000000000e+03,1.119000000000000000e+03,2.130500000000000000e+06
2.012073000000000000e+07,1.121000000000000000e+03,1.159000000000000000e+03,1.088000000000000000e+03,1.156000000000000000e+03,2.553400000000000000e+06
2.012080600000000000e+07,1.156000000000000000e+03,1.188000000000000000e+03,1.140000000000000000e+03,1.175000000000000000e+03,1.333500000000000000e+06
2.012081300000000000e+07,1.174000000000000000e+03,1.201000000000000000e+03,1.145000000000000000e+03,1.173000000000000000e+03,1.369100000000000000e+06
2.012082000000000000e+07,1.170000000000000000e+03,1.207000000000000000e+03,1.170000000000000000e+03,1.189000000000000000e+03,1.105400000000000000e+06
2.012082700000000000e+07,1.189000000000000000e+03,1.214000000000000000e+03,1.148000000000000000e+03,1.186000000000000000e+03,2.670500000000000000e+06
2.012090300000000000e+07,1.176000000000000000e+03,1.179000000000000000e+03,1.094000000000000000e+03,1.137000000000000000e+03,3.403700000000000000e+06
2.012091000000000000e+07,1.137000000000000000e+03,1.140130004882812500e+03,1.080000000000000000e+03,1.123000000000000000e+03,2.687300000000000000e+06
2.012091700000000000e+07,1.111000000000000000e+03,1.118000000000000000e+03,1.072000000000000000e+03,1.090000000000000000e+03,3.299100000000000000e+06
2.012092400000000000e+07,1.085000000000000000e+03,1.103000000000000000e+03,1.042000000000000000e+03,1.053000000000000000e+03,2.845600000000000000e+06
2.012100100000000000e+07,1.051000000000000000e+03,1.084000000000000000e+03,1.045000000000000000e+03,1.080000000000000000e+03,3.369600000000000000e+06
2.012100800000000000e+07,1.072000000000000000e+03,1.100280029296875000e+03,1.063000000000000000e+03,1.087000000000000000e+03,2.387400000000000000e+06
2.012101500000000000e+07,1.083000000000000000e+03,1.181000000000000000e+03,1.083000000000000000e+03,1.149000000000000000e+03,3.650400000000000000e+06
2.012102200000000000e+07,1.149000000000000000e+03,1.162000000000000000e+03,1.098000000000000000e+03,1.117000000000000000e+03,1.847800000000000000e+06
2.012102900000000000e+07,1.106000000000000000e+03,1.144000000000000000e+03,1.072000000000000000e+03,1.081000000000000000e+03,3.528300000000000000e+06
2.012110500000000000e+07,1.072000000000000000e+03,1.096550048828125000e+03,1.018000000000000000e+03,1.054000000000000000e+03,6.666300000000000000e+06
2.012111200000000000e+07,1.056000000000000000e+03,1.098000000000000000e+03,1.049000000000000000e+03,1.060000000000000000e+03,3.654300000000000000e+06
2.012111900000000000e+07,1.069000000000000000e+03,1.099000000000000000e+03,1.068000000000000000e+03,1.098000000000000000e+03,1.774700000000000000e+06
2.012112600000000000e+07,1.099000000000000000e+03,1.128000000000000000e+03,1.093880004882812500e+03,1.119000000000000000e+03,3.131300000000000000e+06
2.012120300000000000e+07,1.123000000000000000e+03,1.153000000000000000e+03,1.123000000000000000e+03,1.130000000000000000e+03,1.976400000000000000e+06
2.012121000000000000e+07,1.128000000000000000e+03,1.169000000000000000e+03,1.106000000000000000e+03,1.135000000000000000e+03,1.967400000000000000e+06
2.012121700000000000e+07,1.136000000000000000e+03,1.217000000000000000e+03,1.128000000000000000e+03,1.200000000000000000e+03,2.289300000000000000e+06
2.012122400000000000e+07,1.197000000000000000e+03,1.200000000000000000e+03,1.161500000000000000e+03,1.176000000000000000e+03,5.002000000000000000e+05
2.012123100000000000e+07,1.174000000000000000e+03,1.210000000000000000e+03,1.159000000000000000e+03,1.202000000000000000e+03,1.234700000000000000e+06
2.013010700000000000e+07,1.200000000000000000e+03,1.204000000000000000e+03,1.172000000000000000e+03,1.192000000000000000e+03,2.034200000000000000e+06
2.013011400000000000e+07,1.194000000000000000e+03,1.200000000000000000e+03,1.146000000000000000e+03,1.154000000000000000e+03,1.864600000000000000e+06
2.013012100000000000e+07,1.210000000000000000e+03,1.236500000000000000e+03,1.201000000000000000e+03,1.222000000000000000e+03,2.396500000000000000e+06
2.013012800000000000e+07,1.216000000000000000e+03,1.249000000000000000e+03,1.205000000000000000e+03,1.234000000000000000e+03,2.094800000000000000e+06
2.013020400000000000e+07,1.230000000000000000e+03,1.242000000000000000e+03,1.211000000000000000e+03,1.228000000000000000e+03,1.790100000000000000e+06
2.013021100000000000e+07,1.227000000000000000e+03,1.279000000000000000e+03,1.227000000000000000e+03,1.272000000000000000e+03,2.014300000000000000e+06
2.013021800000000000e+07,1.276000000000000000e+03,1.300000000000000000e+03,1.254000000000000000e+03,1.261000000000000000e+03,2.233100000000000000e+06
2.013022500000000000e+07,1.264000000000000000e+03,1.270000000000000000e+03,1.228000000000000000e+03,1.247000000000000000e+03,1.761700000000000000e+06
2.013030400000000000e+07,1.247000000000000000e+03,1.378000000000000000e+03,1.241000000000000000e+03,1.353000000000000000e+03,3.637700000000000000e+06
2.013031100000000000e+07,1.353000000000000000e+03,1.367000000000000000e+03,1.324000000000000000e+03,1.336000000000000000e+03,2.639100000000000000e+06
2.013031800000000000e+07,1.319000000000000000e+03,1.352000000000000000e+03,1.310000000000000000e+03,1.335000000000000000e+03,2.075800000000000000e+06
2.013032500000000000e+07,1.342000000000000000e+03,1.348000000000000000e+03,1.312000000000000000e+03,1.332000000000000000e+03,1.685600000000000000e+06
2.013040100000000000e+07,1.332000000000000000e+03,1.377000000000000000e+03,1.306119995117187500e+03,1.311000000000000000e+03,1.879600000000000000e+06
2.013040800000000000e+07,1.310000000000000000e+03,1.354000000000000000e+03,1.304119995117187500e+03,1.350000000000000000e+03,1.413300000000000000e+06
2.013041500000000000e+07,1.348000000000000000e+03,1.353000000000000000e+03,1.288079956054687500e+03,1.331000000000000000e+03,2.317000000000000000e+06
2.013042200000000000e+07,1.337000000000000000e+03,1.365969970703125000e+03,1.313000000000000000e+03,1.322000000000000000e+03,3.279500000000000000e+06
2.013042900000000000e+07,1.325000000000000000e+03,1.335000000000000000e+03,1.226000000000000000e+03,1.259000000000000000e+03,4.247500000000000000e+06
2.013050600000000000e+07,1.259000000000000000e+03,1.274000000000000000e+03,1.230000000000000000e+03,1.262000000000000000e+03,1.403800000000000000e+06
2.013051300000000000e+07,1.260000000000000000e+03,1.290000000000000000e+03,1.249000000000000000e+03,1.261000000000000000e+03,1.892800000000000000e+06
2.013052000000000000e+07,1.265000000000000000e+03,1.298000000000000000e+03,1.250000000000000000e+03,1.298000000000000000e+03,2.131200000000000000e+06
2.013052700000000000e+07,1.298000000000000000e+03,1.338390014648437500e+03,1.291000000000000000e+03,1.338000000000000000e+03,2.307800000000000000e+06
2.013060300000000000e+07,1.332000000000000000e+03,1.336050048828125000e+03,1.278000000000000000e+03,1.304000000000000000e+03,1.828300000000000000e+06
2.013061000000000000e+07,1.312000000000000000e+03,1.322000000000000000e+03,1.279579956054687500e+03,1.306000000000000000e+03,1.790900000000000000e+06
2.013061700000000000e+07,1.307000000000000000e+03,1.334000000000000000e+03,1.284520019531250000e+03,1.310000000000000000e+03,2.011500000000000000e+06
2.013062400000000000e+07,1.309000000000000000e+03,1.346000000000000000e+03,1.285000000000000000e+03,1.327000000000000000e+03,1.682100000000000000e+06
2.013070100000000000e+07,1.329000000000000000e+03,1.360000000000000000e+03,1.280000000000000000e+03,1.340000000000000000e+03,1.477600000000000000e+06
2.013070800000000000e+07,1.340000000000000000e+03,1.373000000000000000e+03,1.330000000000000000e+03,1.369000000000000000e+03,1.482600000000000000e+06
2.013071500000000000e+07,1.373000000000000000e+03,1.397000000000000000e+03,1.361000000000000000e+03,1.386000000000000000e+03,1.730800000000000000e+06
2.013072200000000000e+07,1.383000000000000000e+03,1.405000000000000000e+03,1.371000000000000000e+03,1.400000000000000000e+03,1.397800000000000000e+06
2.013072900000000000e+07,1.398000000000000000e+03,1.425000000000000000e+03,1.342000000000000000e+03,1.364000000000000000e+03,2.185800000000000000e+06
2.013080500000000000e+07,1.367000000000000000e+03,1.367000000000000000e+03,1.241000000000000000e+03,1.251000000000000000e+03,3.419100000000000000e+06
2.013081200000000000e+07,1.253000000000000000e+03,1.297000000000000000e+03,1.233000000000000000e+03,1.293000000000000000e+03,2.902000000000000000e+06
2.013081900000000000e+07,1.300000000000000000e+03,1.305000000000000000e+03,1.280000000000000000e+03,1.295000000000000000e+03,1.860000000000000000e+06
2.013082600000000000e+07,1.295000000000000000e+03,1.328000000000000000e+03,1.232000000000000000e+03,1.261000000000000000e+03,2.973800000000000000e+06
2.013090200000000000e+07,1.269000000000000000e+03,1.278729980468750000e+03,1.249000000000000000e+03,1.258000000000000000e+03,2.815400000000000000e+06
2.013090900000000000e+07,1.260000000000000000e+03,1.295150024414062500e+03,1.217000000000000000e+03,1.223000000000000000e+03,2.367900000000000000e+06
2.013091600000000000e+07,1.230000000000000000e+03,1.244000000000000000e+03,1.207000000000000000e+03,1.224000000000000000e+03,2.775600000000000000e+06
2.013092300000000000e+07,1.224000000000000000e+03,1.263000000000000000e+03,1.204000000000000000e+03,1.247000000000000000e+03,1.968100000000000000e+06
2.013093000000000000e+07,1.239000000000000000e+03,1.249000000000000000e+03,1.216000000000000000e+03,1.222000000000000000e+03,1.813600000000000000e+06
2.013100700000000000e+07,1.220000000000000000e+03,1.238000000000000000e+03,1.187660034179687500e+03,1.226000000000000000e+03,1.695300000000000000e+06
2.013101400000000000e+07,1.225000000000000000e+03,1.233000000000000000e+03,1.196199951171875000e+03,1.208000000000000000e+03,3.571300000000000000e+06
2.013102100000000000e+07,1.210000000000000000e+03,1.247079956054687500e+03,1.208000000000000000e+03,1.240000000000000000e+03,2.356500000000000000e+06
2.013102800000000000e+07,1.266000000000000000e+03,1.286000000000000000e+03,1.238000000000000000e+03,1.280000000000000000e+03,2.433400000000000000e+06
2.013110400000000000e+07,1.275000000000000000e+03,1.300000000000000000e+03,1.252000000000000000e+03,1.277000000000000000e+03,1.836800000000000000e+06
2.013111100000000000e+07,1.274000000000000000e+03,1.288000000000000000e+03,1.251000000000000000e+03,1.284000000000000000e+03,2.107100000000000000e+06
2.013111800000000000e+07,1.282000000000000000e+03,1.285750000000000000e+03,1.236000000000000000e+03,1.253000000000000000e+03,1.831400000000000000e+06
2.013112500000000000e+07,1.257000000000000000e+03,1.258000000000000000e+03,1.229000000000000000e+03,1.243000000000000000e+03,1.705500000000000000e+06
2.013120200000000000e+07,1.245000000000000000e+03,1.249000000000000000e+03,1.172000000000000000e+03,1.206000000000000000e+03,2.553300000000000000e+06
2.013120900000000000e+07,1.213000000000000000e+03,1.242000000000000000e+03,1.209000000000000000e+03,1.232000000000000000e+03,1.873000000000000000e+06
2.013121600000000000e+07,1.234000000000000000e+03,1.289000000000000000e+03,1.214000000000000000e+03,1.278000000000000000e+03,3.320800000000000000e+06
2.013122300000000000e+07,1.282000000000000000e+03,1.312560058593750000e+03,1.277000000000000000e+03,1.302000000000000000e+03,5.991000000000000000e+05
2.013123000000000000e+07,1.306000000000000000e+03,1.315000000000000000e+03,1.288719970703125000e+03,1.306000000000000000e+03,1.191100000000000000e+06
2.014010600000000000e+07,1.310000000000000000e+03,1.344000000000000000e+03,1.303000000000000000e+03,1.336000000000000000e+03,2.265900000000000000e+06
2.014011300000000000e+07,1.341000000000000000e+03,1.423000000000000000e+03,1.317000000000000000e+03,1.407000000000000000e+03,3.340200000000000000e+06
2.014012000000000000e+07,1.408000000000000000e+03,1.470000000000000000e+03,1.395000000000000000e+03,1.427000000000000000e+03,4.473500000000000000e+06
2.014012700000000000e+07,1.427000000000000000e+03,1.478000000000000000e+03,1.409000000000000000e+03,1.445000000000000000e+03,3.219300000000000000e+06
2.014020300000000000e+07,1.440000000000000000e+03,1.460000000000000000e+03,1.396000000000000000e+03,1.418000000000000000e+03,3.384800000000000000e+06
2.014021000000000000e+07,1.417000000000000000e+03,1.451000000000000000e+03,1.386000000000000000e+03,1.442000000000000000e+03,2.539300000000000000e+06
2.014021700000000000e+07,1.443000000000000000e+03,1.484000000000000000e+03,1.435000000000000000e+03,1.469000000000000000e+03,2.852800000000000000e+06
2.014022400000000000e+07,1.471000000000000000e+03,1.493000000000000000e+03,1.416000000000000000e+03,1.435000000000000000e+03,3.899200000000000000e+06
2.014030300000000000e+07,1.416000000000000000e+03,1.550000000000000000e+03,1.401000000000000000e+03,1.496000000000000000e+03,5.713000000000000000e+06
2.014031000000000000e+07,1.495000000000000000e+03,1.521000000000000000e+03,1.475000000000000000e+03,1.485000000000000000e+03,4.740100000000000000e+06
2.014031700000000000e+07,1.488000000000000000e+03,1.505000000000000000e+03,1.441000000000000000e+03,1.467000000000000000e+03,2.911800000000000000e+06
2.014032400000000000e+07,1.464000000000000000e+03,1.491750000000000000e+03,1.423000000000000000e+03,1.434000000000000000e+03,2.325000000000000000e+06
2.014033100000000000e+07,1.440000000000000000e+03,1.444699951171875000e+03,1.406000000000000000e+03,1.412000000000000000e+03,3.266500000000000000e+06
2.014040700000000000e+07,1.405000000000000000e+03,1.409699951171875000e+03,1.351000000000000000e+03,1.359000000000000000e+03,4.143300000000000000e+06
2.014041400000000000e+07,1.358000000000000000e+03,1.369000000000000000e+03,1.331229980468750000e+03,1.350000000000000000e+03,4.312300000000000000e+06
2.014042100000000000e+07,1.350000000000000000e+03,1.432000000000000000e+03,1.350000000000000000e+03,1.425000000000000000e+03,4.887000000000000000e+06
2.014042800000000000e+07,1.429000000000000000e+03,1.443459960937500000e+03,1.386000000000000000e+03,1.391000000000000000e+03,3.284700000000000000e+06
2.014050500000000000e+07,1.391000000000000000e+03,1.430000000000000000e+03,1.386000000000000000e+03,1.426000000000000000e+03,2.185800000000000000e+06
2.014051200000000000e+07,1.432000000000000000e+03,1.468000000000000000e+03,1.407000000000000000e+03,1.419000000000000000e+03,3.246200000000000000e+06
2.014051900000000000e+07,1.422000000000000000e+03,1.431000000000000000e+03,1.372000000000000000e+03,1.385000000000000000e+03,2.376000000000000000e+06
2.014052600000000000e+07,1.385000000000000000e+03,1.460359985351562500e+03,1.385000000000000000e+03,1.458000000000000000e+03,2.253800000000000000e+06
2.014060200000000000e+07,1.462000000000000000e+03,1.501000000000000000e+03,1.452000000000000000e+03,1.493000000000000000e+03,2.542800000000000000e+06
2.014060900000000000e+07,1.497000000000000000e+03,1.559000000000000000e+03,1.490000000000000000e+03,1.551000000000000000e+03,2.925700000000000000e+06
2.014061600000000000e+07,1.553000000000000000e+03,1.572000000000000000e+03,1.520660034179687500e+03,1.541000000000000000e+03,2.744800000000000000e+06
2.014062300000000000e+07,1.548000000000000000e+03,1.548000000000000000e+03,1.506000000000000000e+03,1.540000000000000000e+03,2.671500000000000000e+06
2.014063000000000000e+07,1.545000000000000000e+03,1.579000000000000000e+03,1.538589965820312500e+03,1.571000000000000000e+03,2.317400000000000000e+06
2.014070700000000000e+07,1.573000000000000000e+03,1.583000000000000000e+03,1.467000000000000000e+03,1.542000000000000000e+03,4.734400000000000000e+06
2.014071400000000000e+07,1.549000000000000000e+03,1.570000000000000000e+03,1.522000000000000000e+03,1.537000000000000000e+03,3.017600000000000000e+06
2.014072100000000000e+07,1.539000000000000000e+03,1.551000000000000000e+03,1.478000000000000000e+03,1.481000000000000000e+03,3.183900000000000000e+06
2.014072800000000000e+07,1.483000000000000000e+03,1.489000000000000000e+03,1.447000000000000000e+03,1.460000000000000000e+03,3.852400000000000000e+06
2.014080400000000000e+07,1.461000000000000000e+03,1.468000000000000000e+03,1.424000000000000000e+03,1.434000000000000000e+03,2.985900000000000000e+06
2.014081100000000000e+07,1.439000000000000000e+03,1.466000000000000000e+03,1.328000000000000000e+03,1.333000000000000000e+03,5.707700000000000000e+06
2.014081800000000000e+07,1.334000000000000000e+03,1.346000000000000000e+03,1.310000000000000000e+03,1.322000000000000000e+03,3.907500000000000000e+06
2.014082500000000000e+07,1.322000000000000000e+03,1.344000000000000000e+03,1.316250000000000000e+03,1.335000000000000000e+03,4.841300000000000000e+06
2.014090100000000000e+07,1.334000000000000000e+03,1.337000000000000000e+03,1.264000000000000000e+03,1.289000000000000000e+03,7.024900000000000000e+06
2.014090800000000000e+07,1.291000000000000000e+03,1.296150024414062500e+03,1.225000000000000000e+03,1.243000000000000000e+03,4.787000000000000000e+06
2.014091500000000000e+07,1.240000000000000000e+03,1.246000000000000000e+03,1.197000000000000000e+03,1.234000000000000000e+03,4.851500000000000000e+06
2.014092200000000000e+07,1.235000000000000000e+03,1.255000000000000000e+03,1.223000000000000000e+03,1.253000000000000000e+03,3.888500000000000000e+06
2.014092900000000000e+07,1.254000000000000000e+03,1.298000000000000000e+03,1.254000000000000000e+03,1.295000000000000000e+03,4.912600000000000000e+06
2.014100600000000000e+07,1.300000000000000000e+03,1.302000000000000000e+03,1.246000000000000000e+03,1.255000000000000000e+03,4.203000000000000000e+06
2.014101300000000000e+07,1.248000000000000000e+03,1.271000000000000000e+03,1.197000000000000000e+03,1.222000000000000000e+03,4.600800000000000000e+06
2.014102000000000000e+07,1.220000000000000000e+03,1.290000000000000000e+03,1.215000000000000000e+03,1.276000000000000000e+03,3.206200000000000000e+06
2.014102700000000000e+07,1.286000000000000000e+03,1.336000000000000000e+03,1.280000000000000000e+03,1.335000000000000000e+03,3.360500000000000000e+06
2.014110300000000000e+07,1.335000000000000000e+03,1.348000000000000000e+03,1.207000000000000000e+03,1.215000000000000000e+03,6.457400000000000000e+06
2.014111000000000000e+07,1.219000000000000000e+03,1.227000000000000000e+03,1.185000000000000000e+03,1.200000000000000000e+03,3.999900000000000000e+06
2.014111700000000000e+07,1.188000000000000000e+03,1.246000000000000000e+03,1.175329956054687500e+03,1.227000000000000000e+03,3.899900000000000000e+06
2.014112400000000000e+07,1.229000000000000000e+03,1.256000000000000000e+03,1.207000000000000000e+03,1.240000000000000000e+03,4.490300000000000000e+06
2.014120100000000000e+07,1.236000000000000000e+03,1.297000000000000000e+03,1.220000000000000000e+03,1.278000000000000000e+03,4.789500000000000000e+06
2.014120800000000000e+07,1.273000000000000000e+03,1.291000000000000000e+03,1.228000000000000000e+03,1.230000000000000000e+03,3.750300000000000000e+06
2.014121500000000000e+07,1.227000000000000000e+03,1.332000000000000000e+03,1.208000000000000000e+03,1.309000000000000000e+03,5.281800000000000000e+06
2.014122200000000000e+07,1.314000000000000000e+03,1.351000000000000000e+03,1.310000000000000000e+03,1.336000000000000000e+03,2.632900000000000000e+06
2.014122900000000000e+07,1.331000000000000000e+03,1.343000000000000000e+03,1.308000000000000000e+03,1.315000000000000000e+03,1.103000000000000000e+06
2.015010500000000000e+07,1.312000000000000000e+03,1.359000000000000000e+03,1.286000000000000000e+03,1.353000000000000000e+03,3.717500000000000000e+06
2.015011200000000000e+07,1.357000000000000000e+03,1.454000000000000000e+03,1.352650024414062500e+03,1.454000000000000000e+03,5.455900000000000000e+06
2.015011900000000000e+07,1.451000000000000000e+03,1.480650024414062500e+03,1.398000000000000000e+03,1.443000000000000000e+03,4.726800000000000000e+06
2.015012600000000000e+07,1.436000000000000000e+03,1.465000000000000000e+03,1.427000000000000000e+03,1.448000000000000000e+03,3.133200000000000000e+06
2.015020200000000000e+07,1.447000000000000000e+03,1.491000000000000000e+03,1.439000000000000000e+03,1.468000000000000000e+03,4.062800000000000000e+06
2.015020900000000000e+07,1.462000000000000000e+03,1.498000000000000000e+03,1.449569946289062500e+03,1.459000000000000000e+03,2.787700000000000000e+06
2.015021600000000000e+07,1.459000000000000000e+03,1.477219970703125000e+03,1.413000000000000000e+03,1.463000000000000000e+03,4.671800000000000000e+06
2.015022300000000000e+07,1.475000000000000000e+03,1.510560058593750000e+03,1.458000000000000000e+03,1.475000000000000000e+03,4.496900000000000000e+06
2.015030200000000000e+07,1.474000000000000000e+03,1.529000000000000000e+03,1.413000000000000000e+03,1.515000000000000000e+03,5.956500000000000000e+06
2.015030900000000000e+07,1.515000000000000000e+03,1.523000000000000000e+03,1.437000000000000000e+03,1.503000000000000000e+03,4.790200000000000000e+06
2.015031600000000000e+07,1.504000000000000000e+03,1.556729980468750000e+03,1.497709960937500000e+03,1.541000000000000000e+03,4.422000000000000000e+06
2.015032300000000000e+07,1.543000000000000000e+03,1.582000000000000000e+03,1.506000000000000000e+03,1.528000000000000000e+03,3.928300000000000000e+06
2.015033000000000000e+07,1.545000000000000000e+03,1.555000000000000000e+03,1.518000000000000000e+03,1.551000000000000000e+03,3.304800000000000000e+06
2.015040600000000000e+07,1.551000000000000000e+03,1.605000000000000000e+03,1.548000000000000000e+03,1.603000000000000000e+03,2.700500000000000000e+06
2.015041300000000000e+07,1.598000000000000000e+03,1.621000000000000000e+03,1.563000000000000000e+03,1.591000000000000000e+03,2.933200000000000000e+06
2.015042000000000000e+07,1.595000000000000000e+03,1.640000000000000000e+03,1.572000000000000000e+03,1.581000000000000000e+03,3.291900000000000000e+06
2.015042700000000000e+07,1.582000000000000000e+03,1.612000000000000000e+03,1.539000000000000000e+03,1.596000000000000000e+03,2.760200000000000000e+06
2.015050400000000000e+07,1.596000000000000000e+03,1.614000000000000000e+03,1.478400024414062500e+03,1.523000000000000000e+03,3.415900000000000000e+06
2.015051100000000000e+07,1.522000000000000000e+03,1.530000000000000000e+03,1.442000000000000000e+03,1.463000000000000000e+03,6.322900000000000000e+06
2.015051800000000000e+07,1.467000000000000000e+03,1.514000000000000000e+03,1.445000000000000000e+03,1.478000000000000000e+03,4.669700000000000000e+06
2.015052500000000000e+07,1.478000000000000000e+03,1.511599975585937500e+03,1.457000000000000000e+03,1.489000000000000000e+03,4.070900000000000000e+06
2.015060100000000000e+07,1.496000000000000000e+03,1.502599975585937500e+03,1.463000000000000000e+03,1.466000000000000000e+03,2.929800000000000000e+06
2.015060800000000000e+07,1.463000000000000000e+03,1.476449951171875000e+03,1.425000000000000000e+03,1.454000000000000000e+03,3.140600000000000000e+06
2.015061500000000000e+07,1.447000000000000000e+03,1.450000000000000000e+03,1.402000000000000000e+03,1.435000000000000000e+03,6.497900000000000000e+06
2.015062200000000000e+07,1.451000000000000000e+03,1.459000000000000000e+03,1.379650024414062500e+03,1.408000000000000000e+03,3.701500000000000000e+06
2.015062900000000000e+07,1.380000000000000000e+03,1.414000000000000000e+03,1.370000000000000000e+03,1.399000000000000000e+03,3.463400000000000000e+06
2.015070600000000000e+07,1.392000000000000000e+03,1.437000000000000000e+03,1.378000000000000000e+03,1.433000000000000000e+03,4.870600000000000000e+06
2.015071300000000000e+07,1.446000000000000000e+03,1.492000000000000000e+03,1.440000000000000000e+03,1.471000000000000000e+03,2.351700000000000000e+06
2.015072000000000000e+07,1.473000000000000000e+03,1.533000000000000000e+03,1.448000000000000000e+03,1.493000000000000000e+03,3.867200000000000000e+06
2.015072700000000000e+07,1.488000000000000000e+03,1.507000000000000000e+03,1.454000000000000000e+03,1.481000000000000000e+03,3.339400000000000000e+06
2.015080300000000000e+07,1.473000000000000000e+03,1.512000000000000000e+03,1.472000000000000000e+03,1.481000000000000000e+03,2.329300000000000000e+06
2.015081000000000000e+07,1.485000000000000000e+03,1.486000000000000000e+03,1.427000000000000000e+03,1.440000000000000000e+03,2.904700000000000000e+06
2.015081700000000000e+07,1.451000000000000000e+03,1.591000000000000000e+03,1.445500000000000000e+03,1.561000000000000000e+03,6.547500000000000000e+06
2.015082400000000000e+07,1.526000000000000000e+03,1.553000000000000000e+03,1.489000000000000000e+03,1.550000000000000000e+03,6.440800000000000000e+06
2.015083100000000000e+07,1.550000000000000000e+03,1.569000000000000000e+03,1.510000000000000000e+03,1.549000000000000000e+03,4.155900000000000000e+06
2.015090700000000000e+07,1.543000000000000000e+03,1.625000000000000000e+03,1.523000000000000000e+03,1.534000000000000000e+03,3.726200000000000000e+06
2.015091400000000000e+07,1.539000000000000000e+03,1.557040039062500000e+03,1.505000000000000000e+03,1.519000000000000000e+03,2.967200000000000000e+06
2.015092100000000000e+07,1.517000000000000000e+03,1.548000000000000000e+03,1.466000000000000000e+03,1.507000000000000000e+03,2.931000000000000000e+06
2.015092800000000000e+07,1.504000000000000000e+03,1.519000000000000000e+03,1.454000000000000000e+03,1.493000000000000000e+03,2.962600000000000000e+06
2.015100500000000000e+07,1.513000000000000000e+03,1.595000000000000000e+03,1.497670043945312500e+03,1.565000000000000000e+03,4.233000000000000000e+06
2.015101200000000000e+07,1.569000000000000000e+03,1.600000000000000000e+03,1.514000000000000000e+03,1.600000000000000000e+03,5.891100000000000000e+06
2.015101900000000000e+07,1.594000000000000000e+03,1.672000000000000000e+03,1.577420043945312500e+03,1.657000000000000000e+03,4.944600000000000000e+06
2.015102600000000000e+07,1.649000000000000000e+03,1.655000000000000000e+03,1.602000000000000000e+03,1.613000000000000000e+03,3.340600000000000000e+06
2.015110200000000000e+07,1.608000000000000000e+03,1.650000000000000000e+03,1.601839965820312500e+03,1.645000000000000000e+03,3.783600000000000000e+06
2.015110900000000000e+07,1.642000000000000000e+03,1.651000000000000000e+03,1.604000000000000000e+03,1.615000000000000000e+03,3.019800000000000000e+06
2.015111600000000000e+07,1.602000000000000000e+03,1.649000000000000000e+03,1.600000000000000000e+03,1.625000000000000000e+03,4.076600000000000000e+06
2.015112300000000000e+07,1.613000000000000000e+03,1.632000000000000000e+03,1.584000000000000000e+03,1.621000000000000000e+03,4.395300000000000000e+06
2.015113000000000000e+07,1.623000000000000000e+03,1.658000000000000000e+03,1.605000000000000000e+03,1.618000000000000000e+03,3.180100000000000000e+06
2.015120700000000000e+07,1.626000000000000000e+03,1.652400024414062500e+03,1.603000000000000000e+03,1.613000000000000000e+03,3.214800000000000000e+06
2.015121400000000000e+07,1.618000000000000000e+03,1.699000000000000000e+03,1.606000000000000000e+03,1.655000000000000000e+03,3.551000000000000000e+06
2.015122100000000000e+07,1.650000000000000000e+03,1.673260009765625000e+03,1.616000000000000000e+03,1.673000000000000000e+03,1.855500000000000000e+06
2.016010400000000000e+07,1.642000000000000000e+03,1.650000000000000000e+03,1.591640014648437500e+03,1.620000000000000000e+03,2.981900000000000000e+06
2.016011100000000000e+07,1.610000000000000000e+03,1.650000000000000000e+03,1.599760009765625000e+03,1.630000000000000000e+03,3.387000000000000000e+06
2.016011800000000000e+07,1.622000000000000000e+03,1.695000000000000000e+03,1.612000000000000000e+03,1.676000000000000000e+03,4.664200000000000000e+06
2.016012500000000000e+07,1.688000000000000000e+03,1.774000000000000000e+03,1.676000000000000000e+03,1.774000000000000000e+03,4.771700000000000000e+06
2.016020100000000000e+07,1.782000000000000000e+03,1.787000000000000000e+03,1.702000000000000000e+03,1.702000000000000000e+03,6.429000000000000000e+06
2.016020800000000000e+07,1.716000000000000000e+03,1.732000000000000000e+03,1.665000000000000000e+03,1.674000000000000000e+03,4.182100000000000000e+06
2.016021500000000000e+07,1.706000000000000000e+03,1.759000000000000000e+03,1.689000000000000000e+03,1.743000000000000000e+03,2.670100000000000000e+06
2.016022200000000000e+07,1.753000000000000000e+03,1.766000000000000000e+03,1.723000000000000000e+03,1.746000000000000000e+03,3.054000000000000000e+06
