2.005022100000000000e+07,1.235000000000000000e+02,1.320000000000000000e+02,1.220000000000000000e+02,1.250000000000000000e+02,1.581500000000000000e+06
2.005022800000000000e+07,1.250000000000000000e+02,1.270000000000000000e+02,1.230000000000000000e+02,1.255000000000000000e+02,1.876000000000000000e+05
2.005030700000000000e+07,1.255000000000000000e+02,1.280000000000000000e+02,1.230000000000000000e+02,1.255000000000000000e+02,1.224800000000000000e+06
2.005031400000000000e+07,1.255000000000000000e+02,1.273799972534179688e+02,1.220000000000000000e+02,1.235000000000000000e+02,2.112000000000000000e+05
2.005032100000000000e+07,1.235000000000000000e+02,1.250000000000000000e+02,1.220000000000000000e+02,1.245000000000000000e+02,8.085000000000000000e+05
2.005032800000000000e+07,1.245000000000000000e+02,1.270000000000000000e+02,1.220000000000000000e+02,1.245000000000000000e+02,4.167000000000000000e+05
2.005040400000000000e+07,1.245000000000000000e+02,1.245000000000000000e+02,1.180000000000000000e+02,1.205000000000000000e+02,2.456000000000000000e+05
2.005041100000000000e+07,1.205000000000000000e+02,1.205000000000000000e+02,1.186200027465820312e+02,1.205000000000000000e+02,5.000000000000000000e+02
2.005041800000000000e+07,1.205000000000000000e+02,1.220000000000000000e+02,1.130000000000000000e+02,1.150000000000000000e+02,1.064000000000000000e+05
2.005042500000000000e+07,1.150000000000000000e+02,1.150000000000000000e+02,1.120000000000000000e+02,1.145000000000000000e+02,4.130000000000000000e+04
2.005050200000000000e+07,1.145000000000000000e+02,1.145000000000000000e+02,1.145000000000000000e+02,1.145000000000000000e+02,0.000000000000000000e+00
2.005050900000000000e+07,1.145000000000000000e+02,1.163499984741210938e+02,1.120000000000000000e+02,1.145000000000000000e+02,6.910000000000000000e+04
2.005051600000000000e+07,1.145000000000000000e+02,1.163799972534179688e+02,1.145000000000000000e+02,1.145000000000000000e+02,4.000000000000000000e+02
2.005052300000000000e+07,1.145000000000000000e+02,1.145000000000000000e+02,1.145000000000000000e+02,1.145000000000000000e+02,0.000000000000000000e+00
2.005053000000000000e+07,1.145000000000000000e+02,1.160000000000000000e+02,1.145000000000000000e+02,1.145000000000000000e+02,3.500000000000000000e+03
2.005060600000000000e+07,1.165000000000000000e+02,1.186959991455078125e+02,1.155000000000000000e+02,1.155000000000000000e+02,8.070000000000000000e+04
2.005061300000000000e+07,1.155000000000000000e+02,1.173799972534179688e+02,1.136200027465820312e+02,1.155000000000000000e+02,1.000000000000000000e+03
2.005062000000000000e+07,1.155000000000000000e+02,1.155000000000000000e+02,1.155000000000000000e+02,1.155000000000000000e+02,0.000000000000000000e+00
2.005062700000000000e+07,1.155000000000000000e+02,1.155000000000000000e+02,1.130000000000000000e+02,1.155000000000000000e+02,1.300000000000000000e+04
2.005070400000000000e+07,1.155000000000000000e+02,1.155000000000000000e+02,1.130000000000000000e+02,1.145000000000000000e+02,1.330000000000000000e+04
2.005071100000000000e+07,1.145000000000000000e+02,1.145000000000000000e+02,1.145000000000000000e+02,1.145000000000000000e+02,0.000000000000000000e+00
2.005071800000000000e+07,1.145000000000000000e+02,1.150000000000000000e+02,1.120000000000000000e+02,1.150000000000000000e+02,5.370000000000000000e+04
2.005072500000000000e+07,1.150000000000000000e+02,1.150000000000000000e+02,1.150000000000000000e+02,1.150000000000000000e+02,0.000000000000000000e+00
2.005080100000000000e+07,1.150000000000000000e+02,1.150000000000000000e+02,1.130000000000000000e+02,1.135000000000000000e+02,1.530000000000000000e+04
2.005080800000000000e+07,1.135000000000000000e+02,1.135000000000000000e+02,1.135000000000000000e+02,1.135000000000000000e+02,0.000000000000000000e+00
2.005081500000000000e+07,1.135000000000000000e+02,1.140000000000000000e+02,1.125000000000000000e+02,1.135000000000000000e+02,8.000000000000000000e+02
2.005082200000000000e+07,1.135000000000000000e+02,1.140000000000000000e+02,1.135000000000000000e+02,1.135000000000000000e+02,1.800000000000000000e+04
2.005082900000000000e+07,1.135000000000000000e+02,1.135000000000000000e+02,1.123700027465820312e+02,1.135000000000000000e+02,4.000000000000000000e+02
2.005090500000000000e+07,1.135000000000000000e+02,1.140000000000000000e+02,1.120000000000000000e+02,1.125000000000000000e+02,7.300000000000000000e+03
2.005091200000000000e+07,1.125000000000000000e+02,1.125000000000000000e+02,1.106200027465820312e+02,1.125000000000000000e+02,1.200000000000000000e+03
2.005091900000000000e+07,1.125000000000000000e+02,1.125000000000000000e+02,1.115000000000000000e+02,1.115000000000000000e+02,1.300000000000000000e+03
2.005092600000000000e+07,1.115000000000000000e+02,1.120000000000000000e+02,1.100000000000000000e+02,1.115000000000000000e+02,6.400000000000000000e+03
2.005100300000000000e+07,1.115000000000000000e+02,1.128870010375976562e+02,1.115000000000000000e+02,1.125000000000000000e+02,3.140000000000000000e+04
2.005101000000000000e+07,1.125000000000000000e+02,1.150000000000000000e+02,1.125000000000000000e+02,1.125000000000000000e+02,5.400000000000000000e+03
2.005101700000000000e+07,1.125000000000000000e+02,1.125000000000000000e+02,1.100000000000000000e+02,1.115000000000000000e+02,1.410000000000000000e+04
2.005102400000000000e+07,1.115000000000000000e+02,1.115000000000000000e+02,1.080000000000000000e+02,1.095000000000000000e+02,1.160000000000000000e+04
2.005103100000000000e+07,1.095000000000000000e+02,1.110000000000000000e+02,1.050000000000000000e+02,1.095000000000000000e+02,2.230000000000000000e+04
2.005110700000000000e+07,1.095000000000000000e+02,1.095000000000000000e+02,1.050000000000000000e+02,1.065000000000000000e+02,7.000000000000000000e+03
2.005111400000000000e+07,1.065000000000000000e+02,1.065000000000000000e+02,1.030000000000000000e+02,1.050000000000000000e+02,5.030000000000000000e+04
2.005112100000000000e+07,1.050000000000000000e+02,1.050000000000000000e+02,1.030000000000000000e+02,1.040000000000000000e+02,8.800000000000000000e+03
2.005112800000000000e+07,1.040000000000000000e+02,1.050000000000000000e+02,1.030000000000000000e+02,1.050000000000000000e+02,3.200000000000000000e+04
2.005120500000000000e+07,1.050000000000000000e+02,1.074000015258789062e+02,1.030000000000000000e+02,1.050000000000000000e+02,2.888000000000000000e+05
2.005121200000000000e+07,1.050000000000000000e+02,1.060000000000000000e+02,1.035000000000000000e+02,1.050000000000000000e+02,2.000000000000000000e+03
2.005121900000000000e+07,1.050000000000000000e+02,1.050000000000000000e+02,1.015000000000000000e+02,1.015000000000000000e+02,3.410000000000000000e+04
2.005122600000000000e+07,1.015000000000000000e+02,1.015000000000000000e+02,1.005000000000000000e+02,1.015000000000000000e+02,0.000000000000000000e+00
2.006010200000000000e+07,1.015000000000000000e+02,1.025000000000000000e+02,1.015000000000000000e+02,1.025000000000000000e+02,1.440000000000000000e+04
2.006010900000000000e+07,1.025000000000000000e+02,1.025000000000000000e+02,1.006200027465820312e+02,1.025000000000000000e+02,4.400000000000000000e+03
2.006011600000000000e+07,1.025000000000000000e+02,1.025000000000000000e+02,1.010000000000000000e+02,1.010000000000000000e+02,8.100000000000000000e+05
2.006012300000000000e+07,1.010000000000000000e+02,1.070000000000000000e+02,9.980000305175781250e+01,1.060000000000000000e+02,8.247200000000000000e+06
2.006013000000000000e+07,1.060000000000000000e+02,1.080000000000000000e+02,1.060000000000000000e+02,1.080000000000000000e+02,1.300000000000000000e+04
2.006020600000000000e+07,1.080000000000000000e+02,1.098799972534179688e+02,1.080000000000000000e+02,1.095000000000000000e+02,5.780000000000000000e+04
2.006021300000000000e+07,1.095000000000000000e+02,1.135000000000000000e+02,1.095000000000000000e+02,1.120000000000000000e+02,4.280000000000000000e+04
2.006022000000000000e+07,1.120000000000000000e+02,1.140000000000000000e+02,1.120000000000000000e+02,1.120000000000000000e+02,9.100000000000000000e+03
2.006022700000000000e+07,1.120000000000000000e+02,1.140000000000000000e+02,1.100000000000000000e+02,1.110000000000000000e+02,1.255000000000000000e+05
2.006030600000000000e+07,1.110000000000000000e+02,1.125000000000000000e+02,1.090000000000000000e+02,1.110000000000000000e+02,1.120000000000000000e+04
2.006031300000000000e+07,1.110000000000000000e+02,1.121999969482421875e+02,1.070000000000000000e+02,1.110000000000000000e+02,1.200000000000000000e+04
2.006032000000000000e+07,1.110000000000000000e+02,1.120000000000000000e+02,1.110000000000000000e+02,1.110000000000000000e+02,5.000000000000000000e+03
2.006032700000000000e+07,1.110000000000000000e+02,1.110000000000000000e+02,1.090000000000000000e+02,1.110000000000000000e+02,2.000000000000000000e+03
2.006040300000000000e+07,1.110000000000000000e+02,1.120000000000000000e+02,1.080000000000000000e+02,1.100000000000000000e+02,2.250000000000000000e+04
2.006041000000000000e+07,1.100000000000000000e+02,1.110000000000000000e+02,1.100000000000000000e+02,1.100000000000000000e+02,2.000000000000000000e+02
2.006041700000000000e+07,1.100000000000000000e+02,1.100000000000000000e+02,1.080000000000000000e+02,1.100000000000000000e+02,1.000000000000000000e+04
2.006042400000000000e+07,1.100000000000000000e+02,1.100000000000000000e+02,1.000000000000000000e+02,1.025000000000000000e+02,2.540000000000000000e+04
2.006050100000000000e+07,1.025000000000000000e+02,1.037500000000000000e+02,1.000000000000000000e+02,1.010000000000000000e+02,1.590000000000000000e+04
2.006050800000000000e+07,1.010000000000000000e+02,1.010000000000000000e+02,9.200000000000000000e+01,9.350000000000000000e+01,3.430000000000000000e+04
2.006051500000000000e+07,9.350000000000000000e+01,9.350000000000000000e+01,9.350000000000000000e+01,9.350000000000000000e+01,0.000000000000000000e+00
2.006052200000000000e+07,9.350000000000000000e+01,9.469999694824218750e+01,9.200000000000000000e+01,9.400000000000000000e+01,1.150000000000000000e+04
2.006052900000000000e+07,9.400000000000000000e+01,9.500000000000000000e+01,9.300000000000000000e+01,9.400000000000000000e+01,8.090000000000000000e+04
2.006060500000000000e+07,9.400000000000000000e+01,9.566699981689453125e+01,9.400000000000000000e+01,9.500000000000000000e+01,1.100000000000000000e+04
2.006061200000000000e+07,9.500000000000000000e+01,9.962999725341796875e+01,9.500000000000000000e+01,9.850000000000000000e+01,1.223000000000000000e+05
2.006061900000000000e+07,9.850000000000000000e+01,1.080000000000000000e+02,9.500000000000000000e+01,1.080000000000000000e+02,1.562000000000000000e+05
2.006062600000000000e+07,1.080000000000000000e+02,1.080000000000000000e+02,1.065000000000000000e+02,1.080000000000000000e+02,9.000000000000000000e+02
2.006070300000000000e+07,1.080000000000000000e+02,1.080000000000000000e+02,1.056200027465820312e+02,1.075000000000000000e+02,4.000000000000000000e+02
2.006071000000000000e+07,1.075000000000000000e+02,1.075000000000000000e+02,1.030000000000000000e+02,1.050000000000000000e+02,5.706000000000000000e+05
2.006071700000000000e+07,1.050000000000000000e+02,1.050000000000000000e+02,1.050000000000000000e+02,1.050000000000000000e+02,1.684000000000000000e+05
2.006072400000000000e+07,1.050000000000000000e+02,1.050000000000000000e+02,1.000000000000000000e+02,1.015000000000000000e+02,5.938000000000000000e+05
2.006073100000000000e+07,1.015000000000000000e+02,1.035000000000000000e+02,1.015000000000000000e+02,1.035000000000000000e+02,2.900000000000000000e+03
2.006080700000000000e+07,1.035000000000000000e+02,1.046299972534179688e+02,1.035000000000000000e+02,1.045000000000000000e+02,3.200000000000000000e+03
2.006081400000000000e+07,1.045000000000000000e+02,1.050000000000000000e+02,1.045000000000000000e+02,1.050000000000000000e+02,0.000000000000000000e+00
2.006082100000000000e+07,1.050000000000000000e+02,1.050000000000000000e+02,1.050000000000000000e+02,1.050000000000000000e+02,0.000000000000000000e+00
2.006082800000000000e+07,1.050000000000000000e+02,1.050000000000000000e+02,1.050000000000000000e+02,1.050000000000000000e+02,0.000000000000000000e+00
2.006090400000000000e+07,1.050000000000000000e+02,1.050000000000000000e+02,1.050000000000000000e+02,1.050000000000000000e+02,0.000000000000000000e+00
2.006091100000000000e+07,1.050000000000000000e+02,1.050000000000000000e+02,1.030000000000000000e+02,1.050000000000000000e+02,2.120000000000000000e+04
2.006091800000000000e+07,1.050000000000000000e+02,1.175000000000000000e+02,1.050000000000000000e+02,1.175000000000000000e+02,4.628000000000000000e+05
2.006092500000000000e+07,1.175000000000000000e+02,1.186250000000000000e+02,1.160000000000000000e+02,1.175000000000000000e+02,2.400000000000000000e+04
2.006100200000000000e+07,1.175000000000000000e+02,1.215999984741210938e+02,1.175000000000000000e+02,1.200000000000000000e+02,4.650000000000000000e+04
2.006100900000000000e+07,1.200000000000000000e+02,1.215000000000000000e+02,1.180000000000000000e+02,1.200000000000000000e+02,5.660000000000000000e+04
2.006101600000000000e+07,1.200000000000000000e+02,1.200000000000000000e+02,1.150000000000000000e+02,1.175000000000000000e+02,2.103000000000000000e+05
2.006102300000000000e+07,1.175000000000000000e+02,1.195000000000000000e+02,1.150000000000000000e+02,1.180000000000000000e+02,5.080000000000000000e+05
2.006103000000000000e+07,1.180000000000000000e+02,1.195999984741210938e+02,1.165000000000000000e+02,1.180000000000000000e+02,1.500000000000000000e+04
2.006110600000000000e+07,1.180000000000000000e+02,1.200000000000000000e+02,1.162500000000000000e+02,1.165000000000000000e+02,2.130000000000000000e+04
2.006111300000000000e+07,1.165000000000000000e+02,1.176299972534179688e+02,1.160000000000000000e+02,1.165000000000000000e+02,8.892000000000000000e+05
2.006112000000000000e+07,1.165000000000000000e+02,1.176299972534179688e+02,1.165000000000000000e+02,1.165000000000000000e+02,4.900000000000000000e+03
2.006112700000000000e+07,1.165000000000000000e+02,1.268000030517578125e+02,1.165000000000000000e+02,1.250000000000000000e+02,1.662000000000000000e+05
2.006120400000000000e+07,1.260000000000000000e+02,1.450000000000000000e+02,1.252500000000000000e+02,1.425000000000000000e+02,4.938900000000000000e+06
2.006121100000000000e+07,1.425000000000000000e+02,1.450000000000000000e+02,1.400000000000000000e+02,1.425000000000000000e+02,1.032000000000000000e+06
2.006121800000000000e+07,1.425000000000000000e+02,1.470000000000000000e+02,1.423699951171875000e+02,1.435000000000000000e+02,8.200000000000000000e+04
2.006122500000000000e+07,1.435000000000000000e+02,1.520000000000000000e+02,1.430000000000000000e+02,1.485000000000000000e+02,1.082000000000000000e+05
2.007010100000000000e+07,1.485000000000000000e+02,1.600000000000000000e+02,1.485000000000000000e+02,1.540000000000000000e+02,2.659000000000000000e+05
2.007010800000000000e+07,1.540000000000000000e+02,1.554799957275390625e+02,1.500000000000000000e+02,1.505000000000000000e+02,8.290000000000000000e+04
2.007011500000000000e+07,1.505000000000000000e+02,1.510000000000000000e+02,1.470000000000000000e+02,1.495000000000000000e+02,7.900000000000000000e+03
2.007012200000000000e+07,1.495000000000000000e+02,1.495000000000000000e+02,1.470000000000000000e+02,1.485000000000000000e+02,1.590000000000000000e+04
2.007012900000000000e+07,1.485000000000000000e+02,1.520000000000000000e+02,1.476199951171875000e+02,1.495000000000000000e+02,1.870000000000000000e+04
2.007020500000000000e+07,1.485000000000000000e+02,1.496300048828125000e+02,1.460000000000000000e+02,1.480000000000000000e+02,1.257400000000000000e+06
2.007021200000000000e+07,1.485000000000000000e+02,1.650000000000000000e+02,1.485000000000000000e+02,1.630000000000000000e+02,4.522000000000000000e+05
2.007021900000000000e+07,1.630000000000000000e+02,1.725000000000000000e+02,1.530000000000000000e+02,1.725000000000000000e+02,4.778000000000000000e+05
2.007022600000000000e+07,1.725000000000000000e+02,1.750000000000000000e+02,1.535000000000000000e+02,1.605000000000000000e+02,1.300000000000000000e+05
2.007030500000000000e+07,1.605000000000000000e+02,1.605000000000000000e+02,1.535000000000000000e+02,1.575000000000000000e+02,2.821000000000000000e+05
2.007031200000000000e+07,1.610000000000000000e+02,1.670000000000000000e+02,1.560000000000000000e+02,1.625000000000000000e+02,5.156000000000000000e+05
2.007031900000000000e+07,1.625000000000000000e+02,1.675000000000000000e+02,1.620000000000000000e+02,1.650000000000000000e+02,4.568000000000000000e+05
2.007032600000000000e+07,1.650000000000000000e+02,1.678000030517578125e+02,1.635000000000000000e+02,1.650000000000000000e+02,7.980000000000000000e+04
2.007040200000000000e+07,1.650000000000000000e+02,1.665000000000000000e+02,1.630000000000000000e+02,1.650000000000000000e+02,2.460000000000000000e+04
2.007040900000000000e+07,1.650000000000000000e+02,1.665000000000000000e+02,1.600000000000000000e+02,1.620000000000000000e+02,6.680000000000000000e+04
2.007041600000000000e+07,1.620000000000000000e+02,1.627500000000000000e+02,1.580000000000000000e+02,1.600000000000000000e+02,1.178000000000000000e+05
2.007042300000000000e+07,1.600000000000000000e+02,1.600000000000000000e+02,1.520000000000000000e+02,1.545000000000000000e+02,8.590000000000000000e+04
2.007043000000000000e+07,1.545000000000000000e+02,1.615000000000000000e+02,1.520000000000000000e+02,1.585000000000000000e+02,1.798000000000000000e+05
2.007050700000000000e+07,1.585000000000000000e+02,1.587500000000000000e+02,1.530000000000000000e+02,1.550000000000000000e+02,8.710000000000000000e+04
2.007051400000000000e+07,1.550000000000000000e+02,1.550000000000000000e+02,1.500000000000000000e+02,1.515000000000000000e+02,1.048000000000000000e+05
2.007052100000000000e+07,1.515000000000000000e+02,1.520000000000000000e+02,1.500000000000000000e+02,1.515000000000000000e+02,7.210000000000000000e+04
2.007052800000000000e+07,1.515000000000000000e+02,1.610000000000000000e+02,1.500000000000000000e+02,1.600000000000000000e+02,5.860000000000000000e+04
2.007060400000000000e+07,1.645000000000000000e+02,1.870000000000000000e+02,1.645000000000000000e+02,1.800000000000000000e+02,3.096000000000000000e+05
2.007061100000000000e+07,1.800000000000000000e+02,1.815000000000000000e+02,1.780000000000000000e+02,1.790000000000000000e+02,6.500000000000000000e+04
2.007061800000000000e+07,1.790000000000000000e+02,1.797500000000000000e+02,1.706199951171875000e+02,1.725000000000000000e+02,1.218000000000000000e+05
2.007062500000000000e+07,1.710000000000000000e+02,1.720000000000000000e+02,1.650000000000000000e+02,1.720000000000000000e+02,1.186000000000000000e+05
2.007070200000000000e+07,1.720000000000000000e+02,1.744400024414062500e+02,1.700000000000000000e+02,1.725000000000000000e+02,5.160000000000000000e+04
2.007070900000000000e+07,1.725000000000000000e+02,1.725000000000000000e+02,1.700000000000000000e+02,1.705000000000000000e+02,1.248000000000000000e+05
2.007071600000000000e+07,1.705000000000000000e+02,1.720000000000000000e+02,1.680000000000000000e+02,1.700000000000000000e+02,8.600000000000000000e+03
2.007072300000000000e+07,1.700000000000000000e+02,1.700000000000000000e+02,1.670000000000000000e+02,1.680000000000000000e+02,1.100000000000000000e+04
2.007073000000000000e+07,1.680000000000000000e+02,1.683500061035156250e+02,1.670000000000000000e+02,1.680000000000000000e+02,1.130000000000000000e+04
2.007080600000000000e+07,1.680000000000000000e+02,1.683500061035156250e+02,1.635000000000000000e+02,1.650000000000000000e+02,1.880000000000000000e+04
2.007081300000000000e+07,1.650000000000000000e+02,1.650000000000000000e+02,1.520000000000000000e+02,1.550000000000000000e+02,4.592000000000000000e+05
2.007082000000000000e+07,1.550000000000000000e+02,1.558000030517578125e+02,1.535000000000000000e+02,1.550000000000000000e+02,4.200000000000000000e+03
2.007082700000000000e+07,1.550000000000000000e+02,1.557500000000000000e+02,1.530000000000000000e+02,1.550000000000000000e+02,6.200000000000000000e+03
2.007090300000000000e+07,1.560000000000000000e+02,1.600000000000000000e+02,1.560000000000000000e+02,1.585000000000000000e+02,4.910000000000000000e+04
2.007091000000000000e+07,1.585000000000000000e+02,1.600000000000000000e+02,1.570000000000000000e+02,1.585000000000000000e+02,1.920000000000000000e+04
2.007091700000000000e+07,1.585000000000000000e+02,1.720000000000000000e+02,1.570000000000000000e+02,1.720000000000000000e+02,1.153000000000000000e+05
2.007092400000000000e+07,1.720000000000000000e+02,1.720000000000000000e+02,1.700000000000000000e+02,1.710000000000000000e+02,8.380000000000000000e+04
2.007100100000000000e+07,1.710000000000000000e+02,1.730000000000000000e+02,1.680000000000000000e+02,1.700000000000000000e+02,1.057000000000000000e+05
2.007100800000000000e+07,1.700000000000000000e+02,1.720000000000000000e+02,1.680000000000000000e+02,1.700000000000000000e+02,1.200000000000000000e+04
2.007101500000000000e+07,1.700000000000000000e+02,1.730000000000000000e+02,1.680000000000000000e+02,1.715000000000000000e+02,1.080000000000000000e+05
2.007102200000000000e+07,1.715000000000000000e+02,1.780000000000000000e+02,1.706000061035156250e+02,1.755000000000000000e+02,7.220000000000000000e+04
2.007102900000000000e+07,1.755000000000000000e+02,1.755000000000000000e+02,1.705000000000000000e+02,1.720000000000000000e+02,3.410000000000000000e+04
2.007110500000000000e+07,1.720000000000000000e+02,1.720000000000000000e+02,1.700000000000000000e+02,1.710000000000000000e+02,9.800000000000000000e+03
2.007111200000000000e+07,1.710000000000000000e+02,1.716139984130859375e+02,1.680000000000000000e+02,1.680000000000000000e+02,4.120000000000000000e+04
2.007111900000000000e+07,1.680000000000000000e+02,1.687500000000000000e+02,1.580000000000000000e+02,1.605000000000000000e+02,3.380000000000000000e+04
2.007112600000000000e+07,1.605000000000000000e+02,1.650000000000000000e+02,1.600000000000000000e+02,1.635000000000000000e+02,1.326000000000000000e+05
2.007120300000000000e+07,1.635000000000000000e+02,1.720000000000000000e+02,1.630000000000000000e+02,1.685000000000000000e+02,1.309800000000000000e+06
2.007121000000000000e+07,1.685000000000000000e+02,1.700000000000000000e+02,1.600000000000000000e+02,1.620000000000000000e+02,5.390000000000000000e+04
2.007121700000000000e+07,1.620000000000000000e+02,1.630000000000000000e+02,1.590000000000000000e+02,1.630000000000000000e+02,2.350000000000000000e+04
2.007122400000000000e+07,1.630000000000000000e+02,1.630000000000000000e+02,1.625000000000000000e+02,1.630000000000000000e+02,4.800000000000000000e+03
2.007123100000000000e+07,1.630000000000000000e+02,1.637500000000000000e+02,1.603000030517578125e+02,1.615000000000000000e+02,1.870000000000000000e+04
2.008010700000000000e+07,1.615000000000000000e+02,1.626300048828125000e+02,1.600000000000000000e+02,1.615000000000000000e+02,5.310000000000000000e+04
2.008011400000000000e+07,1.615000000000000000e+02,1.626300048828125000e+02,1.520000000000000000e+02,1.530000000000000000e+02,2.360000000000000000e+04
2.008012100000000000e+07,1.520000000000000000e+02,1.550000000000000000e+02,1.430000000000000000e+02,1.535000000000000000e+02,2.218000000000000000e+05
2.008012800000000000e+07,1.535000000000000000e+02,1.596300048828125000e+02,1.535000000000000000e+02,1.585000000000000000e+02,1.670000000000000000e+04
2.008020400000000000e+07,1.610000000000000000e+02,1.646300048828125000e+02,1.610000000000000000e+02,1.635000000000000000e+02,2.500000000000000000e+04
2.008021100000000000e+07,1.635000000000000000e+02,1.650000000000000000e+02,1.620000000000000000e+02,1.635000000000000000e+02,3.290000000000000000e+04
2.008021800000000000e+07,1.635000000000000000e+02,1.637700042724609375e+02,1.620000000000000000e+02,1.620000000000000000e+02,4.290000000000000000e+04
2.008022500000000000e+07,1.620000000000000000e+02,1.639600067138671875e+02,1.605000000000000000e+02,1.620000000000000000e+02,7.220000000000000000e+04
2.008030300000000000e+07,1.620000000000000000e+02,1.636000061035156250e+02,1.580000000000000000e+02,1.605000000000000000e+02,3.530000000000000000e+04
2.008031000000000000e+07,1.605000000000000000e+02,1.605000000000000000e+02,1.565000000000000000e+02,1.565000000000000000e+02,8.800000000000000000e+03
2.008031700000000000e+07,1.565000000000000000e+02,1.576499938964843750e+02,1.505000000000000000e+02,1.505000000000000000e+02,1.035000000000000000e+05
2.008032400000000000e+07,1.505000000000000000e+02,1.507500000000000000e+02,1.480000000000000000e+02,1.505000000000000000e+02,4.200000000000000000e+03
2.008033100000000000e+07,1.505000000000000000e+02,1.507500000000000000e+02,1.430000000000000000e+02,1.445000000000000000e+02,6.770000000000000000e+04
2.008040700000000000e+07,1.445000000000000000e+02,1.470000000000000000e+02,1.430000000000000000e+02,1.450000000000000000e+02,6.110000000000000000e+04
2.008041400000000000e+07,1.450000000000000000e+02,1.450000000000000000e+02,1.430000000000000000e+02,1.450000000000000000e+02,1.700000000000000000e+03
2.008042100000000000e+07,1.450000000000000000e+02,1.460000000000000000e+02,1.430000000000000000e+02,1.440000000000000000e+02,8.500000000000000000e+03
2.008042800000000000e+07,1.455000000000000000e+02,1.464969940185546875e+02,1.420000000000000000e+02,1.435000000000000000e+02,1.642000000000000000e+05
2.008050500000000000e+07,1.435000000000000000e+02,1.443500061035156250e+02,1.420000000000000000e+02,1.435000000000000000e+02,2.759000000000000000e+05
2.008051200000000000e+07,1.435000000000000000e+02,1.443500061035156250e+02,1.435000000000000000e+02,1.435000000000000000e+02,9.000000000000000000e+02
2.008051900000000000e+07,1.435000000000000000e+02,1.446799926757812500e+02,1.423699951171875000e+02,1.440000000000000000e+02,1.650000000000000000e+05
2.008052600000000000e+07,1.440000000000000000e+02,1.447500000000000000e+02,1.430000000000000000e+02,1.440000000000000000e+02,4.050000000000000000e+04
2.008060200000000000e+07,1.440000000000000000e+02,1.444499969482421875e+02,1.420000000000000000e+02,1.435000000000000000e+02,2.427000000000000000e+05
2.008060900000000000e+07,1.435000000000000000e+02,1.444499969482421875e+02,1.400000000000000000e+02,1.420000000000000000e+02,2.917000000000000000e+05
2.008061600000000000e+07,1.420000000000000000e+02,1.426670074462890625e+02,1.400000000000000000e+02,1.420000000000000000e+02,3.100000000000000000e+03
2.008062300000000000e+07,1.420000000000000000e+02,1.420000000000000000e+02,1.300000000000000000e+02,1.315000000000000000e+02,3.960000000000000000e+04
2.008063000000000000e+07,1.300000000000000000e+02,1.362500000000000000e+02,1.270000000000000000e+02,1.345000000000000000e+02,8.370000000000000000e+04
2.008070700000000000e+07,1.345000000000000000e+02,1.354499969482421875e+02,1.330000000000000000e+02,1.335000000000000000e+02,3.540000000000000000e+04
2.008071400000000000e+07,1.335000000000000000e+02,1.380000000000000000e+02,1.335000000000000000e+02,1.365000000000000000e+02,2.550000000000000000e+04
2.008072100000000000e+07,1.375000000000000000e+02,1.393800048828125000e+02,1.356199951171875000e+02,1.375000000000000000e+02,5.700000000000000000e+03
2.008072800000000000e+07,1.375000000000000000e+02,1.400000000000000000e+02,1.350000000000000000e+02,1.355000000000000000e+02,6.840000000000000000e+04
2.008080400000000000e+07,1.355000000000000000e+02,1.400000000000000000e+02,1.355000000000000000e+02,1.355000000000000000e+02,5.718800000000000000e+06
2.008081100000000000e+07,1.355000000000000000e+02,1.358800048828125000e+02,1.351199951171875000e+02,1.355000000000000000e+02,4.460000000000000000e+05
2.008081800000000000e+07,1.365000000000000000e+02,1.380000000000000000e+02,1.350000000000000000e+02,1.365000000000000000e+02,1.100000000000000000e+04
2.008082500000000000e+07,1.365000000000000000e+02,1.400000000000000000e+02,1.350000000000000000e+02,1.365000000000000000e+02,4.912000000000000000e+05
2.008090100000000000e+07,1.365000000000000000e+02,1.376300048828125000e+02,1.350000000000000000e+02,1.365000000000000000e+02,3.400000000000000000e+03
2.008090800000000000e+07,1.365000000000000000e+02,1.376300048828125000e+02,1.350000000000000000e+02,1.365000000000000000e+02,1.500000000000000000e+04
2.008091500000000000e+07,1.365000000000000000e+02,1.376300048828125000e+02,1.350000000000000000e+02,1.365000000000000000e+02,8.370000000000000000e+04
2.008092200000000000e+07,1.365000000000000000e+02,1.376300048828125000e+02,1.353000030517578125e+02,1.365000000000000000e+02,1.800000000000000000e+03
2.008092900000000000e+07,1.365000000000000000e+02,1.365000000000000000e+02,1.330000000000000000e+02,1.340000000000000000e+02,1.180000000000000000e+05
2.008100600000000000e+07,1.350000000000000000e+02,1.380000000000000000e+02,1.335000000000000000e+02,1.365000000000000000e+02,3.970000000000000000e+05
2.008101300000000000e+07,1.365000000000000000e+02,1.393800048828125000e+02,1.350000000000000000e+02,1.375000000000000000e+02,1.322800000000000000e+06
2.008102000000000000e+07,1.375000000000000000e+02,1.400000000000000000e+02,1.350000000000000000e+02,1.385000000000000000e+02,4.201000000000000000e+05
2.008102700000000000e+07,1.385000000000000000e+02,1.396300048828125000e+02,1.370000000000000000e+02,1.385000000000000000e+02,1.530000000000000000e+04
2.008110300000000000e+07,1.385000000000000000e+02,1.500000000000000000e+02,1.385000000000000000e+02,1.490000000000000000e+02,3.902000000000000000e+05
2.008111000000000000e+07,1.515000000000000000e+02,1.570000000000000000e+02,1.453699951171875000e+02,1.465000000000000000e+02,5.550000000000000000e+04
2.008111700000000000e+07,1.465000000000000000e+02,1.523800048828125000e+02,1.465000000000000000e+02,1.515000000000000000e+02,1.770000000000000000e+04
2.008112400000000000e+07,1.506500000000000057e+02,1.530000000000000000e+02,1.505000000000000000e+02,1.515000000000000000e+02,2.820000000000000000e+04
2.008120100000000000e+07,1.526299999999999955e+02,1.530000000000000000e+02,1.503699951171875000e+02,1.515000000000000000e+02,1.270000000000000000e+04
2.008120800000000000e+07,1.500000000000000000e+02,1.520000000000000000e+02,1.485000000000000000e+02,1.490000000000000000e+02,1.160000000000000000e+04
2.008121500000000000e+07,1.485200000000000102e+02,1.520000000000000000e+02,1.485200042724609375e+02,1.520000000000000000e+02,1.210000000000000000e+04
2.008122200000000000e+07,1.530000000000000000e+02,1.580000000000000000e+02,1.530000000000000000e+02,1.560000000000000000e+02,2.740000000000000000e+04
2.008122900000000000e+07,1.599499999999999886e+02,1.599499969482421875e+02,1.575000000000000000e+02,1.575000000000000000e+02,5.000000000000000000e+02
2.009010500000000000e+07,1.600000000000000000e+02,1.649499969482421875e+02,1.590000000000000000e+02,1.625000000000000000e+02,1.840000000000000000e+04
2.009011200000000000e+07,1.625000000000000000e+02,1.625000000000000000e+02,1.580000000000000000e+02,1.600000000000000000e+02,3.630000000000000000e+04
2.009011900000000000e+07,1.580000000000000000e+02,1.600000000000000000e+02,1.475000000000000000e+02,1.475000000000000000e+02,4.980000000000000000e+04
2.009012600000000000e+07,1.450000000000000000e+02,1.500000000000000000e+02,1.450000000000000000e+02,1.495000000000000000e+02,3.580000000000000000e+04
2.009020200000000000e+07,1.450000000000000000e+02,1.485200042724609375e+02,1.430599975585937500e+02,1.440000000000000000e+02,3.898000000000000000e+05
2.009020900000000000e+07,1.440000000000000000e+02,1.450000000000000000e+02,1.400000000000000000e+02,1.425000000000000000e+02,2.786000000000000000e+05
2.009021600000000000e+07,1.445000000000000000e+02,1.445000000000000000e+02,1.383500061035156250e+02,1.415000000000000000e+02,5.200000000000000000e+03
2.009022300000000000e+07,1.383499999999999943e+02,1.440000000000000000e+02,1.330500030517578125e+02,1.355000000000000000e+02,3.660000000000000000e+04
2.009030200000000000e+07,1.385300000000000011e+02,1.385299987792968750e+02,1.237699966430664062e+02,1.270000000000000000e+02,3.370000000000000000e+04
2.009030900000000000e+07,1.252000000000000028e+02,1.300000000000000000e+02,1.130000000000000000e+02,1.130000000000000000e+02,1.830000000000000000e+04
2.009031600000000000e+07,1.110000000000000000e+02,1.141500015258789062e+02,1.100000000000000000e+02,1.130000000000000000e+02,1.287000000000000000e+05
2.009032300000000000e+07,1.130000000000000000e+02,1.150000000000000000e+02,1.080000000000000000e+02,1.095000000000000000e+02,1.200000000000000000e+04
2.009033000000000000e+07,1.115000000000000000e+02,1.155000000000000000e+02,1.115000000000000000e+02,1.135000000000000000e+02,0.000000000000000000e+00
2.009040600000000000e+07,1.153799999999999955e+02,1.153799972534179688e+02,1.125000000000000000e+02,1.130000000000000000e+02,2.200000000000000000e+03
2.009041300000000000e+07,1.130000000000000000e+02,1.160000000000000000e+02,1.130000000000000000e+02,1.160000000000000000e+02,4.400000000000000000e+03
2.009042000000000000e+07,1.130000000000000000e+02,1.135000000000000000e+02,1.030000000000000000e+02,1.030000000000000000e+02,2.014300000000000000e+06
2.009042700000000000e+07,1.030000000000000000e+02,1.080000000000000000e+02,1.030000000000000000e+02,1.070000000000000000e+02,3.680000000000000000e+04
2.009050400000000000e+07,1.070000000000000000e+02,1.150000000000000000e+02,1.052799987792968750e+02,1.100000000000000000e+02,1.843000000000000000e+05
2.009051100000000000e+07,1.140000000000000000e+02,1.140000000000000000e+02,1.034499969482421875e+02,1.055000000000000000e+02,2.827000000000000000e+05
2.009051800000000000e+07,1.030000000000000000e+02,1.071490020751953125e+02,1.006750030517578125e+02,1.020000000000000000e+02,2.980000000000000000e+04
2.009052500000000000e+07,1.010000000000000000e+02,1.033399963378906250e+02,9.334999847412109375e+01,9.650000000000000000e+01,2.670000000000000000e+04
2.009060100000000000e+07,9.650000000000000000e+01,1.042300033569335938e+02,9.650000000000000000e+01,1.020000000000000000e+02,6.500000000000000000e+03
2.009060800000000000e+07,1.010000000000000000e+02,1.135000000000000000e+02,9.700000000000000000e+01,9.900000000000000000e+01,4.500000000000000000e+04
2.009061500000000000e+07,9.900000000000000000e+01,1.015000000000000000e+02,9.900000000000000000e+01,1.015000000000000000e+02,0.000000000000000000e+00
2.009062200000000000e+07,1.015000000000000000e+02,1.023700027465820312e+02,9.654000091552734375e+01,9.900000000000000000e+01,1.793000000000000000e+05
2.009062900000000000e+07,9.600000000000000000e+01,1.060000000000000000e+02,9.600000000000000000e+01,1.040000000000000000e+02,1.315800000000000000e+06
2.009070600000000000e+07,1.040000000000000000e+02,1.060000000000000000e+02,1.026800003051757812e+02,1.040000000000000000e+02,1.900000000000000000e+03
2.009071300000000000e+07,1.040000000000000000e+02,1.070000000000000000e+02,1.040000000000000000e+02,1.070000000000000000e+02,6.000000000000000000e+03
2.009072000000000000e+07,1.055000000000000000e+02,1.070000000000000000e+02,1.030199966430664062e+02,1.050000000000000000e+02,2.740000000000000000e+04
2.009072700000000000e+07,1.030199999999999960e+02,1.110000000000000000e+02,1.030199966430664062e+02,1.085000000000000000e+02,2.000000000000000000e+04
2.009080300000000000e+07,1.060000000000000000e+02,1.105000000000000000e+02,1.060000000000000000e+02,1.105000000000000000e+02,2.250000000000000000e+04
2.009081000000000000e+07,1.080000000000000000e+02,1.105000000000000000e+02,1.058700027465820312e+02,1.080000000000000000e+02,2.790000000000000000e+04
2.009081700000000000e+07,1.080000000000000000e+02,1.097500000000000000e+02,1.055000000000000000e+02,1.085000000000000000e+02,2.200000000000000000e+03
2.009082400000000000e+07,1.085000000000000000e+02,1.100000000000000000e+02,1.060000000000000000e+02,1.060000000000000000e+02,5.500000000000000000e+03
2.009083100000000000e+07,1.060000000000000000e+02,1.097500000000000000e+02,1.055999984741210938e+02,1.075000000000000000e+02,8.666000000000000000e+05
2.009090700000000000e+07,1.075000000000000000e+02,1.150000000000000000e+02,1.050000000000000000e+02,1.150000000000000000e+02,2.007000000000000000e+05
2.009091400000000000e+07,1.065000000000000000e+02,1.088799972534179688e+02,1.060000000000000000e+02,1.065000000000000000e+02,2.190000000000000000e+04
2.009092100000000000e+07,1.080000000000000000e+02,1.090000000000000000e+02,1.055000000000000000e+02,1.065000000000000000e+02,1.711000000000000000e+05
2.009092800000000000e+07,1.070000000000000000e+02,1.090000000000000000e+02,1.039599990844726562e+02,1.090000000000000000e+02,1.131000000000000000e+05
2.009100500000000000e+07,1.100000000000000000e+02,1.165000000000000000e+02,1.100000000000000000e+02,1.165000000000000000e+02,9.511000000000000000e+05
2.009101200000000000e+07,1.155000000000000000e+02,1.197900009155273438e+02,1.140000000000000000e+02,1.185000000000000000e+02,2.058000000000000000e+05
2.009101900000000000e+07,1.176299999999999955e+02,1.186699981689453125e+02,1.130000000000000000e+02,1.160000000000000000e+02,1.100000000000000000e+04
2.009102600000000000e+07,1.165000000000000000e+02,1.200000000000000000e+02,1.131500015258789062e+02,1.165000000000000000e+02,3.289000000000000000e+05
2.009110200000000000e+07,1.175000000000000000e+02,1.175000000000000000e+02,1.120000000000000000e+02,1.135000000000000000e+02,1.340000000000000000e+04
2.009110900000000000e+07,1.150000000000000000e+02,1.220000000000000000e+02,1.150000000000000000e+02,1.185000000000000000e+02,2.580000000000000000e+04
2.009111600000000000e+07,1.185000000000000000e+02,1.270000000000000000e+02,1.185000000000000000e+02,1.240000000000000000e+02,2.170000000000000000e+04
2.009112300000000000e+07,1.240000000000000000e+02,1.310000000000000000e+02,1.240000000000000000e+02,1.300000000000000000e+02,6.500000000000000000e+05
2.009113000000000000e+07,1.300000000000000000e+02,1.321000061035156250e+02,1.270000000000000000e+02,1.300000000000000000e+02,9.200000000000000000e+03
2.009120700000000000e+07,1.290000000000000000e+02,1.330000000000000000e+02,1.250000000000000000e+02,1.300000000000000000e+02,1.010000000000000000e+04
2.009121400000000000e+07,1.305000000000000000e+02,1.330000000000000000e+02,1.280000000000000000e+02,1.315000000000000000e+02,3.830000000000000000e+04
2.009122100000000000e+07,1.315000000000000000e+02,1.328800048828125000e+02,1.300000000000000000e+02,1.300000000000000000e+02,2.210000000000000000e+04
2.009122800000000000e+07,1.300000000000000000e+02,1.300000000000000000e+02,1.300000000000000000e+02,1.300000000000000000e+02,0.000000000000000000e+00
2.010010400000000000e+07,1.300000000000000000e+02,1.300000000000000000e+02,1.272539978027343750e+02,1.290000000000000000e+02,2.520000000000000000e+04
2.010011100000000000e+07,1.300000000000000000e+02,1.330000000000000000e+02,1.286000061035156250e+02,1.317500000000000000e+02,3.360000000000000000e+04
2.010011800000000000e+07,1.325000000000000000e+02,1.350000000000000000e+02,1.300000000000000000e+02,1.340000000000000000e+02,7.140000000000000000e+04
2.010012500000000000e+07,1.340000000000000000e+02,1.359199981689453125e+02,1.320000000000000000e+02,1.330000000000000000e+02,7.190000000000000000e+04
2.010020100000000000e+07,1.345000000000000000e+02,1.370000000000000000e+02,1.345000000000000000e+02,1.370000000000000000e+02,7.560000000000000000e+04
2.010020800000000000e+07,1.370000000000000000e+02,1.905000000000000000e+02,1.365000000000000000e+02,1.905000000000000000e+02,3.450000000000000000e+04
2.010021500000000000e+07,1.420000000000000000e+02,1.560000000000000000e+02,1.420000000000000000e+02,1.520000000000000000e+02,5.370000000000000000e+04
2.010022200000000000e+07,1.520000000000000000e+02,1.540000000000000000e+02,1.500000000000000000e+02,1.540000000000000000e+02,5.122000000000000000e+05
2.010030100000000000e+07,1.525000000000000000e+02,1.540000000000000000e+02,1.500000000000000000e+02,1.525000000000000000e+02,3.920000000000000000e+04
2.010030800000000000e+07,1.525000000000000000e+02,1.540000000000000000e+02,1.490000000000000000e+02,1.520000000000000000e+02,2.250000000000000000e+04
2.010031500000000000e+07,1.525000000000000000e+02,1.525000000000000000e+02,1.480000000000000000e+02,1.495000000000000000e+02,1.287000000000000000e+05
2.010032200000000000e+07,1.495000000000000000e+02,1.500000000000000000e+02,1.495000000000000000e+02,1.500000000000000000e+02,0.000000000000000000e+00
2.010032900000000000e+07,1.500000000000000000e+02,1.500000000000000000e+02,1.485000000000000000e+02,1.490000000000000000e+02,6.800000000000000000e+03
2.010040500000000000e+07,1.490000000000000000e+02,1.550000000000000000e+02,1.470000000000000000e+02,1.515000000000000000e+02,2.867400000000000000e+06
2.010041200000000000e+07,1.505000000000000000e+02,1.523999938964843750e+02,1.487500000000000000e+02,1.510000000000000000e+02,8.600000000000000000e+03
2.010041900000000000e+07,1.510000000000000000e+02,1.510000000000000000e+02,1.468999938964843750e+02,1.470000000000000000e+02,2.400000000000000000e+03
2.010042600000000000e+07,1.470000000000000000e+02,1.480000000000000000e+02,1.470000000000000000e+02,1.475000000000000000e+02,1.030000000000000000e+04
2.010050300000000000e+07,1.475000000000000000e+02,1.485000000000000000e+02,1.455000000000000000e+02,1.460000000000000000e+02,0.000000000000000000e+00
2.010051000000000000e+07,1.460000000000000000e+02,1.460000000000000000e+02,1.410000000000000000e+02,1.440000000000000000e+02,2.100000000000000000e+04
2.010051700000000000e+07,1.440000000000000000e+02,1.440000000000000000e+02,1.395000000000000000e+02,1.395000000000000000e+02,1.680000000000000000e+05
2.010052400000000000e+07,1.395000000000000000e+02,1.395000000000000000e+02,1.335000000000000000e+02,1.340000000000000000e+02,2.730000000000000000e+04
2.010053100000000000e+07,1.340000000000000000e+02,1.381999969482421875e+02,1.340000000000000000e+02,1.375000000000000000e+02,1.058000000000000000e+05
2.010060700000000000e+07,1.375000000000000000e+02,1.440000000000000000e+02,1.370000000000000000e+02,1.395000000000000000e+02,4.381000000000000000e+05
2.010061400000000000e+07,1.385000000000000000e+02,1.395000000000000000e+02,1.370000000000000000e+02,1.395000000000000000e+02,3.975000000000000000e+05
2.010062100000000000e+07,1.395000000000000000e+02,1.480000000000000000e+02,1.395000000000000000e+02,1.475000000000000000e+02,7.579000000000000000e+05
2.010062800000000000e+07,1.470000000000000000e+02,1.675000000000000000e+02,1.470000000000000000e+02,1.675000000000000000e+02,8.320000000000000000e+04
2.010070500000000000e+07,1.665000000000000000e+02,1.665000000000000000e+02,1.375000000000000000e+02,1.605000000000000000e+02,5.960000000000000000e+04
2.010071200000000000e+07,1.605000000000000000e+02,1.605000000000000000e+02,1.580000000000000000e+02,1.580000000000000000e+02,1.144000000000000000e+05
2.010071900000000000e+07,1.575000000000000000e+02,1.575000000000000000e+02,1.550000000000000000e+02,1.560000000000000000e+02,2.004000000000000000e+05
2.010072600000000000e+07,1.560000000000000000e+02,1.620000000000000000e+02,1.560000000000000000e+02,1.585000000000000000e+02,8.420000000000000000e+04
2.010080200000000000e+07,1.585000000000000000e+02,1.585000000000000000e+02,1.553999938964843750e+02,1.560000000000000000e+02,1.170000000000000000e+04
2.010080900000000000e+07,1.560000000000000000e+02,1.560000000000000000e+02,1.535000000000000000e+02,1.540000000000000000e+02,8.245000000000000000e+05
2.010081600000000000e+07,1.540000000000000000e+02,1.580000000000000000e+02,1.531929931640625000e+02,1.575000000000000000e+02,2.780000000000000000e+04
2.010082300000000000e+07,1.575000000000000000e+02,1.575000000000000000e+02,1.550000000000000000e+02,1.575000000000000000e+02,2.644000000000000000e+05
2.010083000000000000e+07,1.575000000000000000e+02,1.600000000000000000e+02,1.556699981689453125e+02,1.585000000000000000e+02,1.450000000000000000e+04
2.010090600000000000e+07,1.585000000000000000e+02,1.585000000000000000e+02,1.572700042724609375e+02,1.585000000000000000e+02,2.000000000000000000e+03
2.010091300000000000e+07,1.585000000000000000e+02,1.830000000000000000e+02,1.573699951171875000e+02,1.815000000000000000e+02,1.436000000000000000e+05
2.010092000000000000e+07,1.815000000000000000e+02,1.829700012207031250e+02,1.740000000000000000e+02,1.760000000000000000e+02,6.820000000000000000e+04
2.010092700000000000e+07,1.760000000000000000e+02,1.920000000000000000e+02,1.750000000000000000e+02,1.915000000000000000e+02,2.227000000000000000e+05
2.010100400000000000e+07,1.947500000000000000e+02,1.949900054931640625e+02,1.861000061035156250e+02,1.885000000000000000e+02,1.340000000000000000e+05
2.010101100000000000e+07,1.880000000000000000e+02,1.943999938964843750e+02,1.880000000000000000e+02,1.910000000000000000e+02,5.140000000000000000e+04
2.010101800000000000e+07,1.925000000000000000e+02,1.950000000000000000e+02,1.903300018310546875e+02,1.915000000000000000e+02,2.680000000000000000e+04
2.010102500000000000e+07,1.915000000000000000e+02,1.925500030517578125e+02,1.880000000000000000e+02,1.890000000000000000e+02,5.910000000000000000e+04
2.010110100000000000e+07,1.890000000000000000e+02,1.896999969482421875e+02,1.820000000000000000e+02,1.840000000000000000e+02,5.090000000000000000e+04
2.010110800000000000e+07,1.840000000000000000e+02,1.855000000000000000e+02,1.805000000000000000e+02,1.810000000000000000e+02,9.000000000000000000e+04
2.010111500000000000e+07,1.825000000000000000e+02,1.920000000000000000e+02,1.808999938964843750e+02,1.900000000000000000e+02,6.360000000000000000e+04
2.010112200000000000e+07,1.900000000000000000e+02,1.920000000000000000e+02,1.893999938964843750e+02,1.910000000000000000e+02,1.142000000000000000e+05
2.010112900000000000e+07,1.915000000000000000e+02,1.920000000000000000e+02,1.895000000000000000e+02,1.905000000000000000e+02,3.400000000000000000e+04
2.010120600000000000e+07,1.920000000000000000e+02,1.980000000000000000e+02,1.535000000000000000e+02,1.950000000000000000e+02,3.918000000000000000e+05
2.010121300000000000e+07,1.950000000000000000e+02,1.970000000000000000e+02,1.921999969482421875e+02,1.930000000000000000e+02,6.190000000000000000e+04
2.010122000000000000e+07,1.930000000000000000e+02,1.939499969482421875e+02,1.923000030517578125e+02,1.935000000000000000e+02,1.320000000000000000e+04
2.010122700000000000e+07,1.935000000000000000e+02,1.950000000000000000e+02,1.920000000000000000e+02,1.930000000000000000e+02,1.580000000000000000e+04
2.011011000000000000e+07,1.925000000000000000e+02,1.946999969482421875e+02,1.914499969482421875e+02,1.935000000000000000e+02,2.610000000000000000e+04
2.011011700000000000e+07,1.935000000000000000e+02,1.946699981689453125e+02,1.900000000000000000e+02,1.915000000000000000e+02,1.859800000000000000e+06
2.011012400000000000e+07,1.915000000000000000e+02,1.940000000000000000e+02,1.911699981689453125e+02,1.930000000000000000e+02,5.260000000000000000e+04
2.011013100000000000e+07,1.930000000000000000e+02,1.930000000000000000e+02,1.900000000000000000e+02,1.930000000000000000e+02,4.270000000000000000e+04
2.011020700000000000e+07,1.930000000000000000e+02,1.956999969482421875e+02,1.930000000000000000e+02,1.950000000000000000e+02,5.700000000000000000e+03
2.011021400000000000e+07,1.940000000000000000e+02,1.970000000000000000e+02,1.940000000000000000e+02,1.955000000000000000e+02,1.310000000000000000e+04
2.011022100000000000e+07,1.955000000000000000e+02,1.970000000000000000e+02,1.940000000000000000e+02,1.960000000000000000e+02,3.580000000000000000e+04
2.011022800000000000e+07,1.972500000000000000e+02,1.980000000000000000e+02,1.951499938964843750e+02,1.965000000000000000e+02,4.085000000000000000e+05
2.011030700000000000e+07,1.979000000000000057e+02,2.110000000000000000e+02,1.965000000000000000e+02,2.095000000000000000e+02,9.450000000000000000e+04
2.011031400000000000e+07,2.119600000000000080e+02,2.160000000000000000e+02,2.085000000000000000e+02,2.150000000000000000e+02,1.947000000000000000e+05
2.011032100000000000e+07,2.144000000000000057e+02,2.210000000000000000e+02,2.138399963378906250e+02,2.200000000000000000e+02,5.800000000000000000e+04
2.011032800000000000e+07,2.209000000000000057e+02,2.450000000000000000e+02,2.195000000000000000e+02,2.425000000000000000e+02,1.374000000000000000e+05
2.011040400000000000e+07,2.450000000000000000e+02,2.590000000000000000e+02,2.415000000000000000e+02,2.515000000000000000e+02,1.309000000000000000e+05
2.011041100000000000e+07,2.510500000000000114e+02,2.530000000000000000e+02,2.482500000000000000e+02,2.495000000000000000e+02,8.890000000000000000e+04
2.011041800000000000e+07,2.471320000000000050e+02,2.520000000000000000e+02,2.440000000000000000e+02,2.485000000000000000e+02,5.240000000000000000e+04
2.011050900000000000e+07,2.402500000000000000e+02,2.458800048828125000e+02,2.402500000000000000e+02,2.435000000000000000e+02,3.830000000000000000e+04
2.011051600000000000e+07,2.470000000000000000e+02,2.520000000000000000e+02,2.430000000000000000e+02,2.500000000000000000e+02,1.951000000000000000e+05
2.011052300000000000e+07,2.520000000000000000e+02,2.591499938964843750e+02,2.480000000000000000e+02,2.575000000000000000e+02,7.070000000000000000e+04
2.011060600000000000e+07,2.670000000000000000e+02,2.820000000000000000e+02,2.670000000000000000e+02,2.790000000000000000e+02,4.962000000000000000e+05
2.011061300000000000e+07,2.786999999999999886e+02,2.877000122070312500e+02,2.780000000000000000e+02,2.845000000000000000e+02,2.200000000000000000e+05
2.011062000000000000e+07,2.880000000000000000e+02,2.900000000000000000e+02,2.730000000000000000e+02,2.830000000000000000e+02,9.240000000000000000e+04
2.011062700000000000e+07,2.830000000000000000e+02,2.850000000000000000e+02,2.780000000000000000e+02,2.780000000000000000e+02,5.214000000000000000e+05
2.011070400000000000e+07,2.837470000000000141e+02,2.889790039062500000e+02,2.783500061035156250e+02,2.871250000000000000e+02,7.500000000000000000e+04
2.011071100000000000e+07,2.889789999999999850e+02,3.000000000000000000e+02,2.822999877929687500e+02,3.000000000000000000e+02,1.299000000000000000e+05
2.011071800000000000e+07,2.997500000000000000e+02,3.166000061035156250e+02,2.985379943847656250e+02,3.070000000000000000e+02,2.850000000000000000e+05
2.011072500000000000e+07,3.050000000000000000e+02,3.150000000000000000e+02,3.034460144042968750e+02,3.115000000000000000e+02,6.226000000000000000e+05
2.011080100000000000e+07,3.039900000000000091e+02,3.115000000000000000e+02,2.330000000000000000e+02,2.466250000000000000e+02,5.666000000000000000e+05
2.011080800000000000e+07,2.470000000000000000e+02,3.070000000000000000e+02,2.420000000000000000e+02,3.013750000000000000e+02,1.936000000000000000e+05
2.011081500000000000e+07,2.992500000000000000e+02,3.098169860839843750e+02,2.666099853515625000e+02,2.766250000000000000e+02,3.365000000000000000e+05
2.011082200000000000e+07,2.830000000000000000e+02,2.950000000000000000e+02,2.720000000000000000e+02,2.810000000000000000e+02,2.320000000000000000e+05
2.011090500000000000e+07,2.850000000000000000e+02,2.881279907226562500e+02,2.750000000000000000e+02,2.823750000000000000e+02,2.210000000000000000e+04
2.011091200000000000e+07,2.721499999999999773e+02,2.850000000000000000e+02,2.655000000000000000e+02,2.680000000000000000e+02,1.852000000000000000e+05
2.011091900000000000e+07,2.731779999999999973e+02,2.731780090332031250e+02,2.480000000000000000e+02,2.525000000000000000e+02,5.220000000000000000e+04
2.011092600000000000e+07,2.450000000000000000e+02,2.790000000000000000e+02,2.450000000000000000e+02,2.790000000000000000e+02,4.990000000000000000e+04
2.011100300000000000e+07,2.670000000000000000e+02,2.797500000000000000e+02,2.560000000000000000e+02,2.735000000000000000e+02,3.994000000000000000e+05
2.011101000000000000e+07,2.795000000000000000e+02,2.795000000000000000e+02,2.611979980468750000e+02,2.710000000000000000e+02,2.640000000000000000e+04
2.011101700000000000e+07,2.632500000000000000e+02,2.780000000000000000e+02,2.630000000000000000e+02,2.665000000000000000e+02,4.790000000000000000e+04
2.011102400000000000e+07,2.645000000000000000e+02,2.739960021972656250e+02,2.600000000000000000e+02,2.600000000000000000e+02,5.080000000000000000e+04
2.011103100000000000e+07,2.580000000000000000e+02,2.664970092773437500e+02,2.530000000000000000e+02,2.605000000000000000e+02,1.369000000000000000e+05
2.011110700000000000e+07,2.570000000000000000e+02,2.628999938964843750e+02,2.510000000000000000e+02,2.585000000000000000e+02,4.650000000000000000e+04
2.011111400000000000e+07,2.550000000000000000e+02,2.633999938964843750e+02,2.550000000000000000e+02,2.575000000000000000e+02,7.750000000000000000e+04
2.011112100000000000e+07,2.550000000000000000e+02,2.690000000000000000e+02,2.501300048828125000e+02,2.672500000000000000e+02,5.460000000000000000e+04
2.011112800000000000e+07,2.720000000000000000e+02,2.811029968261718750e+02,2.655000000000000000e+02,2.760000000000000000e+02,4.220000000000000000e+04
2.011120500000000000e+07,2.732799999999999727e+02,2.850000000000000000e+02,2.730000000000000000e+02,2.785000000000000000e+02,8.637000000000000000e+05
2.011121200000000000e+07,2.829970000000000141e+02,2.884970092773437500e+02,2.762500000000000000e+02,2.830000000000000000e+02,7.320000000000000000e+04
2.011121900000000000e+07,2.867500000000000000e+02,2.900000000000000000e+02,2.762500000000000000e+02,2.881250000000000000e+02,1.170000000000000000e+04
2.011122600000000000e+07,2.881250000000000000e+02,3.030000000000000000e+02,2.880000000000000000e+02,2.982500000000000000e+02,7.640000000000000000e+04
2.012010200000000000e+07,2.982500000000000000e+02,3.020000000000000000e+02,2.920000000000000000e+02,2.950000000000000000e+02,4.316000000000000000e+05
2.012010900000000000e+07,2.992300000000000182e+02,3.000000000000000000e+02,2.930000000000000000e+02,2.963750000000000000e+02,6.150000000000000000e+04
2.012011600000000000e+07,2.930000000000000000e+02,3.000000000000000000e+02,2.874410095214843750e+02,2.970000000000000000e+02,9.500000000000000000e+04
2.012012300000000000e+07,2.960000000000000000e+02,2.999500122070312500e+02,2.900000000000000000e+02,2.950000000000000000e+02,3.900000000000000000e+04
2.012013000000000000e+07,2.905249999999999773e+02,2.988999938964843750e+02,2.842539978027343750e+02,2.870000000000000000e+02,4.710000000000000000e+04
2.012020600000000000e+07,2.970000000000000000e+02,3.000000000000000000e+02,2.884899902343750000e+02,2.925000000000000000e+02,4.131000000000000000e+05
2.012021300000000000e+07,2.880000000000000000e+02,2.975000000000000000e+02,2.850000000000000000e+02,2.923750000000000000e+02,4.253000000000000000e+05
2.012022000000000000e+07,2.910000000000000000e+02,3.000000000000000000e+02,2.900000000000000000e+02,2.950000000000000000e+02,8.330000000000000000e+04
2.012022700000000000e+07,3.000000000000000000e+02,3.000000000000000000e+02,2.850000000000000000e+02,2.930000000000000000e+02,4.390000000000000000e+04
2.012030500000000000e+07,2.880000000000000000e+02,2.975000000000000000e+02,2.850000000000000000e+02,2.855000000000000000e+02,6.000000000000000000e+04
2.012031200000000000e+07,2.900000000000000000e+02,2.965000000000000000e+02,2.855000000000000000e+02,2.920000000000000000e+02,1.480000000000000000e+05
2.012031900000000000e+07,2.885110000000000241e+02,2.965000000000000000e+02,2.850000000000000000e+02,2.915000000000000000e+02,5.150000000000000000e+04
2.012032600000000000e+07,2.865000000000000000e+02,2.910000000000000000e+02,2.500000000000000000e+02,2.530000000000000000e+02,1.554000000000000000e+05
2.012040200000000000e+07,2.500000000000000000e+02,2.620000000000000000e+02,2.500000000000000000e+02,2.582500000000000000e+02,1.754000000000000000e+05
2.012040900000000000e+07,2.582500000000000000e+02,2.615000000000000000e+02,2.523780059814453125e+02,2.585000000000000000e+02,4.240000000000000000e+04
2.012041600000000000e+07,2.558700000000000045e+02,2.700000000000000000e+02,2.550000000000000000e+02,2.680000000000000000e+02,7.914000000000000000e+05
2.012042300000000000e+07,2.650000000000000000e+02,2.745140075683593750e+02,2.630000000000000000e+02,2.665000000000000000e+02,7.920000000000000000e+04
2.012043000000000000e+07,2.680000000000000000e+02,2.715000000000000000e+02,2.632500000000000000e+02,2.715000000000000000e+02,3.070000000000000000e+04
2.012050700000000000e+07,2.715000000000000000e+02,2.747500000000000000e+02,2.657500000000000000e+02,2.701250000000000000e+02,1.327000000000000000e+05
2.012051400000000000e+07,2.676000000000000227e+02,2.737500000000000000e+02,2.641199951171875000e+02,2.682500000000000000e+02,1.497000000000000000e+05
2.012052100000000000e+07,2.660500000000000114e+02,2.720000000000000000e+02,2.620000000000000000e+02,2.685000000000000000e+02,4.250000000000000000e+04
2.012052800000000000e+07,2.650000000000000000e+02,2.710039978027343750e+02,2.620000000000000000e+02,2.670000000000000000e+02,1.495000000000000000e+05
2.012060400000000000e+07,2.670000000000000000e+02,2.720000000000000000e+02,2.504750061035156250e+02,2.510000000000000000e+02,2.260000000000000000e+04
2.012061100000000000e+07,2.580000000000000000e+02,2.671799926757812500e+02,2.520000000000000000e+02,2.640000000000000000e+02,6.830000000000000000e+04
2.012061800000000000e+07,2.663980000000000246e+02,2.670000000000000000e+02,2.560000000000000000e+02,2.601250000000000000e+02,7.220000000000000000e+04
2.012062500000000000e+07,2.629970000000000141e+02,2.637500000000000000e+02,2.520000000000000000e+02,2.550000000000000000e+02,2.867000000000000000e+05
2.012070200000000000e+07,2.600000000000000000e+02,2.600000000000000000e+02,2.470000000000000000e+02,2.475000000000000000e+02,1.600000000000000000e+04
2.012070900000000000e+07,2.450000000000000000e+02,2.489989929199218750e+02,2.282500000000000000e+02,2.380000000000000000e+02,1.203000000000000000e+05
2.012071600000000000e+07,2.409970000000000141e+02,2.450000000000000000e+02,2.330000000000000000e+02,2.365000000000000000e+02,5.940000000000000000e+04
2.012072300000000000e+07,2.405000000000000000e+02,2.405000000000000000e+02,2.270000000000000000e+02,2.315000000000000000e+02,4.990000000000000000e+04
2.012073000000000000e+07,2.278700000000000045e+02,2.340000000000000000e+02,2.278699951171875000e+02,2.320000000000000000e+02,4.750000000000000000e+04
2.012080600000000000e+07,2.370000000000000000e+02,2.451060028076171875e+02,2.300000000000000000e+02,2.350000000000000000e+02,1.020000000000000000e+05
2.012081300000000000e+07,2.400000000000000000e+02,2.529969940185546875e+02,2.315010070800781250e+02,2.480000000000000000e+02,4.790000000000000000e+04
2.012082000000000000e+07,2.519190000000000111e+02,2.561340026855468750e+02,2.395599975585937500e+02,2.465000000000000000e+02,3.660000000000000000e+04
2.012082700000000000e+07,2.465000000000000000e+02,2.550000000000000000e+02,2.442599945068359375e+02,2.512500000000000000e+02,2.800000000000000000e+04
2.012090300000000000e+07,2.534970000000000141e+02,2.556000061035156250e+02,2.460599975585937500e+02,2.492500000000000000e+02,5.080000000000000000e+04
2.012091000000000000e+07,2.513979999999999961e+02,2.529969940185546875e+02,2.197400054931640625e+02,2.243750000000000000e+02,3.301000000000000000e+05
2.012091700000000000e+07,2.230000000000000000e+02,2.271000061035156250e+02,2.160000000000000000e+02,2.235000000000000000e+02,9.720000000000000000e+05
2.012092400000000000e+07,2.261599999999999966e+02,2.290000000000000000e+02,2.177500000000000000e+02,2.210000000000000000e+02,3.200000000000000000e+04
2.012100100000000000e+07,2.247500000000000000e+02,2.250000000000000000e+02,2.180000000000000000e+02,2.210000000000000000e+02,3.930000000000000000e+05
2.012100800000000000e+07,2.170000000000000000e+02,2.292230072021484375e+02,1.980000000000000000e+02,2.260000000000000000e+02,1.313900000000000000e+06
2.012101500000000000e+07,2.290000000000000000e+02,2.365000000000000000e+02,2.290000000000000000e+02,2.340000000000000000e+02,4.250000000000000000e+04
2.012102200000000000e+07,2.325500000000000114e+02,2.550000000000000000e+02,2.320000000000000000e+02,2.535000000000000000e+02,2.051900000000000000e+06
2.012102900000000000e+07,2.567500000000000000e+02,2.649200134277343750e+02,2.400000000000000000e+02,2.415000000000000000e+02,1.018000000000000000e+05
2.012110500000000000e+07,2.380000000000000000e+02,2.548930053710937500e+02,2.350000000000000000e+02,2.482500000000000000e+02,8.200000000000000000e+04
2.012111200000000000e+07,2.550000000000000000e+02,2.555000000000000000e+02,2.455000000000000000e+02,2.505000000000000000e+02,2.910000000000000000e+04
2.012111900000000000e+07,2.540000000000000000e+02,2.700000000000000000e+02,2.490000000000000000e+02,2.590000000000000000e+02,7.040000000000000000e+04
2.012112600000000000e+07,2.664399999999999977e+02,2.690790100097656250e+02,2.570000000000000000e+02,2.650000000000000000e+02,5.910000000000000000e+04
2.012120300000000000e+07,2.550000000000000000e+02,2.653999938964843750e+02,2.464400024414062500e+02,2.555000000000000000e+02,2.470000000000000000e+04
2.012121000000000000e+07,2.600000000000000000e+02,3.000000000000000000e+02,2.568590087890625000e+02,2.730000000000000000e+02,1.863000000000000000e+05
2.012121700000000000e+07,2.860000000000000000e+02,2.900000000000000000e+02,2.720589904785156250e+02,2.790000000000000000e+02,4.570000000000000000e+04
2.012122400000000000e+07,2.767500000000000000e+02,2.920000000000000000e+02,2.767500000000000000e+02,2.885000000000000000e+02,1.560000000000000000e+04
2.012123100000000000e+07,2.905600000000000023e+02,2.926499938964843750e+02,2.750000000000000000e+02,2.850000000000000000e+02,4.640000000000000000e+04
2.013010700000000000e+07,2.870000000000000000e+02,2.918070068359375000e+02,2.704630126953125000e+02,2.765000000000000000e+02,2.022000000000000000e+05
2.013011400000000000e+07,2.805799999999999841e+02,2.810450134277343750e+02,2.660000000000000000e+02,2.750000000000000000e+02,8.160000000000000000e+04
2.013012100000000000e+07,2.740000000000000000e+02,2.752500000000000000e+02,2.538000030517578125e+02,2.650000000000000000e+02,1.403000000000000000e+05
2.013012800000000000e+07,2.695000000000000000e+02,2.780000000000000000e+02,2.570000000000000000e+02,2.700000000000000000e+02,6.146000000000000000e+05
2.013020400000000000e+07,2.773500000000000227e+02,2.826159973144531250e+02,2.669500122070312500e+02,2.805000000000000000e+02,1.637000000000000000e+05
2.013021100000000000e+07,2.820000000000000000e+02,2.970000000000000000e+02,2.786000061035156250e+02,2.935000000000000000e+02,1.188000000000000000e+06
2.013021800000000000e+07,2.900000000000000000e+02,2.970000000000000000e+02,2.846799926757812500e+02,2.900000000000000000e+02,1.590000000000000000e+05
2.013022500000000000e+07,2.898000000000000114e+02,3.060000000000000000e+02,2.877999877929687500e+02,3.035000000000000000e+02,3.925000000000000000e+05
2.013030400000000000e+07,3.070000000000000000e+02,3.360000000000000000e+02,3.026539916992187500e+02,3.360000000000000000e+02,1.604000000000000000e+05
2.013031100000000000e+07,3.350000000000000000e+02,3.530000000000000000e+02,3.070000000000000000e+02,3.145000000000000000e+02,1.699000000000000000e+05
2.013031800000000000e+07,3.050000000000000000e+02,3.200000000000000000e+02,3.022399902343750000e+02,3.160000000000000000e+02,9.130000000000000000e+04
2.013032500000000000e+07,3.140000000000000000e+02,3.200000000000000000e+02,3.057900085449218750e+02,3.180000000000000000e+02,2.530000000000000000e+05
2.013040100000000000e+07,3.180000000000000000e+02,3.230000000000000000e+02,3.100000000000000000e+02,3.125000000000000000e+02,4.854000000000000000e+05
2.013040800000000000e+07,3.150000000000000000e+02,3.250000000000000000e+02,3.019609985351562500e+02,3.250000000000000000e+02,9.790000000000000000e+04
2.013041500000000000e+07,3.180000000000000000e+02,3.271820068359375000e+02,3.152619934082031250e+02,3.210000000000000000e+02,9.180000000000000000e+04
2.013042200000000000e+07,3.285600000000000023e+02,3.300000000000000000e+02,3.160000000000000000e+02,3.300000000000000000e+02,4.380000000000000000e+04
2.013042900000000000e+07,3.330000000000000000e+02,3.450000000000000000e+02,3.245700073242187500e+02,3.375000000000000000e+02,1.145000000000000000e+05
2.013050600000000000e+07,3.375000000000000000e+02,3.400000000000000000e+02,3.300499877929687500e+02,3.375000000000000000e+02,1.552400000000000000e+06
2.013051300000000000e+07,3.375000000000000000e+02,3.535000000000000000e+02,3.346000061035156250e+02,3.465000000000000000e+02,2.440000000000000000e+04
2.013052000000000000e+07,3.399619999999999891e+02,3.500000000000000000e+02,3.283599853515625000e+02,3.363750000000000000e+02,5.810000000000000000e+04
2.013052700000000000e+07,3.363750000000000000e+02,3.480000000000000000e+02,3.270000000000000000e+02,3.450000000000000000e+02,1.746000000000000000e+05
2.013060300000000000e+07,3.480000000000000000e+02,3.550000000000000000e+02,3.100000000000000000e+02,3.240000000000000000e+02,8.003000000000000000e+05
2.013061000000000000e+07,3.283500000000000227e+02,3.283500061035156250e+02,3.120000000000000000e+02,3.150000000000000000e+02,6.874000000000000000e+05
2.013061700000000000e+07,3.170000000000000000e+02,3.170000000000000000e+02,3.043999938964843750e+02,3.090000000000000000e+02,2.520000000000000000e+05
2.013062400000000000e+07,3.044700000000000273e+02,3.090669860839843750e+02,2.858800048828125000e+02,2.997500000000000000e+02,2.490000000000000000e+04
2.013070100000000000e+07,3.008000000000000114e+02,3.050000000000000000e+02,2.907500000000000000e+02,3.050000000000000000e+02,1.399000000000000000e+05
2.013070800000000000e+07,2.930000000000000000e+02,3.050000000000000000e+02,2.900000000000000000e+02,2.945000000000000000e+02,6.130000000000000000e+04
2.013071500000000000e+07,2.919800000000000182e+02,3.070000000000000000e+02,2.900000000000000000e+02,3.046250000000000000e+02,1.863800000000000000e+06
2.013072200000000000e+07,3.050000000000000000e+02,3.150000000000000000e+02,3.004169921875000000e+02,3.150000000000000000e+02,3.000000000000000000e+04
2.013072900000000000e+07,3.230000000000000000e+02,3.270000000000000000e+02,3.039379882812500000e+02,3.237500000000000000e+02,2.740000000000000000e+04
2.013080500000000000e+07,3.240000000000000000e+02,3.400000000000000000e+02,3.200000000000000000e+02,3.400000000000000000e+02,3.110000000000000000e+04
2.013081200000000000e+07,3.270000000000000000e+02,3.380000000000000000e+02,3.251659851074218750e+02,3.340000000000000000e+02,9.650000000000000000e+04
2.013081900000000000e+07,3.363999999999999773e+02,3.374750061035156250e+02,3.250000000000000000e+02,3.360000000000000000e+02,4.620000000000000000e+04
2.013082600000000000e+07,3.360000000000000000e+02,3.390000000000000000e+02,3.236499938964843750e+02,3.335000000000000000e+02,5.260000000000000000e+04
2.013090200000000000e+07,3.300000000000000000e+02,3.376589965820312500e+02,3.220000000000000000e+02,3.315000000000000000e+02,4.150000000000000000e+04
2.013090900000000000e+07,3.280000000000000000e+02,3.400000000000000000e+02,3.280000000000000000e+02,3.377500000000000000e+02,3.690000000000000000e+04
2.013091600000000000e+07,3.400000000000000000e+02,3.502500000000000000e+02,3.315320129394531250e+02,3.400000000000000000e+02,2.757000000000000000e+05
2.013092300000000000e+07,3.380000000000000000e+02,3.412000122070312500e+02,3.232500000000000000e+02,3.307500000000000000e+02,6.700000000000000000e+04
2.013093000000000000e+07,3.232500000000000000e+02,3.554249877929687500e+02,3.232500000000000000e+02,3.515000000000000000e+02,1.007000000000000000e+05
2.013100700000000000e+07,3.498899999999999864e+02,3.552000122070312500e+02,3.424140014648437500e+02,3.450000000000000000e+02,1.550000000000000000e+04
2.013101400000000000e+07,3.475000000000000000e+02,3.475000000000000000e+02,3.350000000000000000e+02,3.350000000000000000e+02,9.270000000000000000e+04
2.013102100000000000e+07,3.470000000000000000e+02,3.486350097656250000e+02,3.364200134277343750e+02,3.450000000000000000e+02,6.427000000000000000e+05
2.013102800000000000e+07,3.420000000000000000e+02,3.554769897460937500e+02,3.417950134277343750e+02,3.545000000000000000e+02,4.360000000000000000e+04
2.013110400000000000e+07,3.596129999999999995e+02,3.845000000000000000e+02,3.552500000000000000e+02,3.830000000000000000e+02,4.370000000000000000e+05
2.013111100000000000e+07,3.805699999999999932e+02,3.970000000000000000e+02,3.805700073242187500e+02,3.900000000000000000e+02,7.780000000000000000e+04
2.013111800000000000e+07,3.970000000000000000e+02,4.070000000000000000e+02,3.900000000000000000e+02,3.920000000000000000e+02,1.939000000000000000e+05
2.013112500000000000e+07,4.020000000000000000e+02,4.057950134277343750e+02,3.951000061035156250e+02,4.000000000000000000e+02,4.990000000000000000e+04
2.013120200000000000e+07,4.030000000000000000e+02,4.052850036621093750e+02,3.771090087890625000e+02,3.800000000000000000e+02,9.960000000000000000e+04
2.013120900000000000e+07,3.950000000000000000e+02,4.103750000000000000e+02,3.850000000000000000e+02,4.103750000000000000e+02,8.350000000000000000e+04
2.013121600000000000e+07,4.150000000000000000e+02,4.275799865722656250e+02,4.102500000000000000e+02,4.172500000000000000e+02,4.810000000000000000e+04
2.013122300000000000e+07,4.210960000000000036e+02,4.220000000000000000e+02,4.125000000000000000e+02,4.160000000000000000e+02,2.000000000000000000e+03
2.013123000000000000e+07,4.220000000000000000e+02,4.417500000000000000e+02,4.139379882812500000e+02,4.417500000000000000e+02,8.740000000000000000e+04
2.014010600000000000e+07,4.420000000000000000e+02,4.930000000000000000e+02,4.420000000000000000e+02,4.927500000000000000e+02,3.406000000000000000e+05
2.014011300000000000e+07,4.842500000000000000e+02,5.170000000000000000e+02,4.817999877929687500e+02,5.087500000000000000e+02,3.750000000000000000e+04
2.014012000000000000e+07,5.170000000000000000e+02,6.090000000000000000e+02,5.000419921875000000e+02,5.705000000000000000e+02,1.467000000000000000e+05
2.014012700000000000e+07,5.700000000000000000e+02,5.795000000000000000e+02,4.972049865722656250e+02,5.150000000000000000e+02,2.790000000000000000e+05
2.014020300000000000e+07,5.035000000000000000e+02,5.220000000000000000e+02,4.895950012207031250e+02,4.985000000000000000e+02,5.230000000000000000e+04
2.014021000000000000e+07,5.000000000000000000e+02,5.180499877929687500e+02,4.978099975585937500e+02,5.100000000000000000e+02,4.860000000000000000e+04
2.014021700000000000e+07,5.000000000000000000e+02,5.470000000000000000e+02,5.000000000000000000e+02,5.385000000000000000e+02,2.827000000000000000e+05
2.014022400000000000e+07,5.265000000000000000e+02,5.393660278320312500e+02,5.120000000000000000e+02,5.200000000000000000e+02,5.840000000000000000e+04
2.014030300000000000e+07,5.125000000000000000e+02,5.200000000000000000e+02,4.890000000000000000e+02,5.125000000000000000e+02,5.920000000000000000e+04
2.014031000000000000e+07,5.030000000000000000e+02,5.187139892578125000e+02,5.005000000000000000e+02,5.100000000000000000e+02,6.690000000000000000e+04
2.014031700000000000e+07,5.005000000000000000e+02,5.005000000000000000e+02,4.550000000000000000e+02,4.580000000000000000e+02,5.780000000000000000e+04
2.014032400000000000e+07,4.582500000000000000e+02,5.035000000000000000e+02,4.582500000000000000e+02,5.035000000000000000e+02,1.142300000000000000e+06
2.014033100000000000e+07,5.015000000000000000e+02,5.020000000000000000e+02,4.730000000000000000e+02,5.000000000000000000e+02,3.540000000000000000e+04
2.014040700000000000e+07,4.905579999999999927e+02,4.950000000000000000e+02,4.670700073242187500e+02,4.702500000000000000e+02,5.870000000000000000e+04
2.014041400000000000e+07,4.672500000000000000e+02,4.920000000000000000e+02,4.600000000000000000e+02,4.642500000000000000e+02,8.850000000000000000e+04
2.014042100000000000e+07,4.642500000000000000e+02,4.917500000000000000e+02,4.580000000000000000e+02,4.600000000000000000e+02,5.540000000000000000e+04
2.014042800000000000e+07,4.600000000000000000e+02,4.783590087890625000e+02,4.543559875488281250e+02,4.588750000000000000e+02,4.580000000000000000e+04
2.014050500000000000e+07,4.588750000000000000e+02,4.700000000000000000e+02,4.511279907226562500e+02,4.626250000000000000e+02,1.117000000000000000e+05
2.014051200000000000e+07,4.625000000000000000e+02,4.700000000000000000e+02,4.443590087890625000e+02,4.575000000000000000e+02,7.320000000000000000e+04
2.014051900000000000e+07,4.432500000000000000e+02,4.747500000000000000e+02,4.432500000000000000e+02,4.533199999999999932e+02,5.590000000000000000e+04
2.014052600000000000e+07,4.533199999999999932e+02,4.659899902343750000e+02,4.497730102539062500e+02,4.530000000000000000e+02,4.710000000000000000e+04
2.014060200000000000e+07,4.580000000000000000e+02,5.205599975585937500e+02,4.555000000000000000e+02,5.120000000000000000e+02,1.452000000000000000e+05
2.014060900000000000e+07,5.120000000000000000e+02,5.310000000000000000e+02,4.850000000000000000e+02,4.872500000000000000e+02,6.009000000000000000e+05
2.014061600000000000e+07,5.000000000000000000e+02,5.177999877929687500e+02,4.839649963378906250e+02,5.025000000000000000e+02,6.250000000000000000e+04
2.014062300000000000e+07,5.050000000000000000e+02,5.131229858398437500e+02,4.803030090332031250e+02,4.912500000000000000e+02,1.145000000000000000e+05
2.014063000000000000e+07,4.950000000000000000e+02,5.031229858398437500e+02,4.770000000000000000e+02,4.800000000000000000e+02,3.926000000000000000e+05
2.014070700000000000e+07,4.802500000000000000e+02,4.974779968261718750e+02,4.750000000000000000e+02,4.790000000000000000e+02,1.680000000000000000e+05
2.014071400000000000e+07,4.795000000000000000e+02,5.000000000000000000e+02,4.760000000000000000e+02,4.797500000000000000e+02,1.069000000000000000e+05
2.014072100000000000e+07,4.760000000000000000e+02,4.972330017089843750e+02,4.300000000000000000e+02,4.637500000000000000e+02,1.445000000000000000e+05
2.014072800000000000e+07,4.605629999999999882e+02,4.637500000000000000e+02,4.400000000000000000e+02,4.627500000000000000e+02,3.376000000000000000e+05
2.014080400000000000e+07,4.640000000000000000e+02,4.845000000000000000e+02,4.400000000000000000e+02,4.845000000000000000e+02,1.205000000000000000e+05
2.014081100000000000e+07,4.818960000000000150e+02,4.849079895019531250e+02,4.602500000000000000e+02,4.847500000000000000e+02,7.070000000000000000e+04
2.014081800000000000e+07,4.880000000000000000e+02,5.050000000000000000e+02,4.770310058593750000e+02,4.975000000000000000e+02,5.370000000000000000e+04
2.014082500000000000e+07,4.975000000000000000e+02,5.160000000000000000e+02,4.950000000000000000e+02,5.033750000000000000e+02,3.530000000000000000e+04
2.014090100000000000e+07,5.011499999999999773e+02,5.120000000000000000e+02,4.930000000000000000e+02,4.940000000000000000e+02,2.800000000000000000e+05
2.014090800000000000e+07,4.950000000000000000e+02,5.200000000000000000e+02,4.926250000000000000e+02,4.930000000000000000e+02,1.135000000000000000e+05
2.014091500000000000e+07,4.908000000000000114e+02,4.940000000000000000e+02,4.780000000000000000e+02,4.815000000000000000e+02,3.370000000000000000e+04
2.014092200000000000e+07,4.770000000000000000e+02,4.950000000000000000e+02,4.684379882812500000e+02,4.705000000000000000e+02,1.167000000000000000e+05
2.014092900000000000e+07,4.777500000000000000e+02,4.777500000000000000e+02,4.630000000000000000e+02,4.650000000000000000e+02,7.180000000000000000e+04
2.014100600000000000e+07,4.626429999999999723e+02,4.721000061035156250e+02,4.426730041503906250e+02,4.523750000000000000e+02,8.300000000000000000e+04
2.014101300000000000e+07,4.490000000000000000e+02,4.490000000000000000e+02,4.157380065917968750e+02,4.235000000000000000e+02,1.990000000000000000e+05
2.014102000000000000e+07,4.170000000000000000e+02,4.269360046386718750e+02,4.156990051269531250e+02,4.250000000000000000e+02,9.560000000000000000e+04
2.014102700000000000e+07,4.180000000000000000e+02,4.405000000000000000e+02,4.150000000000000000e+02,4.405000000000000000e+02,8.085900000000000000e+06
2.014110300000000000e+07,4.275000000000000000e+02,4.520000000000000000e+02,4.185000000000000000e+02,4.410000000000000000e+02,9.600000000000000000e+04
2.014111000000000000e+07,4.400000000000000000e+02,4.506799926757812500e+02,4.200000000000000000e+02,4.200000000000000000e+02,1.559000000000000000e+05
2.014111700000000000e+07,4.277500000000000000e+02,4.437500000000000000e+02,4.180000000000000000e+02,4.338750000000000000e+02,1.138000000000000000e+05
2.014112400000000000e+07,4.450000000000000000e+02,4.450000000000000000e+02,4.270000000000000000e+02,4.347500000000000000e+02,1.005000000000000000e+05
2.014120100000000000e+07,4.405710000000000264e+02,4.405710144042968750e+02,4.200000000000000000e+02,4.370000000000000000e+02,7.530000000000000000e+04
2.014120800000000000e+07,4.322500000000000000e+02,4.900000000000000000e+02,4.240000000000000000e+02,4.850000000000000000e+02,7.974000000000000000e+05
2.014121500000000000e+07,4.797500000000000000e+02,5.320000000000000000e+02,4.797500000000000000e+02,5.237500000000000000e+02,1.850000000000000000e+05
2.014122200000000000e+07,5.300000000000000000e+02,5.400000000000000000e+02,5.206400146484375000e+02,5.310000000000000000e+02,3.080000000000000000e+04
2.014122900000000000e+07,5.330000000000000000e+02,5.350000000000000000e+02,5.200000000000000000e+02,5.250000000000000000e+02,5.640000000000000000e+04
2.015010500000000000e+07,5.225000000000000000e+02,5.381500244140625000e+02,5.146010131835937500e+02,5.280000000000000000e+02,9.350000000000000000e+04
2.015011200000000000e+07,5.287350000000000136e+02,5.320499877929687500e+02,5.166179809570312500e+02,5.280000000000000000e+02,3.756000000000000000e+05
2.015011900000000000e+07,5.282500000000000000e+02,5.330000000000000000e+02,5.175000000000000000e+02,5.250000000000000000e+02,9.930000000000000000e+04
2.015012600000000000e+07,5.300000000000000000e+02,5.300000000000000000e+02,5.044509887695312500e+02,5.150000000000000000e+02,8.450000000000000000e+04
2.015020200000000000e+07,5.055000000000000000e+02,5.161250000000000000e+02,4.783450012207031250e+02,4.882500000000000000e+02,5.050000000000000000e+04
2.015020900000000000e+07,4.882500000000000000e+02,5.030000000000000000e+02,4.764429931640625000e+02,4.855000000000000000e+02,4.832000000000000000e+05
2.015021600000000000e+07,4.900000000000000000e+02,5.013049926757812500e+02,4.850000000000000000e+02,4.972500000000000000e+02,4.960000000000000000e+04
2.015022300000000000e+07,4.900000000000000000e+02,5.010000000000000000e+02,4.870000000000000000e+02,4.900000000000000000e+02,2.308000000000000000e+05
2.015030200000000000e+07,4.897500000000000000e+02,5.000000000000000000e+02,4.870000000000000000e+02,4.920000000000000000e+02,1.717000000000000000e+05
2.015030900000000000e+07,5.020000000000000000e+02,5.020000000000000000e+02,4.817500000000000000e+02,4.835000000000000000e+02,3.900000000000000000e+05
2.015031600000000000e+07,4.830000000000000000e+02,4.913599853515625000e+02,4.741600036621093750e+02,4.755000000000000000e+02,1.018000000000000000e+05
2.015032300000000000e+07,4.762119999999999891e+02,4.867500000000000000e+02,4.610000000000000000e+02,4.632500000000000000e+02,1.326000000000000000e+05
2.015033000000000000e+07,4.610000000000000000e+02,4.741069946289062500e+02,4.528059997558593750e+02,4.530000000000000000e+02,4.636000000000000000e+05
2.015040600000000000e+07,4.530000000000000000e+02,4.645000000000000000e+02,4.500000000000000000e+02,4.600000000000000000e+02,7.310000000000000000e+04
2.015041300000000000e+07,4.642500000000000000e+02,4.650000000000000000e+02,4.480000000000000000e+02,4.607500000000000000e+02,4.618000000000000000e+05
2.015042000000000000e+07,4.630000000000000000e+02,4.664899902343750000e+02,4.500000000000000000e+02,4.642500000000000000e+02,2.304000000000000000e+05
2.015042700000000000e+07,4.670000000000000000e+02,4.915000000000000000e+02,4.580199890136718750e+02,4.770000000000000000e+02,2.758000000000000000e+05
2.015050400000000000e+07,4.770000000000000000e+02,4.937309875488281250e+02,4.770000000000000000e+02,4.806250000000000000e+02,5.022000000000000000e+05
2.015051100000000000e+07,4.890000000000000000e+02,5.130000000000000000e+02,4.800000000000000000e+02,5.115000000000000000e+02,6.910000000000000000e+04
2.015051800000000000e+07,5.000000000000000000e+02,5.200000000000000000e+02,5.000000000000000000e+02,5.200000000000000000e+02,9.820000000000000000e+04
2.015052500000000000e+07,5.200000000000000000e+02,5.280000000000000000e+02,5.140000000000000000e+02,5.275000000000000000e+02,1.314000000000000000e+05
2.015060100000000000e+07,5.250000000000000000e+02,5.450000000000000000e+02,5.236879882812500000e+02,5.320000000000000000e+02,7.315000000000000000e+05
2.015060800000000000e+07,5.320000000000000000e+02,5.329299926757812500e+02,5.105000000000000000e+02,5.167500000000000000e+02,3.483000000000000000e+05
2.015061500000000000e+07,5.100000000000000000e+02,5.150000000000000000e+02,5.022300109863281250e+02,5.050000000000000000e+02,7.870000000000000000e+04
2.015062200000000000e+07,5.045000000000000000e+02,5.149400024414062500e+02,5.045000000000000000e+02,5.095000000000000000e+02,1.405000000000000000e+05
2.015062900000000000e+07,5.085000000000000000e+02,5.120000000000000000e+02,5.005899963378906250e+02,5.100000000000000000e+02,6.150000000000000000e+04
2.015070600000000000e+07,5.115000000000000000e+02,5.120000000000000000e+02,5.000000000000000000e+02,5.010000000000000000e+02,2.257000000000000000e+05
2.015071300000000000e+07,5.070000000000000000e+02,5.090000000000000000e+02,4.950000000000000000e+02,5.050000000000000000e+02,4.560000000000000000e+04
2.015072000000000000e+07,5.065000000000000000e+02,5.169240112304687500e+02,4.925000000000000000e+02,4.980000000000000000e+02,6.760000000000000000e+04
2.015072700000000000e+07,5.010000000000000000e+02,5.187800292968750000e+02,5.010000000000000000e+02,5.095000000000000000e+02,1.021000000000000000e+05
2.015080300000000000e+07,5.050000000000000000e+02,5.150000000000000000e+02,5.050000000000000000e+02,5.085000000000000000e+02,2.733000000000000000e+05
2.015081000000000000e+07,5.100600000000000023e+02,5.169099731445312500e+02,4.995000000000000000e+02,4.995000000000000000e+02,5.160000000000000000e+04
2.015081700000000000e+07,5.010000000000000000e+02,5.094049987792968750e+02,4.900000000000000000e+02,4.907500000000000000e+02,3.020000000000000000e+04
2.015082400000000000e+07,4.827500000000000000e+02,4.907349853515625000e+02,4.630000000000000000e+02,4.855000000000000000e+02,9.750000000000000000e+04
2.015083100000000000e+07,4.855000000000000000e+02,4.977500000000000000e+02,4.800000000000000000e+02,4.915000000000000000e+02,4.030000000000000000e+04
2.015090700000000000e+07,4.900000000000000000e+02,5.145000000000000000e+02,4.900000000000000000e+02,5.145000000000000000e+02,4.480000000000000000e+04
2.015091400000000000e+07,5.050000000000000000e+02,5.300000000000000000e+02,5.050000000000000000e+02,5.230000000000000000e+02,5.870000000000000000e+04
2.015092100000000000e+07,5.295000000000000000e+02,5.300000000000000000e+02,5.182000122070312500e+02,5.265000000000000000e+02,2.469000000000000000e+05
2.015092800000000000e+07,5.310000000000000000e+02,5.330000000000000000e+02,5.126770019531250000e+02,5.195000000000000000e+02,6.170000000000000000e+04
2.015100500000000000e+07,5.143999999999999773e+02,5.215000000000000000e+02,5.050000000000000000e+02,5.050000000000000000e+02,7.890000000000000000e+04
2.015101200000000000e+07,5.085000000000000000e+02,5.090000000000000000e+02,4.850000000000000000e+02,4.898750000000000000e+02,2.345000000000000000e+05
2.015101900000000000e+07,4.967500000000000000e+02,4.967500000000000000e+02,4.800000000000000000e+02,4.805000000000000000e+02,3.780000000000000000e+04
2.015102600000000000e+07,4.802500000000000000e+02,4.850000000000000000e+02,4.700000000000000000e+02,4.751250000000000000e+02,1.586000000000000000e+05
2.015110200000000000e+07,4.702500000000000000e+02,4.850799865722656250e+02,4.702500000000000000e+02,4.750000000000000000e+02,8.290000000000000000e+04
2.015110900000000000e+07,4.702500000000000000e+02,4.850000000000000000e+02,4.702500000000000000e+02,4.762500000000000000e+02,1.605000000000000000e+05
2.015111600000000000e+07,4.682500000000000000e+02,4.792730102539062500e+02,4.431499938964843750e+02,4.488750000000000000e+02,9.240000000000000000e+04
2.015112300000000000e+07,4.562500000000000000e+02,4.562500000000000000e+02,4.300000000000000000e+02,4.302500000000000000e+02,1.715000000000000000e+05
2.015113000000000000e+07,4.312500000000000000e+02,4.430599975585937500e+02,4.150000000000000000e+02,4.155000000000000000e+02,2.366000000000000000e+05
2.015120700000000000e+07,4.250830000000000268e+02,4.550000000000000000e+02,4.050000000000000000e+02,4.500000000000000000e+02,5.481000000000000000e+05
2.015121400000000000e+07,4.580000000000000000e+02,5.070000000000000000e+02,4.542500000000000000e+02,5.055000000000000000e+02,2.395000000000000000e+05
2.015122100000000000e+07,5.070000000000000000e+02,5.075799865722656250e+02,4.870000000000000000e+02,5.035000000000000000e+02,1.622000000000000000e+05
2.016010400000000000e+07,4.850000000000000000e+02,5.130000000000000000e+02,4.802500000000000000e+02,5.055000000000000000e+02,1.461000000000000000e+05
2.016011100000000000e+07,5.100000000000000000e+02,5.130000000000000000e+02,4.855979919433593750e+02,4.882500000000000000e+02,2.436000000000000000e+05
2.016011800000000000e+07,4.922500000000000000e+02,4.980000000000000000e+02,4.600000000000000000e+02,4.622500000000000000e+02,1.065000000000000000e+05
2.016012500000000000e+07,4.605000000000000000e+02,4.691499938964843750e+02,4.582500000000000000e+02,4.645000000000000000e+02,1.502000000000000000e+05
2.016020100000000000e+07,4.677500000000000000e+02,4.680000000000000000e+02,4.453760070800781250e+02,4.462500000000000000e+02,4.300000000000000000e+05
2.016020800000000000e+07,4.480000000000000000e+02,4.545000000000000000e+02,4.230000000000000000e+02,4.237500000000000000e+02,9.030000000000000000e+04
2.016021500000000000e+07,4.300000000000000000e+02,4.440000000000000000e+02,4.232500000000000000e+02,4.342500000000000000e+02,1.977000000000000000e+05
2.016022200000000000e+07,4.350000000000000000e+02,4.370000000000000000e+02,2.791600036621093750e+02,3.125000000000000000e+02,1.764400000000000000e+06
