2.006101600000000000e+07,1.950000000000000000e+02,2.080000000000000000e+02,1.700000000000000000e+02,1.980000000000000000e+02,3.124920000000000000e+07
2.006102300000000000e+07,1.980000000000000000e+02,2.030000000000000000e+02,1.920000000000000000e+02,1.987500000000000000e+02,6.778600000000000000e+06
2.006103000000000000e+07,1.962500000000000000e+02,1.980000000000000000e+02,1.900000000000000000e+02,1.920000000000000000e+02,4.287700000000000000e+06
2.006110600000000000e+07,1.900000000000000000e+02,1.970000000000000000e+02,1.890000000000000000e+02,1.960000000000000000e+02,6.978000000000000000e+06
2.006111300000000000e+07,1.980000000000000000e+02,1.980000000000000000e+02,1.937500000000000000e+02,1.977500000000000000e+02,4.734800000000000000e+06
2.006112000000000000e+07,1.980000000000000000e+02,2.087500000000000000e+02,1.965000000000000000e+02,2.087500000000000000e+02,2.660700000000000000e+06
2.006112700000000000e+07,2.095000000000000000e+02,2.237500000000000000e+02,2.070010070800781250e+02,2.190000000000000000e+02,4.674800000000000000e+06
2.006120400000000000e+07,2.267500000000000000e+02,2.580000000000000000e+02,2.187810058593750000e+02,2.580000000000000000e+02,9.633100000000000000e+06
2.006121100000000000e+07,2.560000000000000000e+02,2.732500000000000000e+02,2.422500000000000000e+02,2.422500000000000000e+02,3.407780000000000000e+07
2.006121800000000000e+07,2.460000000000000000e+02,2.530000000000000000e+02,2.300000000000000000e+02,2.530000000000000000e+02,5.189600000000000000e+06
2.006122500000000000e+07,2.530000000000000000e+02,2.627500000000000000e+02,2.475000000000000000e+02,2.587500000000000000e+02,7.640000000000000000e+05
2.007010100000000000e+07,2.587500000000000000e+02,2.649989929199218750e+02,2.420000000000000000e+02,2.502500000000000000e+02,1.420160000000000000e+07
2.007010800000000000e+07,2.470000000000000000e+02,2.590000000000000000e+02,2.400000000000000000e+02,2.500000000000000000e+02,9.160300000000000000e+06
2.007011500000000000e+07,2.530000000000000000e+02,2.550000000000000000e+02,2.352500000000000000e+02,2.390000000000000000e+02,1.483100000000000000e+07
2.007012200000000000e+07,2.402500000000000000e+02,2.470000000000000000e+02,2.320000000000000000e+02,2.412500000000000000e+02,6.810400000000000000e+06
2.007012900000000000e+07,2.410000000000000000e+02,2.650000000000000000e+02,2.380000000000000000e+02,2.620000000000000000e+02,7.849800000000000000e+06
2.007020500000000000e+07,2.580000000000000000e+02,3.037489929199218750e+02,2.580000000000000000e+02,2.940000000000000000e+02,6.857500000000000000e+06
2.007021200000000000e+07,2.900000000000000000e+02,3.020000000000000000e+02,2.500000000000000000e+02,2.930000000000000000e+02,1.702470000000000000e+07
2.007021900000000000e+07,2.882500000000000000e+02,2.975000000000000000e+02,2.800000000000000000e+02,2.870000000000000000e+02,7.917000000000000000e+05
2.007022600000000000e+07,2.900000000000000000e+02,2.900000000000000000e+02,2.520000000000000000e+02,2.697500000000000000e+02,1.317600000000000000e+07
2.007030500000000000e+07,2.650000000000000000e+02,2.857500000000000000e+02,2.500000000000000000e+02,2.857500000000000000e+02,4.234400000000000000e+06
2.007031200000000000e+07,2.800000000000000000e+02,2.850000000000000000e+02,2.610010070800781250e+02,2.770000000000000000e+02,3.640600000000000000e+06
2.007031900000000000e+07,2.755000000000000000e+02,3.030000000000000000e+02,2.750000000000000000e+02,2.955000000000000000e+02,1.441800000000000000e+06
2.007032600000000000e+07,2.985000000000000000e+02,2.987500000000000000e+02,2.850000000000000000e+02,2.897500000000000000e+02,2.564000000000000000e+06
2.007040200000000000e+07,2.950000000000000000e+02,3.035000000000000000e+02,2.720000000000000000e+02,2.887500000000000000e+02,4.204400000000000000e+06
2.007040900000000000e+07,2.887500000000000000e+02,3.025000000000000000e+02,2.880000000000000000e+02,2.920000000000000000e+02,2.743700000000000000e+06
2.007041600000000000e+07,2.962500000000000000e+02,3.160000000000000000e+02,2.920000000000000000e+02,3.095000000000000000e+02,4.366700000000000000e+06
2.007042300000000000e+07,3.067500000000000000e+02,3.317500000000000000e+02,3.067500000000000000e+02,3.257500000000000000e+02,6.688900000000000000e+06
2.007043000000000000e+07,3.230000000000000000e+02,3.292500000000000000e+02,3.162500000000000000e+02,3.280000000000000000e+02,3.026800000000000000e+06
2.007050700000000000e+07,3.280000000000000000e+02,3.280000000000000000e+02,3.030000000000000000e+02,3.075000000000000000e+02,5.110400000000000000e+06
2.007051400000000000e+07,3.100000000000000000e+02,3.179289855957031250e+02,2.940000000000000000e+02,3.067500000000000000e+02,3.048700000000000000e+06
2.007052100000000000e+07,3.100000000000000000e+02,3.150000000000000000e+02,3.030000000000000000e+02,3.060000000000000000e+02,2.453700000000000000e+06
2.007052800000000000e+07,3.060000000000000000e+02,3.130000000000000000e+02,3.040000000000000000e+02,3.112500000000000000e+02,3.122100000000000000e+06
2.007060400000000000e+07,3.090000000000000000e+02,3.130000000000000000e+02,2.870000000000000000e+02,2.915000000000000000e+02,2.198500000000000000e+06
2.007061100000000000e+07,3.000000000000000000e+02,3.085000000000000000e+02,2.787500000000000000e+02,3.032500000000000000e+02,4.517500000000000000e+06
2.007061800000000000e+07,3.020000000000000000e+02,3.350000000000000000e+02,2.780000000000000000e+02,2.780000000000000000e+02,1.173010000000000000e+07
2.007062500000000000e+07,2.800000000000000000e+02,2.830000000000000000e+02,2.570000000000000000e+02,2.692500000000000000e+02,8.902400000000000000e+06
2.007070200000000000e+07,2.650000000000000000e+02,2.857500000000000000e+02,2.650000000000000000e+02,2.832500000000000000e+02,5.710200000000000000e+06
2.007070900000000000e+07,2.860000000000000000e+02,2.870000000000000000e+02,2.670000000000000000e+02,2.780000000000000000e+02,4.444600000000000000e+06
2.007071600000000000e+07,2.737500000000000000e+02,2.835090026855468750e+02,2.610000000000000000e+02,2.657500000000000000e+02,4.310000000000000000e+06
2.007072300000000000e+07,2.640000000000000000e+02,2.700000000000000000e+02,2.200000000000000000e+02,2.212500000000000000e+02,7.448100000000000000e+06
2.007073000000000000e+07,2.250000000000000000e+02,2.332500000000000000e+02,2.160000000000000000e+02,2.217500000000000000e+02,4.182300000000000000e+06
2.007080600000000000e+07,2.180000000000000000e+02,2.550000000000000000e+02,2.021300048828125000e+02,2.242500000000000000e+02,2.254890000000000000e+07
2.007081300000000000e+07,2.262500000000000000e+02,2.352500000000000000e+02,2.000000000000000000e+02,2.120000000000000000e+02,8.540100000000000000e+06
2.007082000000000000e+07,2.130000000000000000e+02,2.330000000000000000e+02,2.036970062255859375e+02,2.200000000000000000e+02,2.934300000000000000e+06
2.007082700000000000e+07,2.200000000000000000e+02,2.250000000000000000e+02,2.072500000000000000e+02,2.230000000000000000e+02,5.881000000000000000e+06
2.007090300000000000e+07,2.230000000000000000e+02,2.520000000000000000e+02,2.230000000000000000e+02,2.492500000000000000e+02,5.309100000000000000e+06
2.007091000000000000e+07,2.460000000000000000e+02,4.020000000000000000e+02,2.377500000000000000e+02,2.517500000000000000e+02,4.785350000000000000e+07
2.007091700000000000e+07,2.500000000000000000e+02,2.695989990234375000e+02,2.370000000000000000e+02,2.655000000000000000e+02,6.723000000000000000e+06
2.007092400000000000e+07,2.650000000000000000e+02,2.970000000000000000e+02,2.630000000000000000e+02,2.900000000000000000e+02,1.127080000000000000e+07
2.007100100000000000e+07,2.870000000000000000e+02,3.030000000000000000e+02,2.694979858398437500e+02,2.910000000000000000e+02,7.225100000000000000e+06
2.007100800000000000e+07,2.950000000000000000e+02,2.950000000000000000e+02,2.727500000000000000e+02,2.752500000000000000e+02,1.335370000000000000e+07
2.007101500000000000e+07,2.800000000000000000e+02,2.825000000000000000e+02,2.705000000000000000e+02,2.770000000000000000e+02,7.043100000000000000e+06
2.007102200000000000e+07,2.740000000000000000e+02,2.812500000000000000e+02,2.682500000000000000e+02,2.810000000000000000e+02,4.192700000000000000e+06
2.007102900000000000e+07,2.770000000000000000e+02,2.925000000000000000e+02,2.770000000000000000e+02,2.827500000000000000e+02,3.060900000000000000e+06
2.007110500000000000e+07,2.802500000000000000e+02,2.875000000000000000e+02,2.660000000000000000e+02,2.705000000000000000e+02,3.154700000000000000e+06
2.007111200000000000e+07,2.700000000000000000e+02,2.730000000000000000e+02,2.555000000000000000e+02,2.650000000000000000e+02,3.192600000000000000e+06
2.007111900000000000e+07,2.615000000000000000e+02,2.700000000000000000e+02,2.455000000000000000e+02,2.627500000000000000e+02,3.514600000000000000e+06
2.007112600000000000e+07,2.637500000000000000e+02,2.820000000000000000e+02,2.485000000000000000e+02,2.760000000000000000e+02,3.404400000000000000e+06
2.007120300000000000e+07,2.730000000000000000e+02,2.790000000000000000e+02,2.585000000000000000e+02,2.590000000000000000e+02,4.511400000000000000e+06
2.007121000000000000e+07,2.580000000000000000e+02,2.632500000000000000e+02,2.460000000000000000e+02,2.620000000000000000e+02,2.888100000000000000e+06
2.007121700000000000e+07,2.600000000000000000e+02,2.752500000000000000e+02,2.540000000000000000e+02,2.752500000000000000e+02,3.867800000000000000e+06
2.007122400000000000e+07,2.750000000000000000e+02,2.785000000000000000e+02,2.690000000000000000e+02,2.735000000000000000e+02,4.869000000000000000e+05
2.007123100000000000e+07,2.720000000000000000e+02,2.800000000000000000e+02,2.650000000000000000e+02,2.695000000000000000e+02,2.506100000000000000e+06
2.008010700000000000e+07,2.690000000000000000e+02,2.730000000000000000e+02,2.550000000000000000e+02,2.597500000000000000e+02,6.331400000000000000e+06
2.008011400000000000e+07,2.625000000000000000e+02,2.670000000000000000e+02,2.362500000000000000e+02,2.472500000000000000e+02,7.254000000000000000e+06
2.008012100000000000e+07,2.455000000000000000e+02,2.685000000000000000e+02,2.124499969482421875e+02,2.510000000000000000e+02,1.197160000000000000e+07
2.008012800000000000e+07,2.432500000000000000e+02,2.827500000000000000e+02,2.400000000000000000e+02,2.717500000000000000e+02,7.937600000000000000e+06
2.008020400000000000e+07,2.755000000000000000e+02,2.780000000000000000e+02,2.582500000000000000e+02,2.655000000000000000e+02,4.858000000000000000e+06
2.008021100000000000e+07,2.630000000000000000e+02,2.870000000000000000e+02,2.560000000000000000e+02,2.692500000000000000e+02,4.153000000000000000e+06
2.008021800000000000e+07,2.732500000000000000e+02,2.960000000000000000e+02,2.705000000000000000e+02,2.820000000000000000e+02,4.045900000000000000e+06
2.008022500000000000e+07,2.855000000000000000e+02,2.990000000000000000e+02,2.607500000000000000e+02,2.657500000000000000e+02,7.683000000000000000e+06
2.008030300000000000e+07,2.600000000000000000e+02,2.750000000000000000e+02,2.380000000000000000e+02,2.472500000000000000e+02,1.028500000000000000e+07
2.008031000000000000e+07,2.470000000000000000e+02,2.680000000000000000e+02,2.400000000000000000e+02,2.525000000000000000e+02,5.408600000000000000e+06
2.008031700000000000e+07,2.425000000000000000e+02,2.692500000000000000e+02,2.360000000000000000e+02,2.600000000000000000e+02,7.452800000000000000e+06
2.008032400000000000e+07,2.600000000000000000e+02,2.925000000000000000e+02,2.570000000000000000e+02,2.917500000000000000e+02,5.488900000000000000e+06
2.008033100000000000e+07,2.860000000000000000e+02,3.187500000000000000e+02,2.762500000000000000e+02,3.110000000000000000e+02,7.212400000000000000e+06
2.008040700000000000e+07,3.110000000000000000e+02,3.200000000000000000e+02,3.060000000000000000e+02,3.105000000000000000e+02,4.247200000000000000e+06
2.008041400000000000e+07,3.100000000000000000e+02,3.100000000000000000e+02,2.800000000000000000e+02,2.900000000000000000e+02,7.952400000000000000e+06
2.008042100000000000e+07,2.922500000000000000e+02,2.922500000000000000e+02,2.722500000000000000e+02,2.750000000000000000e+02,6.235900000000000000e+06
2.008042800000000000e+07,2.782500000000000000e+02,2.985000000000000000e+02,2.750000000000000000e+02,2.940000000000000000e+02,4.444800000000000000e+06
2.008050500000000000e+07,2.940000000000000000e+02,3.017500000000000000e+02,2.782500000000000000e+02,2.825000000000000000e+02,3.998100000000000000e+06
2.008051200000000000e+07,2.817500000000000000e+02,2.870000000000000000e+02,2.600000000000000000e+02,2.777500000000000000e+02,3.865000000000000000e+06
2.008051900000000000e+07,2.762500000000000000e+02,2.770000000000000000e+02,2.580000000000000000e+02,2.615000000000000000e+02,3.382900000000000000e+06
2.008052600000000000e+07,2.615000000000000000e+02,2.740000000000000000e+02,2.565000000000000000e+02,2.612500000000000000e+02,4.614800000000000000e+06
2.008060200000000000e+07,2.615000000000000000e+02,2.667500000000000000e+02,2.492500000000000000e+02,2.505000000000000000e+02,3.825900000000000000e+06
2.008060900000000000e+07,2.497500000000000000e+02,2.527500000000000000e+02,2.365000000000000000e+02,2.455000000000000000e+02,3.946700000000000000e+06
2.008061600000000000e+07,2.420000000000000000e+02,2.545000000000000000e+02,2.365000000000000000e+02,2.382500000000000000e+02,8.043200000000000000e+06
2.008062300000000000e+07,2.392500000000000000e+02,2.405000000000000000e+02,2.100000000000000000e+02,2.215000000000000000e+02,7.150900000000000000e+06
2.008063000000000000e+07,2.197500000000000000e+02,2.235000000000000000e+02,1.935000000000000000e+02,2.040000000000000000e+02,6.499300000000000000e+06
2.008070700000000000e+07,2.067500000000000000e+02,2.110000000000000000e+02,1.990000000000000000e+02,2.000000000000000000e+02,3.775200000000000000e+06
2.008071400000000000e+07,2.010000000000000000e+02,2.500000000000000000e+02,1.842500000000000000e+02,2.380000000000000000e+02,1.058940000000000000e+07
2.008072100000000000e+07,2.382500000000000000e+02,2.510000000000000000e+02,2.267500000000000000e+02,2.367500000000000000e+02,4.748400000000000000e+06
2.008072800000000000e+07,2.347500000000000000e+02,2.582500000000000000e+02,2.297500000000000000e+02,2.450000000000000000e+02,4.612200000000000000e+06
2.008080400000000000e+07,2.500000000000000000e+02,2.675000000000000000e+02,2.432500000000000000e+02,2.497500000000000000e+02,4.374700000000000000e+06
2.008081100000000000e+07,2.525000000000000000e+02,2.550000000000000000e+02,2.377500000000000000e+02,2.410000000000000000e+02,4.070700000000000000e+06
2.008081800000000000e+07,2.432500000000000000e+02,2.482500000000000000e+02,2.372500000000000000e+02,2.452500000000000000e+02,2.728000000000000000e+06
2.008082500000000000e+07,2.452500000000000000e+02,2.587500000000000000e+02,2.390000000000000000e+02,2.562500000000000000e+02,5.478100000000000000e+06
2.008090100000000000e+07,2.522500000000000000e+02,2.750000000000000000e+02,2.420000000000000000e+02,2.442500000000000000e+02,5.001700000000000000e+06
2.008090800000000000e+07,2.540000000000000000e+02,2.655000000000000000e+02,2.400000000000000000e+02,2.495000000000000000e+02,4.394700000000000000e+06
2.008091500000000000e+07,2.485000000000000000e+02,2.647500000000000000e+02,2.100000000000000000e+02,2.460000000000000000e+02,1.266230000000000000e+07
2.008092200000000000e+07,2.432500000000000000e+02,2.462500000000000000e+02,2.102500000000000000e+02,2.140000000000000000e+02,5.243300000000000000e+06
2.008092900000000000e+07,2.112500000000000000e+02,2.147500000000000000e+02,1.840000000000000000e+02,2.085000000000000000e+02,5.025500000000000000e+06
2.008100600000000000e+07,2.025000000000000000e+02,2.170000000000000000e+02,1.490000000000000000e+02,1.607500000000000000e+02,5.722900000000000000e+06
2.008101300000000000e+07,1.650000000000000000e+02,1.872500000000000000e+02,1.417500000000000000e+02,1.647500000000000000e+02,9.382800000000000000e+06
2.008102000000000000e+07,1.650000000000000000e+02,1.650000000000000000e+02,1.310000000000000000e+02,1.372500000000000000e+02,4.355900000000000000e+06
2.008102700000000000e+07,1.265000000000000000e+02,1.817500000000000000e+02,1.250000000000000000e+02,1.620000000000000000e+02,6.120800000000000000e+06
2.008110300000000000e+07,1.630000000000000000e+02,1.712500000000000000e+02,1.355000000000000000e+02,1.395000000000000000e+02,4.700300000000000000e+06
2.008111000000000000e+07,1.380000000000000000e+02,1.477500000000000000e+02,1.210000000000000000e+02,1.257500000000000000e+02,4.336700000000000000e+06
2.008111700000000000e+07,1.260000000000000000e+02,1.300000000000000000e+02,1.042500000000000000e+02,1.080000000000000000e+02,8.285100000000000000e+06
2.008112400000000000e+07,1.110000000000000000e+02,1.210000000000000000e+02,1.067500000000000000e+02,1.115000000000000000e+02,5.144000000000000000e+06
2.008120100000000000e+07,1.140000000000000000e+02,1.190000000000000000e+02,1.030000000000000000e+02,1.115000000000000000e+02,1.469090000000000000e+07
2.008120800000000000e+07,1.195000000000000000e+02,1.277500000000000000e+02,1.125000000000000000e+02,1.250000000000000000e+02,8.596300000000000000e+06
2.008121500000000000e+07,1.237500000000000000e+02,1.430000000000000000e+02,1.237500000000000000e+02,1.400000000000000000e+02,7.584100000000000000e+06
2.008122200000000000e+07,1.372500000000000000e+02,1.400000000000000000e+02,1.300000000000000000e+02,1.370000000000000000e+02,9.679000000000000000e+05
2.008122900000000000e+07,1.352500000000000000e+02,1.455000000000000000e+02,1.320000000000000000e+02,1.420000000000000000e+02,7.627000000000000000e+05
2.009010500000000000e+07,1.415000000000000000e+02,1.915000000000000000e+02,1.415000000000000000e+02,1.550000000000000000e+02,9.222200000000000000e+06
2.009011200000000000e+07,1.530000000000000000e+02,1.584369964599609375e+02,1.250000000000000000e+02,1.275000000000000000e+02,8.460600000000000000e+06
2.009011900000000000e+07,1.305000000000000000e+02,1.400000000000000000e+02,1.260000000000000000e+02,1.350000000000000000e+02,3.461000000000000000e+06
2.009012600000000000e+07,1.322500000000000000e+02,1.400000000000000000e+02,1.260000000000000000e+02,1.272500000000000000e+02,3.836600000000000000e+06
2.009020200000000000e+07,1.300000000000000000e+02,1.330000000000000000e+02,1.202500000000000000e+02,1.322500000000000000e+02,1.030800000000000000e+06
2.009020900000000000e+07,1.335000000000000000e+02,1.380000000000000000e+02,1.280000000000000000e+02,1.320000000000000000e+02,1.709900000000000000e+06
2.009021600000000000e+07,1.297500000000000000e+02,1.346329956054687500e+02,1.130000000000000000e+02,1.170000000000000000e+02,2.849600000000000000e+06
2.009022300000000000e+07,1.155000000000000000e+02,1.245000000000000000e+02,9.275000000000000000e+01,1.237500000000000000e+02,7.891200000000000000e+06
2.009030200000000000e+07,1.195000000000000000e+02,1.257500000000000000e+02,1.135000000000000000e+02,1.140000000000000000e+02,3.867800000000000000e+06
2.009030900000000000e+07,1.137500000000000000e+02,1.360000000000000000e+02,1.125000000000000000e+02,1.325000000000000000e+02,3.452900000000000000e+06
2.009031600000000000e+07,1.342500000000000000e+02,1.530000000000000000e+02,1.327500000000000000e+02,1.510000000000000000e+02,8.655100000000000000e+06
2.009032300000000000e+07,1.512500000000000000e+02,1.620000000000000000e+02,1.422500000000000000e+02,1.472500000000000000e+02,4.474100000000000000e+06
2.009033000000000000e+07,1.445000000000000000e+02,1.700000000000000000e+02,1.445000000000000000e+02,1.650000000000000000e+02,5.549400000000000000e+06
2.009040600000000000e+07,1.665000000000000000e+02,1.727500000000000000e+02,1.620000000000000000e+02,1.720000000000000000e+02,6.296800000000000000e+06
2.009041300000000000e+07,1.720000000000000000e+02,2.090000000000000000e+02,1.720000000000000000e+02,2.075000000000000000e+02,7.231800000000000000e+06
2.009042000000000000e+07,2.052500000000000000e+02,2.222500000000000000e+02,1.950000000000000000e+02,2.197500000000000000e+02,3.791200000000000000e+06
2.009042700000000000e+07,2.202500000000000000e+02,2.325000000000000000e+02,2.062500000000000000e+02,2.300000000000000000e+02,2.988800000000000000e+06
2.009050400000000000e+07,2.300000000000000000e+02,2.400000000000000000e+02,2.130000000000000000e+02,2.230000000000000000e+02,4.861600000000000000e+06
2.009051100000000000e+07,2.260000000000000000e+02,2.280000000000000000e+02,2.085000000000000000e+02,2.240000000000000000e+02,4.987300000000000000e+06
2.009051800000000000e+07,2.255000000000000000e+02,2.302500000000000000e+02,2.175000000000000000e+02,2.180000000000000000e+02,3.909800000000000000e+06
2.009052500000000000e+07,2.180000000000000000e+02,2.230000000000000000e+02,2.072500000000000000e+02,2.090000000000000000e+02,2.151200000000000000e+06
2.009060100000000000e+07,2.090000000000000000e+02,2.170000000000000000e+02,2.050000000000000000e+02,2.110000000000000000e+02,4.322600000000000000e+06
2.009060800000000000e+07,2.080000000000000000e+02,2.135000000000000000e+02,2.050000000000000000e+02,2.067500000000000000e+02,2.451400000000000000e+06
2.009061500000000000e+07,2.055000000000000000e+02,2.107500000000000000e+02,1.930000000000000000e+02,1.972500000000000000e+02,3.375100000000000000e+06
2.009062200000000000e+07,1.965000000000000000e+02,1.977500000000000000e+02,1.875000000000000000e+02,1.897500000000000000e+02,3.193000000000000000e+06
2.009062900000000000e+07,1.905000000000000000e+02,1.950000000000000000e+02,1.870000000000000000e+02,1.910000000000000000e+02,2.492400000000000000e+06
2.009070600000000000e+07,1.900000000000000000e+02,1.935000000000000000e+02,1.832500000000000000e+02,1.862500000000000000e+02,2.473600000000000000e+06
2.009071300000000000e+07,1.885000000000000000e+02,2.100000000000000000e+02,1.835000000000000000e+02,1.995000000000000000e+02,2.478400000000000000e+06
2.009072000000000000e+07,1.995000000000000000e+02,2.052500000000000000e+02,1.962500000000000000e+02,2.022500000000000000e+02,3.281700000000000000e+06
2.009072700000000000e+07,2.040000000000000000e+02,2.105000000000000000e+02,1.950000000000000000e+02,2.105000000000000000e+02,1.519600000000000000e+06
2.009080300000000000e+07,2.098000000000000114e+02,2.526000061035156250e+02,2.081999969482421875e+02,2.440999999999999943e+02,2.447700000000000000e+06
2.009081000000000000e+07,2.436999999999999886e+02,2.550000000000000000e+02,2.353000030517578125e+02,2.478000000000000114e+02,1.042900000000000000e+06
2.009081700000000000e+07,2.473000000000000114e+02,2.501999969482421875e+02,2.231999969482421875e+02,2.470999999999999943e+02,1.355300000000000000e+06
2.009082400000000000e+07,2.450000000000000000e+02,2.531999969482421875e+02,2.278000030517578125e+02,2.390000000000000000e+02,1.364900000000000000e+06
2.009083100000000000e+07,2.390000000000000000e+02,2.390000000000000000e+02,2.116000061035156250e+02,2.340999999999999943e+02,1.954900000000000000e+06
2.009090700000000000e+07,2.375999999999999943e+02,2.418999938964843750e+02,2.328999938964843750e+02,2.368000000000000114e+02,1.691000000000000000e+06
2.009091400000000000e+07,2.325000000000000000e+02,2.478999938964843750e+02,2.190000000000000000e+02,2.405999999999999943e+02,1.399910000000000000e+07
2.009092100000000000e+07,2.445999999999999943e+02,2.470000000000000000e+02,2.375000000000000000e+02,2.449000000000000057e+02,2.691800000000000000e+06
2.009092800000000000e+07,2.460999999999999943e+02,2.550000000000000000e+02,2.387440032958984375e+02,2.500000000000000000e+02,3.271600000000000000e+06
2.009100500000000000e+07,2.494000000000000057e+02,2.790000000000000000e+02,2.493999938964843750e+02,2.743999999999999773e+02,2.720400000000000000e+06
2.009101200000000000e+07,2.763999999999999773e+02,3.042000122070312500e+02,2.680000000000000000e+02,3.000000000000000000e+02,4.958400000000000000e+06
2.009101900000000000e+07,3.036999999999999886e+02,3.087000122070312500e+02,2.893999938964843750e+02,2.931999999999999886e+02,2.222000000000000000e+06
2.009102600000000000e+07,2.971999999999999886e+02,2.996000061035156250e+02,2.660000000000000000e+02,2.731999999999999886e+02,2.027800000000000000e+06
2.009110200000000000e+07,2.705000000000000000e+02,2.807000122070312500e+02,2.677000122070312500e+02,2.758999999999999773e+02,2.839800000000000000e+06
2.009110900000000000e+07,2.793999999999999773e+02,3.090000000000000000e+02,2.758999938964843750e+02,2.996999999999999886e+02,3.577100000000000000e+06
2.009111600000000000e+07,2.968999999999999773e+02,3.112000122070312500e+02,2.951000061035156250e+02,2.966000000000000227e+02,2.961500000000000000e+06
2.009112300000000000e+07,2.973000000000000114e+02,3.017999877929687500e+02,2.636000061035156250e+02,2.700000000000000000e+02,2.542100000000000000e+06
2.009113000000000000e+07,2.651999999999999886e+02,2.812999877929687500e+02,2.620000000000000000e+02,2.723000000000000114e+02,2.097500000000000000e+06
2.009120700000000000e+07,2.748999999999999773e+02,2.750000000000000000e+02,2.513999938964843750e+02,2.553000000000000114e+02,1.506300000000000000e+06
2.009121400000000000e+07,2.555999999999999943e+02,2.751000061035156250e+02,2.556000061035156250e+02,2.638000000000000114e+02,2.997100000000000000e+06
2.009122100000000000e+07,2.628000000000000114e+02,2.718999938964843750e+02,2.620000000000000000e+02,2.680000000000000000e+02,4.381000000000000000e+05
2.009122800000000000e+07,2.680000000000000000e+02,2.770000000000000000e+02,2.646000061035156250e+02,2.720000000000000000e+02,9.844000000000000000e+05
2.010010400000000000e+07,2.748000000000000114e+02,2.800000000000000000e+02,2.660000000000000000e+02,2.683000000000000114e+02,1.899200000000000000e+06
2.010011100000000000e+07,2.700000000000000000e+02,2.706000061035156250e+02,2.398000030517578125e+02,2.415000000000000000e+02,3.024300000000000000e+06
2.010011800000000000e+07,2.420000000000000000e+02,2.438999938964843750e+02,2.291000061035156250e+02,2.303000000000000114e+02,2.287300000000000000e+06
2.010012500000000000e+07,2.331999999999999886e+02,2.415000000000000000e+02,2.196999969482421875e+02,2.238000000000000114e+02,4.920300000000000000e+06
2.010020100000000000e+07,2.261999999999999886e+02,2.677999877929687500e+02,2.150000000000000000e+02,2.225999999999999943e+02,5.107400000000000000e+06
2.010020800000000000e+07,2.243000000000000114e+02,2.331999969482421875e+02,2.168000030517578125e+02,2.300000000000000000e+02,5.376800000000000000e+06
2.010021500000000000e+07,2.290999999999999943e+02,2.368500061035156250e+02,2.266000061035156250e+02,2.350000000000000000e+02,2.955700000000000000e+06
2.010022200000000000e+07,2.350999999999999943e+02,2.391000061035156250e+02,2.281999969482421875e+02,2.350000000000000000e+02,3.986000000000000000e+06
2.010030100000000000e+07,2.378000000000000114e+02,2.646000061035156250e+02,2.350000000000000000e+02,2.646000000000000227e+02,5.037700000000000000e+06
2.010030800000000000e+07,2.550000000000000000e+02,2.550000000000000000e+02,2.438999938964843750e+02,2.455000000000000000e+02,2.000900000000000000e+06
2.010031500000000000e+07,2.514000000000000057e+02,2.646000061035156250e+02,2.443000030517578125e+02,2.596000000000000227e+02,4.773900000000000000e+06
2.010032200000000000e+07,2.616999999999999886e+02,2.707000122070312500e+02,2.536999969482421875e+02,2.688999999999999773e+02,2.802900000000000000e+06
2.010032900000000000e+07,2.611000000000000227e+02,2.687999877929687500e+02,2.611000061035156250e+02,2.678000000000000114e+02,3.037700000000000000e+06
2.010040500000000000e+07,2.678000000000000114e+02,2.850000000000000000e+02,2.677999877929687500e+02,2.791000000000000227e+02,2.801300000000000000e+06
2.010041200000000000e+07,2.786999999999999886e+02,2.958999938964843750e+02,2.768599853515625000e+02,2.773000000000000114e+02,3.793400000000000000e+06
2.010041900000000000e+07,2.708999999999999773e+02,2.812000122070312500e+02,2.677999877929687500e+02,2.783000000000000114e+02,3.237400000000000000e+06
2.010042600000000000e+07,2.831000000000000227e+02,2.832000122070312500e+02,2.632000122070312500e+02,2.646000000000000227e+02,3.129300000000000000e+06
2.010050300000000000e+07,2.646000000000000227e+02,2.682000122070312500e+02,2.423000030517578125e+02,2.480000000000000000e+02,3.391200000000000000e+06
2.010051000000000000e+07,2.548000000000000114e+02,2.723999938964843750e+02,2.548000030517578125e+02,2.596999999999999886e+02,2.669100000000000000e+06
2.010051700000000000e+07,2.576000000000000227e+02,2.648999938964843750e+02,2.383999938964843750e+02,2.450000000000000000e+02,4.642600000000000000e+06
2.010052400000000000e+07,2.470000000000000000e+02,2.575000000000000000e+02,2.316999969482421875e+02,2.514000000000000057e+02,1.058180000000000000e+07
2.010053100000000000e+07,2.514000000000000057e+02,2.548999938964843750e+02,2.423000030517578125e+02,2.433000000000000114e+02,2.569000000000000000e+06
2.010060700000000000e+07,2.386999999999999886e+02,2.513000030517578125e+02,2.386999969482421875e+02,2.485000000000000000e+02,2.439300000000000000e+06
2.010061400000000000e+07,2.480999999999999943e+02,2.541999969482421875e+02,2.435000000000000000e+02,2.530999999999999943e+02,3.020200000000000000e+06
2.010062100000000000e+07,2.581000000000000227e+02,2.637999877929687500e+02,2.500000000000000000e+02,2.510000000000000000e+02,3.901200000000000000e+06
2.010062800000000000e+07,2.510999999999999943e+02,2.543999938964843750e+02,2.353000030517578125e+02,2.368000000000000114e+02,3.508000000000000000e+06
2.010070500000000000e+07,2.393000000000000114e+02,2.571000061035156250e+02,2.358000030517578125e+02,2.521999999999999886e+02,1.808400000000000000e+06
2.010071200000000000e+07,2.558000000000000114e+02,2.810000000000000000e+02,2.550000000000000000e+02,2.681000000000000227e+02,3.717400000000000000e+06
2.010071900000000000e+07,2.693999999999999773e+02,2.853999938964843750e+02,2.626000061035156250e+02,2.805000000000000000e+02,1.625200000000000000e+06
2.010072600000000000e+07,2.836999999999999886e+02,2.920000000000000000e+02,2.815000000000000000e+02,2.823000000000000114e+02,1.869100000000000000e+06
2.010080200000000000e+07,2.850000000000000000e+02,2.885000000000000000e+02,2.806000061035156250e+02,2.818999999999999773e+02,1.529500000000000000e+06
2.010080900000000000e+07,2.855000000000000000e+02,2.865000000000000000e+02,2.792999877929687500e+02,2.841999999999999886e+02,1.878100000000000000e+06
2.010081600000000000e+07,2.855000000000000000e+02,2.920000000000000000e+02,2.786000061035156250e+02,2.828000000000000114e+02,1.862500000000000000e+06
2.010082300000000000e+07,2.841999999999999886e+02,2.910000000000000000e+02,2.803999938964843750e+02,2.896000000000000227e+02,1.791800000000000000e+06
2.010083000000000000e+07,2.896000000000000227e+02,3.045000000000000000e+02,2.851000061035156250e+02,3.025000000000000000e+02,3.121000000000000000e+06
2.010090600000000000e+07,3.030000000000000000e+02,3.173999938964843750e+02,2.975000000000000000e+02,3.150000000000000000e+02,2.517300000000000000e+06
2.010091300000000000e+07,3.141999999999999886e+02,3.352999877929687500e+02,3.050000000000000000e+02,3.188000000000000114e+02,7.056600000000000000e+06
2.010092000000000000e+07,3.208000000000000114e+02,3.367999877929687500e+02,3.152999877929687500e+02,3.301000000000000227e+02,4.682700000000000000e+06
2.010092700000000000e+07,3.328999999999999773e+02,3.386000061035156250e+02,3.296000061035156250e+02,3.373000000000000114e+02,3.039900000000000000e+06
2.010100400000000000e+07,3.368999999999999773e+02,3.575000000000000000e+02,3.368999938964843750e+02,3.493999999999999773e+02,2.717300000000000000e+06
2.010101100000000000e+07,3.500000000000000000e+02,3.828999938964843750e+02,3.494339904785156250e+02,3.761000000000000227e+02,5.529000000000000000e+06
2.010101800000000000e+07,3.950000000000000000e+02,4.005000000000000000e+02,3.762000122070312500e+02,3.790000000000000000e+02,3.687100000000000000e+06
2.010102500000000000e+07,3.813999999999999773e+02,3.850000000000000000e+02,3.746000061035156250e+02,3.826999999999999886e+02,1.896400000000000000e+06
2.010110100000000000e+07,3.850000000000000000e+02,3.917000122070312500e+02,3.700000000000000000e+02,3.810000000000000000e+02,3.159700000000000000e+06
2.010110800000000000e+07,3.806000000000000227e+02,3.863999938964843750e+02,3.611000061035156250e+02,3.645000000000000000e+02,2.078600000000000000e+06
2.010111500000000000e+07,3.621999999999999886e+02,3.666000061035156250e+02,3.476000061035156250e+02,3.596999999999999886e+02,1.978100000000000000e+06
2.010112200000000000e+07,3.633999999999999773e+02,3.633999938964843750e+02,3.482999877929687500e+02,3.586000000000000227e+02,2.020000000000000000e+06
2.010112900000000000e+07,3.598999999999999773e+02,3.747000122070312500e+02,3.378999938964843750e+02,3.718000000000000114e+02,5.891600000000000000e+06
2.010120600000000000e+07,3.735000000000000000e+02,3.815000000000000000e+02,3.546000061035156250e+02,3.620000000000000000e+02,3.651100000000000000e+06
2.010121300000000000e+07,3.611000000000000227e+02,3.633999938964843750e+02,3.392000122070312500e+02,3.426999999999999886e+02,4.956500000000000000e+06
2.010122000000000000e+07,3.443000000000000114e+02,3.490000000000000000e+02,3.336000061035156250e+02,3.420000000000000000e+02,1.614100000000000000e+06
2.010122700000000000e+07,3.420000000000000000e+02,3.461000061035156250e+02,3.351000061035156250e+02,3.450000000000000000e+02,1.248800000000000000e+06
2.011011000000000000e+07,3.460000000000000000e+02,3.662000122070312500e+02,3.397000122070312500e+02,3.616999999999999886e+02,6.085700000000000000e+06
2.011011700000000000e+07,3.605000000000000000e+02,3.622999877929687500e+02,3.381000061035156250e+02,3.530000000000000000e+02,4.872900000000000000e+06
2.011012400000000000e+07,3.540000000000000000e+02,3.608999938964843750e+02,3.477000122070312500e+02,3.548000000000000114e+02,4.987400000000000000e+06
2.011013100000000000e+07,3.533999999999999773e+02,3.647999877929687500e+02,3.427999877929687500e+02,3.628000000000000114e+02,4.241700000000000000e+06
2.011020700000000000e+07,3.638999999999999773e+02,3.755000000000000000e+02,3.552999877929687500e+02,3.600000000000000000e+02,4.717100000000000000e+06
2.011021400000000000e+07,3.631999999999999886e+02,3.650000000000000000e+02,3.473039855957031250e+02,3.623999999999999773e+02,3.378500000000000000e+06
2.011022100000000000e+07,3.636999999999999886e+02,3.683999938964843750e+02,3.308120117187500000e+02,3.373999999999999773e+02,3.998800000000000000e+06
2.011022800000000000e+07,3.370000000000000000e+02,3.458999938964843750e+02,3.292000122070312500e+02,3.403999999999999773e+02,4.930600000000000000e+06
2.011030700000000000e+07,3.385000000000000000e+02,3.423999938964843750e+02,3.122000122070312500e+02,3.130000000000000000e+02,6.970500000000000000e+06
2.011031400000000000e+07,3.180000000000000000e+02,3.180000000000000000e+02,2.995000000000000000e+02,3.075000000000000000e+02,6.211000000000000000e+06
2.011032100000000000e+07,3.100000000000000000e+02,3.298999938964843750e+02,3.080000000000000000e+02,3.283000000000000114e+02,6.404600000000000000e+06
2.011032800000000000e+07,3.298000000000000114e+02,3.338999938964843750e+02,3.247000122070312500e+02,3.321999999999999886e+02,3.289700000000000000e+06
2.011040400000000000e+07,3.306999999999999886e+02,3.576000061035156250e+02,3.307000122070312500e+02,3.538999999999999773e+02,4.982200000000000000e+06
2.011041100000000000e+07,3.538999999999999773e+02,3.650090026855468750e+02,3.496000061035156250e+02,3.650000000000000000e+02,7.621300000000000000e+06
2.011041800000000000e+07,3.648000000000000114e+02,3.687999877929687500e+02,3.507999877929687500e+02,3.688000000000000114e+02,4.106800000000000000e+06
2.011050900000000000e+07,3.616999999999999886e+02,3.752000122070312500e+02,3.580000000000000000e+02,3.603000000000000114e+02,3.345300000000000000e+06
2.011051600000000000e+07,3.581999999999999886e+02,3.631000061035156250e+02,3.485000000000000000e+02,3.600000000000000000e+02,2.675800000000000000e+06
2.011052300000000000e+07,3.633999999999999773e+02,3.826000061035156250e+02,3.531000061035156250e+02,3.798000000000000114e+02,4.884000000000000000e+06
2.011060600000000000e+07,3.793999999999999773e+02,3.855000000000000000e+02,3.712999877929687500e+02,3.843999999999999773e+02,4.665200000000000000e+06
2.011061300000000000e+07,3.841999999999999886e+02,3.977999877929687500e+02,3.742000122070312500e+02,3.880000000000000000e+02,8.764500000000000000e+06
2.011062000000000000e+07,3.848999999999999773e+02,3.868999938964843750e+02,3.760000000000000000e+02,3.770000000000000000e+02,5.604200000000000000e+06
2.011062700000000000e+07,3.766000000000000227e+02,4.050000000000000000e+02,3.727999877929687500e+02,4.045000000000000000e+02,5.949700000000000000e+06
2.011070400000000000e+07,4.051000000000000227e+02,4.188999938964843750e+02,3.977000122070312500e+02,4.145000000000000000e+02,7.102800000000000000e+06
2.011071100000000000e+07,4.131000000000000227e+02,4.142999877929687500e+02,3.847000122070312500e+02,4.085000000000000000e+02,5.309500000000000000e+06
2.011071800000000000e+07,4.043999999999999773e+02,4.155000000000000000e+02,4.001000061035156250e+02,4.120000000000000000e+02,4.939900000000000000e+06
2.011072500000000000e+07,4.093000000000000114e+02,4.142999877929687500e+02,3.977000122070312500e+02,4.033000000000000114e+02,2.536000000000000000e+06
2.011080100000000000e+07,4.086999999999999886e+02,4.118999938964843750e+02,3.478999938964843750e+02,3.563999999999999773e+02,4.531300000000000000e+06
2.011080800000000000e+07,3.556000000000000227e+02,3.928999938964843750e+02,3.227000122070312500e+02,3.786000000000000227e+02,6.814600000000000000e+06
2.011081500000000000e+07,3.890000000000000000e+02,3.890000000000000000e+02,3.333999938964843750e+02,3.471000000000000227e+02,6.101300000000000000e+06
2.011082200000000000e+07,3.418000000000000114e+02,3.677000122070312500e+02,3.417999877929687500e+02,3.635000000000000000e+02,3.275000000000000000e+06
2.011090500000000000e+07,4.053000000000000114e+02,4.298999938964843750e+02,3.865000000000000000e+02,4.103000000000000114e+02,8.391200000000000000e+06
2.011091200000000000e+07,4.037810000000000059e+02,4.122000122070312500e+02,3.712999877929687500e+02,4.021999999999999886e+02,2.487270000000000000e+07
2.011091900000000000e+07,3.951000000000000227e+02,4.100000000000000000e+02,3.377999877929687500e+02,3.510000000000000000e+02,1.742760000000000000e+07
2.011092600000000000e+07,3.418000000000000114e+02,3.633999938964843750e+02,3.222000122070312500e+02,3.245000000000000000e+02,1.655870000000000000e+07
2.011100300000000000e+07,3.171999999999999886e+02,3.287999877929687500e+02,3.026000061035156250e+02,3.250000000000000000e+02,1.574160000000000000e+07
2.011101000000000000e+07,3.248999999999999773e+02,3.323999938964843750e+02,3.070000000000000000e+02,3.278000000000000114e+02,1.281880000000000000e+07
2.011101700000000000e+07,3.286000000000000227e+02,3.340000000000000000e+02,3.117000122070312500e+02,3.260000000000000000e+02,7.952300000000000000e+06
2.011102400000000000e+07,3.266000000000000227e+02,3.597999877929687500e+02,3.221000061035156250e+02,3.580000000000000000e+02,1.253260000000000000e+07
2.011103100000000000e+07,3.606999999999999886e+02,3.607000122070312500e+02,3.210000000000000000e+02,3.356000000000000227e+02,8.835300000000000000e+06
2.011110700000000000e+07,3.340000000000000000e+02,3.492999877929687500e+02,3.242000122070312500e+02,3.461999999999999886e+02,8.513600000000000000e+06
2.011111400000000000e+07,3.513999999999999773e+02,3.513999938964843750e+02,3.225000000000000000e+02,3.286999999999999886e+02,4.208300000000000000e+06
2.011112100000000000e+07,3.270000000000000000e+02,3.280000000000000000e+02,3.077999877929687500e+02,3.106999999999999886e+02,7.223500000000000000e+06
2.011112800000000000e+07,3.151999999999999886e+02,3.521000061035156250e+02,3.117999877929687500e+02,3.468999999999999773e+02,7.740700000000000000e+06
2.011120500000000000e+07,3.490000000000000000e+02,3.536000061035156250e+02,3.348999938964843750e+02,3.400000000000000000e+02,4.593400000000000000e+06
2.011121200000000000e+07,3.400000000000000000e+02,3.413999938964843750e+02,3.091000061035156250e+02,3.191000000000000227e+02,8.250700000000000000e+06
2.011121900000000000e+07,3.171000000000000227e+02,3.310000000000000000e+02,9.934999847412109375e+01,3.248999999999999773e+02,3.447600000000000000e+06
2.011122600000000000e+07,3.248999999999999773e+02,3.352999877929687500e+02,3.227000122070312500e+02,3.340000000000000000e+02,1.056400000000000000e+06
2.012010200000000000e+07,3.340000000000000000e+02,3.438999938964843750e+02,3.172000122070312500e+02,3.213000000000000114e+02,2.995000000000000000e+06
2.012010900000000000e+07,3.211000000000000227e+02,3.577000122070312500e+02,3.135000000000000000e+02,3.470000000000000000e+02,5.223100000000000000e+06
2.012011600000000000e+07,3.463000000000000114e+02,3.617000122070312500e+02,3.432000122070312500e+02,3.591000000000000227e+02,5.334600000000000000e+06
2.012012300000000000e+07,3.600000000000000000e+02,3.821000061035156250e+02,3.475000000000000000e+02,3.675000000000000000e+02,6.373900000000000000e+06
2.012013000000000000e+07,3.661000000000000227e+02,3.908999938964843750e+02,3.627000122070312500e+02,3.900000000000000000e+02,6.411400000000000000e+06
2.012020600000000000e+07,3.881000000000000227e+02,3.927000122070312500e+02,3.777000122070312500e+02,3.888999999999999773e+02,6.075700000000000000e+06
2.012021300000000000e+07,3.921000000000000227e+02,4.060000000000000000e+02,3.849949951171875000e+02,3.906000000000000227e+02,5.353700000000000000e+06
2.012022000000000000e+07,3.960000000000000000e+02,4.018999938964843750e+02,3.833999938964843750e+02,3.955000000000000000e+02,5.558300000000000000e+06
2.012022700000000000e+07,3.970000000000000000e+02,3.997000122070312500e+02,3.835400085449218750e+02,3.923000000000000114e+02,4.116700000000000000e+06
2.012030500000000000e+07,3.881999999999999886e+02,3.905000000000000000e+02,3.726000061035156250e+02,3.856000000000000227e+02,3.622500000000000000e+06
2.012031200000000000e+07,3.858000000000000114e+02,3.880000000000000000e+02,3.706000061035156250e+02,3.765000000000000000e+02,6.843000000000000000e+06
2.012031900000000000e+07,3.770000000000000000e+02,3.787999877929687500e+02,3.630000000000000000e+02,3.771000000000000227e+02,5.914800000000000000e+06
2.012032600000000000e+07,3.786000000000000227e+02,3.830000000000000000e+02,3.652000122070312500e+02,3.675000000000000000e+02,4.371700000000000000e+06
2.012040200000000000e+07,3.673999999999999773e+02,3.856000061035156250e+02,3.626000061035156250e+02,3.856000000000000227e+02,5.431100000000000000e+06
2.012040900000000000e+07,3.856000000000000227e+02,3.925000000000000000e+02,3.727999877929687500e+02,3.868999999999999773e+02,5.990800000000000000e+06
2.012041600000000000e+07,3.848999999999999773e+02,3.927000122070312500e+02,3.821000061035156250e+02,3.856999999999999886e+02,6.069900000000000000e+06
2.012042300000000000e+07,3.841000000000000227e+02,3.867999877929687500e+02,3.717999877929687500e+02,3.856999999999999886e+02,4.384300000000000000e+06
2.012043000000000000e+07,3.876999999999999886e+02,3.877000122070312500e+02,3.667999877929687500e+02,3.688999999999999773e+02,3.390600000000000000e+06
2.012050700000000000e+07,3.688999999999999773e+02,3.707999877929687500e+02,3.488999938964843750e+02,3.561000000000000227e+02,5.139600000000000000e+06
2.012051400000000000e+07,3.521000000000000227e+02,3.531000061035156250e+02,3.243999938964843750e+02,3.243999999999999773e+02,5.536800000000000000e+06
2.012052100000000000e+07,3.223999999999999773e+02,3.342000122070312500e+02,3.201000061035156250e+02,3.256999999999999886e+02,5.329500000000000000e+06
2.012052800000000000e+07,3.293999999999999773e+02,3.406000061035156250e+02,3.267999877929687500e+02,3.271999999999999886e+02,5.929700000000000000e+06
2.012060400000000000e+07,3.271999999999999886e+02,3.500000000000000000e+02,3.272000122070312500e+02,3.433999999999999773e+02,2.947200000000000000e+06
2.012061100000000000e+07,3.493999999999999773e+02,3.505000000000000000e+02,3.308009948730468750e+02,3.310000000000000000e+02,7.656000000000000000e+06
2.012061800000000000e+07,3.370000000000000000e+02,3.510000000000000000e+02,3.270000000000000000e+02,3.398000000000000114e+02,4.973900000000000000e+06
2.012062500000000000e+07,3.388999999999999773e+02,3.502999877929687500e+02,3.302000122070312500e+02,3.485000000000000000e+02,3.358600000000000000e+06
2.012070200000000000e+07,3.503000000000000114e+02,3.560000000000000000e+02,3.435000000000000000e+02,3.440000000000000000e+02,3.661800000000000000e+06
2.012070900000000000e+07,3.433000000000000114e+02,3.453999938964843750e+02,3.002999877929687500e+02,3.186000000000000227e+02,1.057700000000000000e+07
2.012071600000000000e+07,3.216000000000000227e+02,3.377000122070312500e+02,3.165000000000000000e+02,3.256000000000000227e+02,6.504700000000000000e+06
2.012072300000000000e+07,3.228000000000000114e+02,3.271000061035156250e+02,3.120000000000000000e+02,3.241000000000000227e+02,3.108100000000000000e+06
2.012073000000000000e+07,3.258000000000000114e+02,3.473999938964843750e+02,3.237000122070312500e+02,3.461000000000000227e+02,3.653900000000000000e+06
2.012080600000000000e+07,3.453000000000000114e+02,3.570000000000000000e+02,3.447000122070312500e+02,3.555000000000000000e+02,3.576100000000000000e+06
2.012081300000000000e+07,3.556000000000000227e+02,3.598999938964843750e+02,3.540000000000000000e+02,3.571000000000000227e+02,3.013300000000000000e+06
2.012082000000000000e+07,3.570000000000000000e+02,3.592999877929687500e+02,3.261000061035156250e+02,3.315000000000000000e+02,5.038600000000000000e+06
2.012082700000000000e+07,3.315000000000000000e+02,3.367999877929687500e+02,3.240000000000000000e+02,3.290000000000000000e+02,5.159200000000000000e+06
2.012090300000000000e+07,3.276999999999999886e+02,3.378999938964843750e+02,3.203999938964843750e+02,3.370000000000000000e+02,5.251400000000000000e+06
2.012091000000000000e+07,3.385000000000000000e+02,3.448999938964843750e+02,3.212999877929687500e+02,3.278000000000000114e+02,1.348050000000000000e+07
2.012091700000000000e+07,3.261999999999999886e+02,3.496000061035156250e+02,3.262000122070312500e+02,3.451000000000000227e+02,2.259080000000000000e+07
2.012092400000000000e+07,3.433999999999999773e+02,3.492000122070312500e+02,3.370000000000000000e+02,3.405000000000000000e+02,4.962600000000000000e+06
2.012100100000000000e+07,3.403000000000000114e+02,3.577999877929687500e+02,3.400000000000000000e+02,3.566999999999999886e+02,4.539600000000000000e+06
2.012100800000000000e+07,3.541999999999999886e+02,3.627000122070312500e+02,3.517000122070312500e+02,3.605000000000000000e+02,4.326300000000000000e+06
2.012101500000000000e+07,3.601999999999999886e+02,3.777799987792968750e+02,3.592000122070312500e+02,3.741000000000000227e+02,6.064900000000000000e+06
2.012102200000000000e+07,3.748999999999999773e+02,3.802000122070312500e+02,3.543540039062500000e+02,3.653999999999999773e+02,1.018670000000000000e+07
2.012102900000000000e+07,3.655000000000000000e+02,3.777000122070312500e+02,3.542500000000000000e+02,3.741999999999999886e+02,1.370280000000000000e+07
2.012110500000000000e+07,3.723000000000000114e+02,3.732000122070312500e+02,3.546000061035156250e+02,3.581999999999999886e+02,8.991400000000000000e+06
2.012111200000000000e+07,3.591999999999999886e+02,3.596000061035156250e+02,3.467999877929687500e+02,3.483999999999999773e+02,6.214400000000000000e+06
2.012111900000000000e+07,3.503999999999999773e+02,3.625000000000000000e+02,3.500000000000000000e+02,3.625000000000000000e+02,2.267100000000000000e+06
2.012112600000000000e+07,3.621999999999999886e+02,3.662000122070312500e+02,3.550000000000000000e+02,3.601999999999999886e+02,2.424400000000000000e+06
2.012120300000000000e+07,3.608000000000000114e+02,3.612999877929687500e+02,3.547999877929687500e+02,3.600000000000000000e+02,2.257900000000000000e+06
2.012121000000000000e+07,3.585000000000000000e+02,3.592000122070312500e+02,3.489299926757812500e+02,3.563000000000000114e+02,4.457600000000000000e+06
2.012121700000000000e+07,3.551999999999999886e+02,3.628999938964843750e+02,3.537000122070312500e+02,3.601000000000000227e+02,3.319300000000000000e+06
2.012122400000000000e+07,3.593000000000000114e+02,3.618999938964843750e+02,3.551000061035156250e+02,3.588000000000000114e+02,5.795000000000000000e+05
2.012123100000000000e+07,3.586999999999999886e+02,3.767999877929687500e+02,3.548999938964843750e+02,3.756999999999999886e+02,1.745100000000000000e+06
2.013010700000000000e+07,3.763000000000000114e+02,3.785000000000000000e+02,3.691000061035156250e+02,3.756000000000000227e+02,2.816100000000000000e+06
2.013011400000000000e+07,3.773000000000000114e+02,3.830000000000000000e+02,3.518999938964843750e+02,3.526999999999999886e+02,6.210700000000000000e+06
2.013012100000000000e+07,3.536999999999999886e+02,3.660000000000000000e+02,3.465000000000000000e+02,3.643999999999999773e+02,5.034900000000000000e+06
2.013012800000000000e+07,3.653000000000000114e+02,3.693999938964843750e+02,3.568999938964843750e+02,3.576999999999999886e+02,3.320700000000000000e+06
2.013020400000000000e+07,3.578000000000000114e+02,3.682000122070312500e+02,3.465000000000000000e+02,3.656000000000000227e+02,6.049500000000000000e+06
2.013021100000000000e+07,3.658000000000000114e+02,3.758999938964843750e+02,3.557000122070312500e+02,3.751999999999999886e+02,5.595300000000000000e+06
2.013021800000000000e+07,3.700000000000000000e+02,3.735000000000000000e+02,3.572000122070312500e+02,3.618000000000000114e+02,4.010100000000000000e+06
2.013022500000000000e+07,3.636999999999999886e+02,3.637000122070312500e+02,3.527999877929687500e+02,3.610000000000000000e+02,6.261800000000000000e+06
2.013030400000000000e+07,3.596999999999999886e+02,3.776000061035156250e+02,3.583999938964843750e+02,3.741000000000000227e+02,6.692000000000000000e+06
2.013031100000000000e+07,3.730000000000000000e+02,3.757999877929687500e+02,3.587000122070312500e+02,3.590000000000000000e+02,8.701200000000000000e+06
2.013031800000000000e+07,3.566999999999999886e+02,3.620000000000000000e+02,3.451000061035156250e+02,3.486999999999999886e+02,7.567800000000000000e+06
2.013032500000000000e+07,3.436000000000000227e+02,3.558999938964843750e+02,3.426000061035156250e+02,3.500000000000000000e+02,4.637400000000000000e+06
2.013040100000000000e+07,3.500000000000000000e+02,3.577999877929687500e+02,3.470000000000000000e+02,3.476999999999999886e+02,3.005700000000000000e+06
2.013040800000000000e+07,3.470000000000000000e+02,4.145000000000000000e+02,3.470000000000000000e+02,4.110000000000000000e+02,1.109200000000000000e+07
2.013041500000000000e+07,4.120000000000000000e+02,4.131000061035156250e+02,3.942999877929687500e+02,3.996000000000000227e+02,6.156900000000000000e+06
2.013042200000000000e+07,4.030000000000000000e+02,4.145000000000000000e+02,3.945910034179687500e+02,3.966999999999999886e+02,4.801000000000000000e+06
2.013042900000000000e+07,3.976999999999999886e+02,4.033999938964843750e+02,3.855000000000000000e+02,4.020000000000000000e+02,3.241900000000000000e+06
2.013050600000000000e+07,4.020000000000000000e+02,4.278999938964843750e+02,3.983999938964843750e+02,4.176000000000000227e+02,3.391500000000000000e+06
2.013051300000000000e+07,4.181000000000000227e+02,4.348999938964843750e+02,4.137000122070312500e+02,4.330000000000000000e+02,3.769400000000000000e+06
2.013052000000000000e+07,4.323999999999999773e+02,4.360000000000000000e+02,4.132000122070312500e+02,4.158999999999999773e+02,4.806500000000000000e+06
2.013052700000000000e+07,4.158999999999999773e+02,4.307999877929687500e+02,3.980849914550781250e+02,3.981999999999999886e+02,5.168800000000000000e+06
2.013060300000000000e+07,3.970000000000000000e+02,3.992000122070312500e+02,3.598999938964843750e+02,3.650000000000000000e+02,5.964300000000000000e+06
2.013061000000000000e+07,3.668000000000000114e+02,3.747000122070312500e+02,3.497000122070312500e+02,3.520000000000000000e+02,5.496500000000000000e+06
2.013061700000000000e+07,3.521000000000000227e+02,3.660000000000000000e+02,3.237000122070312500e+02,3.260000000000000000e+02,7.853700000000000000e+06
2.013062400000000000e+07,3.253000000000000114e+02,3.452999877929687500e+02,3.192999877929687500e+02,3.436999999999999886e+02,7.514600000000000000e+06
2.013070100000000000e+07,3.461999999999999886e+02,3.473999938964843750e+02,3.201000061035156250e+02,3.238999999999999773e+02,6.931000000000000000e+06
2.013070800000000000e+07,3.246000000000000227e+02,3.810299987792968750e+02,3.203999938964843750e+02,3.710000000000000000e+02,1.037730000000000000e+07
2.013071500000000000e+07,3.728999999999999773e+02,3.742000122070312500e+02,3.602999877929687500e+02,3.681999999999999886e+02,4.253600000000000000e+06
2.013072200000000000e+07,3.696999999999999886e+02,3.727999877929687500e+02,3.632000122070312500e+02,3.663000000000000114e+02,2.342100000000000000e+06
2.013072900000000000e+07,3.666000000000000227e+02,3.796000061035156250e+02,3.589800109863281250e+02,3.785000000000000000e+02,2.592500000000000000e+06
2.013080500000000000e+07,3.786000000000000227e+02,3.800000000000000000e+02,3.632999877929687500e+02,3.758999999999999773e+02,2.881500000000000000e+06
2.013081200000000000e+07,3.758999999999999773e+02,3.775499877929687500e+02,3.356000061035156250e+02,3.513999999999999773e+02,3.644500000000000000e+06
2.013081900000000000e+07,3.508999999999999773e+02,3.570000000000000000e+02,3.257000122070312500e+02,3.421000000000000227e+02,4.678100000000000000e+06
2.013082600000000000e+07,3.421000000000000227e+02,3.425000000000000000e+02,3.321000061035156250e+02,3.336999999999999886e+02,4.613000000000000000e+06
2.013090200000000000e+07,3.348999999999999773e+02,3.583999938964843750e+02,3.347000122070312500e+02,3.565000000000000000e+02,5.286700000000000000e+06
2.013090900000000000e+07,3.570000000000000000e+02,3.935000000000000000e+02,3.570000000000000000e+02,3.798999999999999773e+02,5.274300000000000000e+06
2.013091600000000000e+07,3.878000000000000114e+02,4.235000000000000000e+02,3.802000122070312500e+02,3.988000000000000114e+02,6.978200000000000000e+06
2.013092300000000000e+07,3.990000000000000000e+02,3.997999877929687500e+02,3.847000122070312500e+02,3.868999999999999773e+02,4.267700000000000000e+06
2.013093000000000000e+07,3.818000000000000114e+02,3.935000000000000000e+02,3.817999877929687500e+02,3.850000000000000000e+02,3.777700000000000000e+06
2.013100700000000000e+07,3.845000000000000000e+02,4.045000000000000000e+02,3.837999877929687500e+02,3.966999999999999886e+02,3.819800000000000000e+06
2.013101400000000000e+07,3.980000000000000000e+02,4.042999877929687500e+02,3.915000000000000000e+02,3.978000000000000114e+02,3.699800000000000000e+06
2.013102100000000000e+07,3.998000000000000114e+02,4.245000000000000000e+02,3.976000061035156250e+02,4.155000000000000000e+02,5.291500000000000000e+06
2.013102800000000000e+07,4.166999999999999886e+02,4.177000122070312500e+02,3.967000122070312500e+02,4.016999999999999886e+02,3.570300000000000000e+06
2.013110400000000000e+07,4.026000000000000227e+02,4.111000061035156250e+02,3.770000000000000000e+02,3.813000000000000114e+02,4.700200000000000000e+06
2.013111100000000000e+07,3.850000000000000000e+02,3.887999877929687500e+02,3.782999877929687500e+02,3.871000000000000227e+02,3.478900000000000000e+06
2.013111800000000000e+07,3.851000000000000227e+02,3.903999938964843750e+02,3.727999877929687500e+02,3.788999999999999773e+02,3.511400000000000000e+06
2.013112500000000000e+07,3.813999999999999773e+02,3.977000122070312500e+02,3.810000000000000000e+02,3.940000000000000000e+02,4.587600000000000000e+06
2.013120200000000000e+07,3.946999999999999886e+02,3.962000122070312500e+02,3.633999938964843750e+02,3.770000000000000000e+02,6.748800000000000000e+06
2.013120900000000000e+07,3.778999999999999773e+02,3.917000122070312500e+02,3.767000122070312500e+02,3.800000000000000000e+02,3.496800000000000000e+06
2.013121600000000000e+07,3.770000000000000000e+02,4.018999938964843750e+02,3.770000000000000000e+02,3.955000000000000000e+02,6.610100000000000000e+06
2.013122300000000000e+07,3.960000000000000000e+02,4.043999938964843750e+02,3.901000061035156250e+02,4.020000000000000000e+02,1.692400000000000000e+06
2.013123000000000000e+07,4.036000000000000227e+02,4.053999938964843750e+02,3.951000061035156250e+02,3.996000000000000227e+02,2.411300000000000000e+06
2.014010600000000000e+07,3.998000000000000114e+02,4.175000000000000000e+02,3.946000061035156250e+02,4.078999999999999773e+02,4.778300000000000000e+06
2.014011300000000000e+07,4.140000000000000000e+02,4.140000000000000000e+02,3.507999877929687500e+02,3.566000000000000227e+02,1.334180000000000000e+07
2.014012000000000000e+07,3.540000000000000000e+02,3.581000061035156250e+02,3.257999877929687500e+02,3.258000000000000114e+02,5.698000000000000000e+06
2.014012700000000000e+07,3.250000000000000000e+02,3.557000122070312500e+02,3.175000000000000000e+02,3.253999999999999773e+02,1.297250000000000000e+07
2.014020300000000000e+07,3.263000000000000114e+02,3.391000061035156250e+02,3.140000000000000000e+02,3.323000000000000114e+02,1.033730000000000000e+07
2.014021000000000000e+07,3.325000000000000000e+02,3.457000122070312500e+02,3.303999938964843750e+02,3.438999999999999773e+02,6.077500000000000000e+06
2.014021700000000000e+07,3.451000000000000227e+02,3.501000061035156250e+02,3.360000000000000000e+02,3.405000000000000000e+02,5.885200000000000000e+06
2.014022400000000000e+07,3.408999999999999773e+02,3.425440063476562500e+02,3.077999877929687500e+02,3.166000000000000227e+02,1.827690000000000000e+07
2.014030300000000000e+07,3.108000000000000114e+02,3.163999938964843750e+02,3.016000061035156250e+02,3.111999999999999886e+02,7.925500000000000000e+06
2.014031000000000000e+07,3.108000000000000114e+02,3.135000000000000000e+02,2.948999938964843750e+02,2.980000000000000000e+02,7.990800000000000000e+06
2.014031700000000000e+07,2.991000000000000227e+02,3.171099853515625000e+02,2.970000000000000000e+02,3.161000000000000227e+02,8.647000000000000000e+06
2.014032400000000000e+07,3.146000000000000227e+02,3.352999877929687500e+02,3.118999938964843750e+02,3.320000000000000000e+02,7.175100000000000000e+06
2.014033100000000000e+07,3.326999999999999886e+02,3.500299987792968750e+02,3.301000061035156250e+02,3.450000000000000000e+02,7.127000000000000000e+06
2.014040700000000000e+07,3.431000000000000227e+02,3.650000000000000000e+02,3.350000000000000000e+02,3.438999999999999773e+02,9.047400000000000000e+06
2.014041400000000000e+07,3.415000000000000000e+02,3.455000000000000000e+02,3.350000000000000000e+02,3.441999999999999886e+02,3.190500000000000000e+06
2.014042100000000000e+07,3.441999999999999886e+02,3.532000122070312500e+02,3.412999877929687500e+02,3.518000000000000114e+02,2.860500000000000000e+06
2.014042800000000000e+07,3.518000000000000114e+02,3.618999938964843750e+02,3.467000122070312500e+02,3.523999999999999773e+02,3.754100000000000000e+06
2.014050500000000000e+07,3.523999999999999773e+02,3.540719909667968750e+02,3.380000000000000000e+02,3.480000000000000000e+02,3.199600000000000000e+06
2.014051200000000000e+07,3.510000000000000000e+02,3.647000122070312500e+02,3.467000122070312500e+02,3.488000000000000114e+02,3.667400000000000000e+06
2.014051900000000000e+07,3.486000000000000227e+02,3.512000122070312500e+02,3.427999877929687500e+02,3.450000000000000000e+02,2.321200000000000000e+06
2.014052600000000000e+07,3.450000000000000000e+02,3.573999938964843750e+02,3.450000000000000000e+02,3.533000000000000114e+02,3.518400000000000000e+06
2.014060200000000000e+07,3.545000000000000000e+02,3.682000122070312500e+02,3.497000122070312500e+02,3.670000000000000000e+02,2.353800000000000000e+06
2.014060900000000000e+07,3.670000000000000000e+02,3.688999938964843750e+02,3.527000122070312500e+02,3.560000000000000000e+02,1.888800000000000000e+06
2.014061600000000000e+07,3.553999999999999773e+02,3.642999877929687500e+02,3.497000122070312500e+02,3.630000000000000000e+02,2.999400000000000000e+06
2.014062300000000000e+07,3.608999999999999773e+02,3.652000122070312500e+02,3.592999877929687500e+02,3.630000000000000000e+02,2.976000000000000000e+06
2.014063000000000000e+07,3.641999999999999886e+02,3.768999938964843750e+02,3.631499938964843750e+02,3.665000000000000000e+02,4.609100000000000000e+06
2.014070700000000000e+07,3.650000000000000000e+02,3.782000122070312500e+02,3.482000122070312500e+02,3.743999999999999773e+02,6.163400000000000000e+06
2.014071400000000000e+07,3.735000000000000000e+02,3.793999938964843750e+02,3.637999877929687500e+02,3.706999999999999886e+02,4.847000000000000000e+06
2.014072100000000000e+07,3.716000000000000227e+02,3.716000061035156250e+02,3.600000000000000000e+02,3.600000000000000000e+02,3.996000000000000000e+06
2.014072800000000000e+07,3.603999999999999773e+02,3.681000061035156250e+02,3.237999877929687500e+02,3.348999999999999773e+02,6.470900000000000000e+06
2.014080400000000000e+07,3.361999999999999886e+02,3.425000000000000000e+02,3.295880126953125000e+02,3.348999999999999773e+02,3.519300000000000000e+06
2.014081100000000000e+07,3.371000000000000227e+02,3.500000000000000000e+02,3.356000061035156250e+02,3.448999999999999773e+02,1.813900000000000000e+06
2.014081800000000000e+07,3.480000000000000000e+02,3.500000000000000000e+02,3.420000000000000000e+02,3.486999999999999886e+02,1.661100000000000000e+06
2.014082500000000000e+07,3.486999999999999886e+02,3.532000122070312500e+02,3.461000061035156250e+02,3.520000000000000000e+02,2.686800000000000000e+06
2.014090100000000000e+07,3.520000000000000000e+02,3.558999938964843750e+02,3.493999938964843750e+02,3.548999999999999773e+02,2.150700000000000000e+06
2.014090800000000000e+07,3.530000000000000000e+02,3.551000061035156250e+02,3.200000000000000000e+02,3.281999999999999886e+02,7.276800000000000000e+06
2.014091500000000000e+07,3.288000000000000114e+02,3.326000061035156250e+02,3.191000061035156250e+02,3.231999999999999886e+02,8.538900000000000000e+06
2.014092200000000000e+07,3.225000000000000000e+02,3.227999877929687500e+02,3.067999877929687500e+02,3.085000000000000000e+02,5.677600000000000000e+06
2.014092900000000000e+07,3.105000000000000000e+02,3.117999877929687500e+02,3.036000061035156250e+02,3.070000000000000000e+02,6.074700000000000000e+06
2.014100600000000000e+07,3.108999999999999773e+02,3.150000000000000000e+02,3.010000000000000000e+02,3.038000000000000114e+02,6.218700000000000000e+06
2.014101300000000000e+07,3.010000000000000000e+02,3.042000122070312500e+02,2.877999877929687500e+02,2.946999999999999886e+02,1.317590000000000000e+07
2.014102000000000000e+07,2.948000000000000114e+02,3.156000061035156250e+02,2.937000122070312500e+02,3.106999999999999886e+02,5.569400000000000000e+06
2.014102700000000000e+07,3.121999999999999886e+02,3.186000061035156250e+02,2.948999938964843750e+02,3.186000000000000227e+02,5.659000000000000000e+06
2.014110300000000000e+07,3.175000000000000000e+02,3.199299926757812500e+02,3.036000061035156250e+02,3.053000000000000114e+02,6.301200000000000000e+06
2.014111000000000000e+07,3.060000000000000000e+02,3.090000000000000000e+02,2.966000061035156250e+02,2.975000000000000000e+02,8.255900000000000000e+06
2.014111700000000000e+07,2.960000000000000000e+02,3.012000122070312500e+02,2.898999938964843750e+02,2.943000000000000114e+02,7.078600000000000000e+06
2.014112400000000000e+07,2.961000000000000227e+02,3.149620056152343750e+02,2.940000000000000000e+02,3.076999999999999886e+02,4.253900000000000000e+06
2.014120100000000000e+07,3.058000000000000114e+02,3.073999938964843750e+02,2.947000122070312500e+02,2.970000000000000000e+02,3.851800000000000000e+06
2.014120800000000000e+07,2.983000000000000114e+02,3.004599914550781250e+02,2.787000122070312500e+02,2.786999999999999886e+02,5.470900000000000000e+06
2.014121500000000000e+07,2.773999999999999773e+02,2.862600097656250000e+02,2.615150146484375000e+02,2.758000000000000114e+02,8.326900000000000000e+06
2.014122200000000000e+07,2.770000000000000000e+02,2.831000061035156250e+02,2.751000061035156250e+02,2.791000000000000227e+02,1.347800000000000000e+06
2.014122900000000000e+07,2.750000000000000000e+02,2.802000122070312500e+02,2.721000061035156250e+02,2.741999999999999886e+02,1.461900000000000000e+06
2.015010500000000000e+07,2.746999999999999886e+02,2.787000122070312500e+02,2.588999938964843750e+02,2.595000000000000000e+02,7.821100000000000000e+06
2.015011200000000000e+07,2.596000000000000227e+02,2.731000061035156250e+02,2.490000000000000000e+02,2.526999999999999886e+02,1.390880000000000000e+07
2.015011900000000000e+07,2.545000000000000000e+02,2.867999877929687500e+02,2.528000030517578125e+02,2.845000000000000000e+02,8.541300000000000000e+06
2.015012600000000000e+07,2.848000000000000114e+02,2.921000061035156250e+02,2.795000000000000000e+02,2.806000000000000227e+02,5.856100000000000000e+06
2.015020200000000000e+07,2.823000000000000114e+02,3.005000000000000000e+02,2.800000000000000000e+02,3.005000000000000000e+02,5.332400000000000000e+06
2.015020900000000000e+07,2.996999999999999886e+02,3.100000000000000000e+02,2.987999877929687500e+02,3.066000000000000227e+02,7.058200000000000000e+06
2.015021600000000000e+07,3.081000000000000227e+02,3.146000061035156250e+02,3.041000061035156250e+02,3.100000000000000000e+02,4.100300000000000000e+06
2.015022300000000000e+07,3.103999999999999773e+02,3.215000000000000000e+02,3.055000000000000000e+02,3.061999999999999886e+02,5.776300000000000000e+06
2.015030200000000000e+07,3.061999999999999886e+02,3.062000122070312500e+02,2.860000000000000000e+02,2.880000000000000000e+02,7.057300000000000000e+06
2.015030900000000000e+07,2.851000000000000227e+02,2.926000061035156250e+02,2.726000061035156250e+02,2.870000000000000000e+02,7.292300000000000000e+06
2.015031600000000000e+07,2.883000000000000114e+02,3.035000000000000000e+02,2.823999938964843750e+02,2.915000000000000000e+02,1.158730000000000000e+07
2.015032300000000000e+07,2.923000000000000114e+02,3.047000122070312500e+02,2.912000122070312500e+02,2.921000000000000227e+02,6.694300000000000000e+06
2.015033000000000000e+07,2.945000000000000000e+02,2.946000061035156250e+02,2.813999938964843750e+02,2.883999999999999773e+02,4.225000000000000000e+06
2.015040600000000000e+07,2.883999999999999773e+02,3.177999877929687500e+02,2.883999938964843750e+02,3.145000000000000000e+02,8.962000000000000000e+06
2.015041300000000000e+07,3.135000000000000000e+02,3.222000122070312500e+02,2.980000000000000000e+02,3.081000000000000227e+02,8.016000000000000000e+06
2.015042000000000000e+07,3.095000000000000000e+02,3.137999877929687500e+02,3.005000000000000000e+02,3.053000000000000114e+02,3.618500000000000000e+06
2.015042700000000000e+07,3.076999999999999886e+02,3.155000000000000000e+02,3.033999938964843750e+02,3.111999999999999886e+02,4.297500000000000000e+06
2.015050400000000000e+07,3.111999999999999886e+02,3.210000000000000000e+02,3.057999877929687500e+02,3.198999999999999773e+02,6.760600000000000000e+06
2.015051100000000000e+07,3.198999999999999773e+02,3.261000061035156250e+02,3.166000061035156250e+02,3.250000000000000000e+02,6.243300000000000000e+06
2.015051800000000000e+07,3.231999999999999886e+02,3.330000000000000000e+02,3.210000000000000000e+02,3.275000000000000000e+02,3.466200000000000000e+06
2.015052500000000000e+07,3.275000000000000000e+02,3.340000000000000000e+02,3.248999938964843750e+02,3.313000000000000114e+02,3.195800000000000000e+06
2.015060100000000000e+07,3.305000000000000000e+02,3.350000000000000000e+02,3.150000000000000000e+02,3.158999999999999773e+02,9.944500000000000000e+06
2.015060800000000000e+07,3.175000000000000000e+02,3.186000061035156250e+02,3.102999877929687500e+02,3.163000000000000114e+02,7.515400000000000000e+06
2.015061500000000000e+07,3.156999999999999886e+02,3.157000122070312500e+02,2.867000122070312500e+02,2.970000000000000000e+02,7.359300000000000000e+06
2.015062200000000000e+07,2.986000000000000227e+02,3.075000000000000000e+02,2.953999938964843750e+02,3.056999999999999886e+02,4.460400000000000000e+06
2.015062900000000000e+07,2.993000000000000114e+02,3.041000061035156250e+02,2.827999877929687500e+02,2.846000000000000227e+02,5.455200000000000000e+06
2.015070600000000000e+07,2.813999999999999773e+02,2.863999938964843750e+02,2.733999938964843750e+02,2.845000000000000000e+02,5.524300000000000000e+06
2.015071300000000000e+07,2.868999999999999773e+02,2.917000122070312500e+02,2.846000061035156250e+02,2.908999999999999773e+02,3.986400000000000000e+06
2.015072000000000000e+07,2.908000000000000114e+02,2.952000122070312500e+02,2.760000000000000000e+02,2.771000000000000227e+02,3.238000000000000000e+06
2.015072700000000000e+07,2.773999999999999773e+02,2.790000000000000000e+02,2.611000061035156250e+02,2.663000000000000114e+02,5.497900000000000000e+06
2.015080300000000000e+07,2.661000000000000227e+02,2.675599975585937500e+02,2.586000061035156250e+02,2.613000000000000114e+02,5.036200000000000000e+06
2.015081000000000000e+07,2.648000000000000114e+02,2.667000122070312500e+02,2.508000030517578125e+02,2.631000000000000227e+02,6.947200000000000000e+06
2.015081700000000000e+07,2.650000000000000000e+02,2.658999938964843750e+02,2.523000030517578125e+02,2.555000000000000000e+02,5.592200000000000000e+06
2.015082400000000000e+07,2.504000000000000057e+02,2.627000122070312500e+02,2.491999969482421875e+02,2.626999999999999886e+02,6.425100000000000000e+06
2.015083100000000000e+07,2.626999999999999886e+02,2.627000122070312500e+02,2.408999938964843750e+02,2.470000000000000000e+02,7.485300000000000000e+06
2.015090700000000000e+07,2.470000000000000000e+02,2.631719970703125000e+02,2.430000000000000000e+02,2.568999999999999773e+02,1.212520000000000000e+07
2.015091400000000000e+07,2.543000000000000114e+02,2.718999938964843750e+02,2.498999938964843750e+02,2.641000000000000227e+02,5.726200000000000000e+06
2.015092100000000000e+07,2.616999999999999886e+02,2.648999938964843750e+02,2.440000000000000000e+02,2.479000000000000057e+02,4.768700000000000000e+06
2.015092800000000000e+07,2.468000000000000114e+02,2.620000000000000000e+02,2.369600067138671875e+02,2.545000000000000000e+02,5.462400000000000000e+06
2.015100500000000000e+07,2.580000000000000000e+02,2.957000122070312500e+02,2.561000061035156250e+02,2.925000000000000000e+02,5.317300000000000000e+06
2.015101200000000000e+07,2.925000000000000000e+02,2.953999938964843750e+02,2.715000000000000000e+02,2.790000000000000000e+02,6.794100000000000000e+06
2.015101900000000000e+07,2.803000000000000114e+02,2.846000061035156250e+02,2.686000061035156250e+02,2.791000000000000227e+02,9.369000000000000000e+06
2.015102600000000000e+07,2.800000000000000000e+02,2.812000122070312500e+02,2.638999938964843750e+02,2.700000000000000000e+02,6.857700000000000000e+06
2.015110200000000000e+07,2.688999999999999773e+02,2.806000061035156250e+02,2.585000000000000000e+02,2.601999999999999886e+02,4.874500000000000000e+06
2.015110900000000000e+07,2.621999999999999886e+02,2.630000000000000000e+02,2.441000061035156250e+02,2.449000000000000057e+02,3.759800000000000000e+06
2.015111600000000000e+07,2.440000000000000000e+02,2.526999969482421875e+02,2.440000000000000000e+02,2.500000000000000000e+02,6.416400000000000000e+06
2.015112300000000000e+07,2.505000000000000000e+02,2.586000061035156250e+02,2.473999938964843750e+02,2.554000000000000057e+02,3.089300000000000000e+06
2.015113000000000000e+07,2.540999999999999943e+02,2.568999938964843750e+02,2.478999938964843750e+02,2.485000000000000000e+02,3.802500000000000000e+06
2.015120700000000000e+07,2.496999999999999886e+02,2.503000030517578125e+02,2.343999938964843750e+02,2.356999999999999886e+02,4.376800000000000000e+06
2.015121400000000000e+07,2.408000000000000114e+02,2.501000061035156250e+02,2.176380004882812500e+02,2.449000000000000057e+02,4.334500000000000000e+06
2.015122100000000000e+07,2.428000000000000114e+02,2.597999877929687500e+02,2.416000061035156250e+02,2.550999999999999943e+02,1.812300000000000000e+06
2.015122800000000000e+07,2.550999999999999943e+02,2.590029907226562500e+02,2.466999969482421875e+02,2.489000000000000057e+02,1.226000000000000000e+06
2.016010400000000000e+07,2.520000000000000000e+02,2.558999938964843750e+02,2.361000061035156250e+02,2.409000000000000057e+02,3.312500000000000000e+06
2.016011100000000000e+07,2.414000000000000057e+02,2.463000030517578125e+02,2.011999969482421875e+02,2.015000000000000000e+02,8.440200000000000000e+06
2.016011800000000000e+07,2.005999999999999943e+02,2.073000030517578125e+02,1.935000000000000000e+02,2.046999999999999886e+02,8.815000000000000000e+06
2.016012500000000000e+07,2.039000000000000057e+02,2.226999969482421875e+02,2.000000000000000000e+02,2.191999999999999886e+02,7.368200000000000000e+06
2.016020100000000000e+07,2.210000000000000000e+02,2.228000030517578125e+02,2.035000000000000000e+02,2.164000000000000057e+02,7.280100000000000000e+06
2.016020800000000000e+07,2.169000000000000057e+02,2.216000061035156250e+02,1.955000000000000000e+02,2.101999999999999886e+02,8.939800000000000000e+06
2.016021500000000000e+07,2.125000000000000000e+02,2.256999969482421875e+02,2.093000030517578125e+02,2.203000000000000114e+02,4.796200000000000000e+06
2.016022200000000000e+07,2.231999999999999886e+02,2.353000030517578125e+02,2.231000061035156250e+02,2.286999999999999886e+02,6.462000000000000000e+06
