2.005121200000000000e+07,2.340000000000000000e+02,2.470000000000000000e+02,2.303849945068359375e+02,2.400000000000000000e+02,2.831340000000000000e+07
2.005121900000000000e+07,2.420000000000000000e+02,2.480000000000000000e+02,2.413800048828125000e+02,2.465000000000000000e+02,1.987810000000000000e+07
2.005122600000000000e+07,2.465000000000000000e+02,2.480000000000000000e+02,2.456309967041015625e+02,2.465000000000000000e+02,1.760700000000000000e+06
2.006010200000000000e+07,2.465000000000000000e+02,2.479799957275390625e+02,2.380000000000000000e+02,2.420000000000000000e+02,2.124440000000000000e+07
2.006010900000000000e+07,2.430000000000000000e+02,2.474299926757812500e+02,2.330000000000000000e+02,2.425000000000000000e+02,1.312050000000000000e+07
2.006011600000000000e+07,2.440000000000000000e+02,2.585000000000000000e+02,2.410000000000000000e+02,2.560000000000000000e+02,1.117260000000000000e+07
2.006012300000000000e+07,2.550000000000000000e+02,2.610000000000000000e+02,2.526900024414062500e+02,2.570000000000000000e+02,1.897410000000000000e+07
2.006013000000000000e+07,2.590000000000000000e+02,2.680000000000000000e+02,2.569200134277343750e+02,2.675000000000000000e+02,1.398370000000000000e+07
2.006020600000000000e+07,2.670000000000000000e+02,2.770000000000000000e+02,2.660000000000000000e+02,2.755000000000000000e+02,1.009370000000000000e+07
2.006021300000000000e+07,2.750000000000000000e+02,2.775000000000000000e+02,2.680000000000000000e+02,2.702500000000000000e+02,1.246650000000000000e+07
2.006022000000000000e+07,2.660000000000000000e+02,2.741549987792968750e+02,2.650000000000000000e+02,2.735000000000000000e+02,3.800300000000000000e+06
2.006022700000000000e+07,2.747500000000000000e+02,3.155000000000000000e+02,2.007500000000000000e+02,2.057500000000000000e+02,5.903090000000000000e+07
2.006030600000000000e+07,2.095000000000000000e+02,2.177500000000000000e+02,2.020000000000000000e+02,2.167500000000000000e+02,4.562990000000000000e+07
2.006031300000000000e+07,2.170000000000000000e+02,2.440000000000000000e+02,2.150000000000000000e+02,2.420000000000000000e+02,5.706350000000000000e+07
2.006032000000000000e+07,2.420000000000000000e+02,2.444900054931640625e+02,2.230000000000000000e+02,2.325000000000000000e+02,2.003320000000000000e+07
2.006032700000000000e+07,2.335000000000000000e+02,2.360000000000000000e+02,2.170000000000000000e+02,2.197500000000000000e+02,5.024600000000000000e+06
2.006040300000000000e+07,2.185000000000000000e+02,2.215000000000000000e+02,1.982500000000000000e+02,2.115000000000000000e+02,1.883630000000000000e+07
2.006041000000000000e+07,2.102500000000000000e+02,2.174900054931640625e+02,2.102500000000000000e+02,2.172500000000000000e+02,1.050510000000000000e+07
2.006041700000000000e+07,2.172500000000000000e+02,2.230000000000000000e+02,2.150000000000000000e+02,2.215000000000000000e+02,4.164800000000000000e+06
2.006042400000000000e+07,2.217500000000000000e+02,2.272500000000000000e+02,2.176699981689453125e+02,2.200000000000000000e+02,4.466900000000000000e+06
2.006050100000000000e+07,2.200000000000000000e+02,2.249900054931640625e+02,2.197500000000000000e+02,2.215000000000000000e+02,1.173320000000000000e+07
2.006050800000000000e+07,2.217500000000000000e+02,2.230000000000000000e+02,2.160000000000000000e+02,2.190000000000000000e+02,1.319280000000000000e+07
2.006051500000000000e+07,2.175000000000000000e+02,2.217500000000000000e+02,2.137500000000000000e+02,2.190000000000000000e+02,7.512400000000000000e+06
2.006052200000000000e+07,2.190000000000000000e+02,2.220000000000000000e+02,1.700000000000000000e+02,2.037500000000000000e+02,5.100320000000000000e+07
2.006052900000000000e+07,2.037500000000000000e+02,2.130000000000000000e+02,1.900000000000000000e+02,2.112500000000000000e+02,1.812650000000000000e+07
2.006060500000000000e+07,2.115000000000000000e+02,2.190000000000000000e+02,2.062500000000000000e+02,2.135000000000000000e+02,1.546990000000000000e+07
2.006061200000000000e+07,2.150000000000000000e+02,2.150000000000000000e+02,1.932500000000000000e+02,1.950000000000000000e+02,1.301710000000000000e+07
2.006061900000000000e+07,1.997500000000000000e+02,2.000000000000000000e+02,1.937500000000000000e+02,1.957500000000000000e+02,6.398100000000000000e+06
2.006062600000000000e+07,1.965000000000000000e+02,2.022500000000000000e+02,1.950000000000000000e+02,2.000000000000000000e+02,1.276150000000000000e+07
2.006070300000000000e+07,2.027500000000000000e+02,2.030000000000000000e+02,1.899900054931640625e+02,1.952500000000000000e+02,8.060800000000000000e+06
2.006071000000000000e+07,1.930000000000000000e+02,2.050000000000000000e+02,1.930000000000000000e+02,1.970000000000000000e+02,6.431000000000000000e+06
2.006071700000000000e+07,1.965000000000000000e+02,2.067500000000000000e+02,1.880000000000000000e+02,2.060000000000000000e+02,1.203400000000000000e+07
2.006072400000000000e+07,2.077500000000000000e+02,2.190000000000000000e+02,2.017500000000000000e+02,2.107500000000000000e+02,1.803150000000000000e+07
2.006073100000000000e+07,2.127500000000000000e+02,2.140000000000000000e+02,2.022500000000000000e+02,2.130000000000000000e+02,5.392200000000000000e+06
2.006080700000000000e+07,2.090000000000000000e+02,2.160000000000000000e+02,1.980000000000000000e+02,2.070000000000000000e+02,5.180900000000000000e+06
2.006081400000000000e+07,2.097500000000000000e+02,2.157500000000000000e+02,2.058000030517578125e+02,2.125000000000000000e+02,3.734700000000000000e+06
2.006082100000000000e+07,2.092500000000000000e+02,2.210000000000000000e+02,2.090000000000000000e+02,2.200000000000000000e+02,6.115300000000000000e+06
2.006082800000000000e+07,2.200000000000000000e+02,2.250000000000000000e+02,2.167500000000000000e+02,2.230000000000000000e+02,2.228100000000000000e+06
2.006090400000000000e+07,2.265000000000000000e+02,2.270000000000000000e+02,2.192500000000000000e+02,2.222500000000000000e+02,1.790000000000000000e+06
2.006091100000000000e+07,2.212500000000000000e+02,2.267500000000000000e+02,2.172500000000000000e+02,2.240000000000000000e+02,5.784400000000000000e+06
2.006091800000000000e+07,2.230000000000000000e+02,2.255000000000000000e+02,2.017500000000000000e+02,2.240000000000000000e+02,3.873900000000000000e+06
2.006092500000000000e+07,2.252500000000000000e+02,2.342500000000000000e+02,2.182500000000000000e+02,2.317500000000000000e+02,1.328740000000000000e+07
2.006100200000000000e+07,2.330000000000000000e+02,2.540000000000000000e+02,2.330000000000000000e+02,2.510000000000000000e+02,9.872900000000000000e+06
2.006100900000000000e+07,2.530000000000000000e+02,2.530000000000000000e+02,2.400000000000000000e+02,2.467500000000000000e+02,3.529900000000000000e+06
2.006101600000000000e+07,2.470000000000000000e+02,2.483000030517578125e+02,2.280000000000000000e+02,2.282500000000000000e+02,6.016000000000000000e+06
2.006102300000000000e+07,2.345000000000000000e+02,2.420000000000000000e+02,2.300000000000000000e+02,2.355000000000000000e+02,9.145200000000000000e+06
2.006103000000000000e+07,2.370000000000000000e+02,2.420000000000000000e+02,2.335000000000000000e+02,2.395000000000000000e+02,3.738900000000000000e+06
2.006110600000000000e+07,2.395000000000000000e+02,2.440000000000000000e+02,2.360000000000000000e+02,2.385000000000000000e+02,3.868100000000000000e+06
2.006111300000000000e+07,2.412500000000000000e+02,2.460000000000000000e+02,2.350000000000000000e+02,2.385000000000000000e+02,4.863000000000000000e+06
2.006112000000000000e+07,2.405000000000000000e+02,2.407500000000000000e+02,2.337500000000000000e+02,2.370000000000000000e+02,4.353800000000000000e+06
2.006112700000000000e+07,2.380000000000000000e+02,2.482500000000000000e+02,2.295000000000000000e+02,2.420000000000000000e+02,1.632900000000000000e+07
2.006120400000000000e+07,2.420000000000000000e+02,2.597500000000000000e+02,2.370000000000000000e+02,2.550000000000000000e+02,1.423220000000000000e+07
2.006121100000000000e+07,2.567500000000000000e+02,2.802500000000000000e+02,2.525000000000000000e+02,2.647500000000000000e+02,1.201830000000000000e+07
2.006121800000000000e+07,2.637500000000000000e+02,2.980000000000000000e+02,2.610000000000000000e+02,2.950000000000000000e+02,1.871990000000000000e+07
2.006122500000000000e+07,2.950000000000000000e+02,3.062500000000000000e+02,2.852500000000000000e+02,2.940000000000000000e+02,2.177300000000000000e+06
2.007010100000000000e+07,2.940000000000000000e+02,3.062650146484375000e+02,2.850000000000000000e+02,2.977500000000000000e+02,4.486000000000000000e+06
2.007010800000000000e+07,2.952500000000000000e+02,3.025000000000000000e+02,2.840000000000000000e+02,3.000000000000000000e+02,4.874200000000000000e+06
2.007011500000000000e+07,2.972500000000000000e+02,3.017500000000000000e+02,2.922500000000000000e+02,2.990000000000000000e+02,8.178600000000000000e+06
2.007012200000000000e+07,2.995000000000000000e+02,2.995000000000000000e+02,2.900000000000000000e+02,2.940000000000000000e+02,4.349800000000000000e+06
2.007012900000000000e+07,2.932500000000000000e+02,3.230000000000000000e+02,2.920000000000000000e+02,3.180000000000000000e+02,6.476200000000000000e+06
2.007020500000000000e+07,3.177500000000000000e+02,3.217699890136718750e+02,3.122500000000000000e+02,3.200000000000000000e+02,8.570700000000000000e+06
2.007021200000000000e+07,3.122500000000000000e+02,3.252500000000000000e+02,3.122500000000000000e+02,3.177500000000000000e+02,5.274400000000000000e+06
2.007021900000000000e+07,3.195000000000000000e+02,3.252500000000000000e+02,3.165000000000000000e+02,3.190000000000000000e+02,6.190200000000000000e+06
2.007022600000000000e+07,3.190000000000000000e+02,3.200000000000000000e+02,3.017500000000000000e+02,3.055000000000000000e+02,1.281770000000000000e+07
2.007030500000000000e+07,3.000000000000000000e+02,3.202300109863281250e+02,2.962500000000000000e+02,3.037500000000000000e+02,5.260200000000000000e+06
2.007031200000000000e+07,3.057500000000000000e+02,3.142500000000000000e+02,2.982500000000000000e+02,3.112500000000000000e+02,4.150200000000000000e+06
2.007031900000000000e+07,3.150000000000000000e+02,3.267500000000000000e+02,3.112430114746093750e+02,3.237500000000000000e+02,4.985800000000000000e+06
2.007032600000000000e+07,3.220000000000000000e+02,3.392500000000000000e+02,3.220000000000000000e+02,3.335000000000000000e+02,8.847200000000000000e+06
2.007040200000000000e+07,3.290000000000000000e+02,3.382500000000000000e+02,3.290000000000000000e+02,3.350000000000000000e+02,2.259300000000000000e+06
2.007040900000000000e+07,3.350000000000000000e+02,3.427500000000000000e+02,3.310000000000000000e+02,3.395000000000000000e+02,6.024800000000000000e+06
2.007041600000000000e+07,3.420000000000000000e+02,3.420000000000000000e+02,3.270000000000000000e+02,3.347500000000000000e+02,4.427300000000000000e+06
2.007042300000000000e+07,3.352500000000000000e+02,3.520000000000000000e+02,3.302500000000000000e+02,3.482500000000000000e+02,7.286900000000000000e+06
2.007043000000000000e+07,3.500000000000000000e+02,3.542500000000000000e+02,3.430000000000000000e+02,3.540000000000000000e+02,6.545300000000000000e+06
2.007050700000000000e+07,3.540000000000000000e+02,3.605899963378906250e+02,3.490000000000000000e+02,3.550000000000000000e+02,5.405400000000000000e+06
2.007051400000000000e+07,3.765000000000000000e+02,3.925000000000000000e+02,3.670000000000000000e+02,3.910000000000000000e+02,9.562000000000000000e+06
2.007052100000000000e+07,3.940000000000000000e+02,4.000000000000000000e+02,3.750000000000000000e+02,3.952500000000000000e+02,9.065700000000000000e+06
2.007052800000000000e+07,3.952500000000000000e+02,4.000000000000000000e+02,3.864800109863281250e+02,3.960000000000000000e+02,4.329300000000000000e+06
2.007060400000000000e+07,3.980000000000000000e+02,3.982500000000000000e+02,3.817999877929687500e+02,3.880000000000000000e+02,7.259200000000000000e+06
2.007061100000000000e+07,3.900000000000000000e+02,4.000000000000000000e+02,3.800000000000000000e+02,3.990000000000000000e+02,7.343400000000000000e+06
2.007061800000000000e+07,4.000000000000000000e+02,4.000000000000000000e+02,3.862500000000000000e+02,3.920000000000000000e+02,8.630100000000000000e+06
2.007062500000000000e+07,3.937500000000000000e+02,3.955000000000000000e+02,3.770000000000000000e+02,3.872500000000000000e+02,5.478700000000000000e+06
2.007070200000000000e+07,3.895000000000000000e+02,3.950000000000000000e+02,3.827500000000000000e+02,3.887500000000000000e+02,1.198790000000000000e+07
2.007070900000000000e+07,3.897500000000000000e+02,3.897500000000000000e+02,3.480000000000000000e+02,3.567500000000000000e+02,1.627970000000000000e+07
2.007071600000000000e+07,3.540000000000000000e+02,3.583280029296875000e+02,3.447500000000000000e+02,3.455000000000000000e+02,7.647500000000000000e+06
2.007072300000000000e+07,3.422500000000000000e+02,3.587500000000000000e+02,3.252500000000000000e+02,3.260000000000000000e+02,6.152100000000000000e+06
2.007073000000000000e+07,3.290000000000000000e+02,3.342500000000000000e+02,3.022500000000000000e+02,3.090000000000000000e+02,8.596300000000000000e+06
2.007080600000000000e+07,3.047500000000000000e+02,3.087500000000000000e+02,2.640000000000000000e+02,2.850000000000000000e+02,2.043100000000000000e+07
2.007081300000000000e+07,2.885000000000000000e+02,3.230000000000000000e+02,2.880000000000000000e+02,3.152500000000000000e+02,1.422350000000000000e+07
2.007082000000000000e+07,3.130000000000000000e+02,3.360000000000000000e+02,3.097500000000000000e+02,3.270000000000000000e+02,1.060530000000000000e+07
2.007082700000000000e+07,3.270000000000000000e+02,3.347500000000000000e+02,3.168599853515625000e+02,3.320000000000000000e+02,4.529300000000000000e+06
2.007090300000000000e+07,3.317500000000000000e+02,3.342500000000000000e+02,3.150000000000000000e+02,3.160000000000000000e+02,3.367400000000000000e+06
2.007091000000000000e+07,3.142500000000000000e+02,3.212500000000000000e+02,3.102500000000000000e+02,3.102500000000000000e+02,3.006900000000000000e+06
2.007091700000000000e+07,3.102500000000000000e+02,3.130000000000000000e+02,3.000000000000000000e+02,3.115000000000000000e+02,8.033100000000000000e+06
2.007092400000000000e+07,3.057500000000000000e+02,3.290000000000000000e+02,3.057500000000000000e+02,3.230000000000000000e+02,8.023500000000000000e+06
2.007100100000000000e+07,3.200000000000000000e+02,3.345000000000000000e+02,3.200000000000000000e+02,3.220000000000000000e+02,5.994400000000000000e+06
2.007100800000000000e+07,3.260000000000000000e+02,3.330000000000000000e+02,3.170000000000000000e+02,3.202500000000000000e+02,1.100250000000000000e+07
2.007101500000000000e+07,3.170000000000000000e+02,3.472500000000000000e+02,3.145000000000000000e+02,3.365000000000000000e+02,7.765900000000000000e+06
2.007102200000000000e+07,3.275000000000000000e+02,3.475000000000000000e+02,3.275000000000000000e+02,3.450000000000000000e+02,5.061000000000000000e+06
2.007102900000000000e+07,3.482500000000000000e+02,3.627500000000000000e+02,3.360000000000000000e+02,3.390000000000000000e+02,3.992400000000000000e+06
2.007110500000000000e+07,3.355000000000000000e+02,3.410000000000000000e+02,3.030000000000000000e+02,3.040000000000000000e+02,4.427700000000000000e+06
2.007111200000000000e+07,3.040000000000000000e+02,3.370000000000000000e+02,3.040000000000000000e+02,3.277500000000000000e+02,6.965900000000000000e+06
2.007111900000000000e+07,3.257500000000000000e+02,3.517500000000000000e+02,3.240000000000000000e+02,3.457500000000000000e+02,4.339500000000000000e+06
2.007112600000000000e+07,3.507500000000000000e+02,3.507500000000000000e+02,3.367500000000000000e+02,3.465000000000000000e+02,5.257000000000000000e+06
2.007120300000000000e+07,3.430000000000000000e+02,3.547500000000000000e+02,3.270000000000000000e+02,3.287500000000000000e+02,6.050200000000000000e+06
2.007121000000000000e+07,3.280000000000000000e+02,3.430000000000000000e+02,3.280000000000000000e+02,3.410000000000000000e+02,4.478900000000000000e+06
2.007121700000000000e+07,3.350000000000000000e+02,3.470000000000000000e+02,3.310000000000000000e+02,3.400000000000000000e+02,3.627500000000000000e+06
2.007122400000000000e+07,3.467500000000000000e+02,3.470000000000000000e+02,3.380000000000000000e+02,3.427500000000000000e+02,6.534000000000000000e+05
2.007123100000000000e+07,3.400000000000000000e+02,3.520000000000000000e+02,3.370000000000000000e+02,3.445000000000000000e+02,3.242500000000000000e+06
2.008010700000000000e+07,3.460000000000000000e+02,3.577500000000000000e+02,3.162500000000000000e+02,3.250000000000000000e+02,7.980100000000000000e+06
2.008011400000000000e+07,3.265000000000000000e+02,3.302500000000000000e+02,2.922500000000000000e+02,3.150000000000000000e+02,6.938900000000000000e+06
2.008012100000000000e+07,3.082500000000000000e+02,3.345000000000000000e+02,2.887500000000000000e+02,3.180000000000000000e+02,9.032400000000000000e+06
2.008012800000000000e+07,3.110000000000000000e+02,3.200000000000000000e+02,2.915000000000000000e+02,3.180000000000000000e+02,7.322300000000000000e+06
2.008020400000000000e+07,3.200000000000000000e+02,3.255000000000000000e+02,2.952500000000000000e+02,3.000000000000000000e+02,7.400100000000000000e+06
2.008021100000000000e+07,2.997500000000000000e+02,3.230000000000000000e+02,2.945000000000000000e+02,3.140000000000000000e+02,4.612800000000000000e+06
2.008021800000000000e+07,3.130000000000000000e+02,3.367500000000000000e+02,3.130000000000000000e+02,3.295000000000000000e+02,5.662200000000000000e+06
2.008022500000000000e+07,3.347500000000000000e+02,3.382500000000000000e+02,3.250000000000000000e+02,3.330000000000000000e+02,3.712400000000000000e+06
2.008030300000000000e+07,3.260000000000000000e+02,3.467500000000000000e+02,3.225000000000000000e+02,3.290000000000000000e+02,7.999900000000000000e+06
2.008031000000000000e+07,3.262500000000000000e+02,3.287500000000000000e+02,3.130000000000000000e+02,3.205000000000000000e+02,7.157800000000000000e+06
2.008031700000000000e+07,3.172500000000000000e+02,3.225000000000000000e+02,3.072500000000000000e+02,3.087500000000000000e+02,4.507900000000000000e+06
2.008032400000000000e+07,3.087500000000000000e+02,3.172500000000000000e+02,3.045000000000000000e+02,3.142500000000000000e+02,4.028500000000000000e+06
2.008033100000000000e+07,3.120000000000000000e+02,3.305000000000000000e+02,3.120000000000000000e+02,3.217500000000000000e+02,3.583900000000000000e+06
2.008040700000000000e+07,3.230000000000000000e+02,3.347500000000000000e+02,3.120000000000000000e+02,3.235000000000000000e+02,5.328700000000000000e+06
2.008041400000000000e+07,3.180000000000000000e+02,3.550000000000000000e+02,3.177500000000000000e+02,3.497500000000000000e+02,6.120100000000000000e+06
2.008042100000000000e+07,3.515000000000000000e+02,3.560000000000000000e+02,3.420000000000000000e+02,3.507500000000000000e+02,4.150900000000000000e+06
2.008042800000000000e+07,3.535000000000000000e+02,3.610000000000000000e+02,3.180000000000000000e+02,3.302500000000000000e+02,6.295700000000000000e+06
2.008050500000000000e+07,3.302500000000000000e+02,3.525000000000000000e+02,3.277500000000000000e+02,3.400000000000000000e+02,4.604800000000000000e+06
2.008051200000000000e+07,3.407500000000000000e+02,3.485000000000000000e+02,3.292500000000000000e+02,3.325000000000000000e+02,4.372100000000000000e+06
2.008051900000000000e+07,3.357500000000000000e+02,3.422500000000000000e+02,3.255000000000000000e+02,3.347500000000000000e+02,6.808900000000000000e+06
2.008052600000000000e+07,3.347500000000000000e+02,3.347500000000000000e+02,3.107500000000000000e+02,3.130000000000000000e+02,4.426500000000000000e+06
2.008060200000000000e+07,3.137500000000000000e+02,3.255000000000000000e+02,3.075000000000000000e+02,3.125000000000000000e+02,6.065700000000000000e+06
2.008060900000000000e+07,3.130000000000000000e+02,3.195000000000000000e+02,3.015000000000000000e+02,3.110000000000000000e+02,6.199700000000000000e+06
2.008061600000000000e+07,3.120000000000000000e+02,3.165000000000000000e+02,3.000000000000000000e+02,3.007500000000000000e+02,6.916100000000000000e+06
2.008062300000000000e+07,3.000000000000000000e+02,3.080000000000000000e+02,2.865000000000000000e+02,2.900000000000000000e+02,5.559900000000000000e+06
2.008063000000000000e+07,2.920000000000000000e+02,2.942500000000000000e+02,2.480000000000000000e+02,2.542500000000000000e+02,6.354900000000000000e+06
2.008070700000000000e+07,2.545000000000000000e+02,2.545000000000000000e+02,2.287500000000000000e+02,2.327500000000000000e+02,5.715600000000000000e+06
2.008071400000000000e+07,2.327500000000000000e+02,2.657500000000000000e+02,2.160000000000000000e+02,2.657500000000000000e+02,1.165160000000000000e+07
2.008072100000000000e+07,2.597500000000000000e+02,2.645000000000000000e+02,2.235000000000000000e+02,2.372500000000000000e+02,1.161100000000000000e+07
2.008072800000000000e+07,2.357500000000000000e+02,2.430000000000000000e+02,2.162500000000000000e+02,2.190000000000000000e+02,1.141520000000000000e+07
2.008080400000000000e+07,2.210000000000000000e+02,2.367500000000000000e+02,2.172500000000000000e+02,2.322500000000000000e+02,6.080400000000000000e+06
2.008081100000000000e+07,2.305000000000000000e+02,2.455000000000000000e+02,2.260000000000000000e+02,2.295000000000000000e+02,5.377200000000000000e+06
2.008081800000000000e+07,2.317500000000000000e+02,2.410000000000000000e+02,2.142500000000000000e+02,2.305000000000000000e+02,4.395200000000000000e+06
2.008082500000000000e+07,2.305000000000000000e+02,2.367500000000000000e+02,2.240000000000000000e+02,2.350000000000000000e+02,2.968800000000000000e+06
2.008090100000000000e+07,2.325000000000000000e+02,2.437500000000000000e+02,2.240000000000000000e+02,2.287500000000000000e+02,2.029100000000000000e+06
2.008090800000000000e+07,2.350000000000000000e+02,2.400000000000000000e+02,2.192500000000000000e+02,2.265000000000000000e+02,4.889500000000000000e+06
2.008091500000000000e+07,2.205000000000000000e+02,2.362500000000000000e+02,2.170000000000000000e+02,2.282500000000000000e+02,8.267500000000000000e+06
2.008092200000000000e+07,2.255000000000000000e+02,2.352500000000000000e+02,2.140000000000000000e+02,2.140000000000000000e+02,3.080000000000000000e+06
2.008092900000000000e+07,2.120000000000000000e+02,2.160000000000000000e+02,1.900000000000000000e+02,2.037500000000000000e+02,5.202700000000000000e+06
2.008100600000000000e+07,1.997500000000000000e+02,1.997500000000000000e+02,1.612500000000000000e+02,1.655000000000000000e+02,3.999400000000000000e+06
2.008101300000000000e+07,1.750000000000000000e+02,2.030000000000000000e+02,1.670000000000000000e+02,2.025000000000000000e+02,6.448800000000000000e+06
2.008102000000000000e+07,2.067500000000000000e+02,2.067500000000000000e+02,1.877500000000000000e+02,1.965000000000000000e+02,4.275400000000000000e+06
2.008102700000000000e+07,1.902500000000000000e+02,2.300000000000000000e+02,1.902500000000000000e+02,2.275000000000000000e+02,4.463300000000000000e+06
2.008110300000000000e+07,2.317500000000000000e+02,2.350000000000000000e+02,2.195000000000000000e+02,2.287500000000000000e+02,2.047200000000000000e+06
2.008111000000000000e+07,2.310000000000000000e+02,2.411499938964843750e+02,2.200000000000000000e+02,2.220000000000000000e+02,2.313200000000000000e+06
2.008111700000000000e+07,2.220000000000000000e+02,2.407500000000000000e+02,2.162500000000000000e+02,2.180000000000000000e+02,3.827800000000000000e+06
2.008112400000000000e+07,2.207500000000000000e+02,2.430000000000000000e+02,2.022500000000000000e+02,2.305000000000000000e+02,4.169700000000000000e+06
2.008120100000000000e+07,2.255000000000000000e+02,2.290000000000000000e+02,2.050000000000000000e+02,2.235000000000000000e+02,4.056000000000000000e+06
2.008120800000000000e+07,2.270000000000000000e+02,2.610000000000000000e+02,2.247500000000000000e+02,2.532500000000000000e+02,4.420600000000000000e+06
2.008121500000000000e+07,2.555000000000000000e+02,2.640000000000000000e+02,2.477500000000000000e+02,2.550000000000000000e+02,4.042400000000000000e+06
2.008122200000000000e+07,2.550000000000000000e+02,2.650000000000000000e+02,2.515000000000000000e+02,2.645000000000000000e+02,4.544000000000000000e+05
2.008122900000000000e+07,2.690000000000000000e+02,2.697500000000000000e+02,2.580000000000000000e+02,2.635000000000000000e+02,5.793000000000000000e+05
2.009010500000000000e+07,2.612500000000000000e+02,2.652500000000000000e+02,2.297500000000000000e+02,2.450000000000000000e+02,3.051100000000000000e+06
2.009011200000000000e+07,2.450000000000000000e+02,2.502500000000000000e+02,2.342500000000000000e+02,2.480000000000000000e+02,2.110500000000000000e+06
2.009011900000000000e+07,2.485000000000000000e+02,2.500000000000000000e+02,2.320000000000000000e+02,2.382500000000000000e+02,1.272500000000000000e+06
2.009012600000000000e+07,2.360000000000000000e+02,2.420000000000000000e+02,2.137500000000000000e+02,2.300000000000000000e+02,4.223700000000000000e+06
2.009020200000000000e+07,2.270000000000000000e+02,2.290000000000000000e+02,2.097500000000000000e+02,2.232500000000000000e+02,1.105800000000000000e+06
2.009020900000000000e+07,2.255000000000000000e+02,2.540000000000000000e+02,2.205000000000000000e+02,2.407500000000000000e+02,2.532400000000000000e+06
2.009021600000000000e+07,2.380000000000000000e+02,2.485000000000000000e+02,2.340000000000000000e+02,2.412500000000000000e+02,2.017000000000000000e+06
2.009022300000000000e+07,2.400000000000000000e+02,2.450000000000000000e+02,2.270000000000000000e+02,2.300000000000000000e+02,2.535000000000000000e+06
2.009030200000000000e+07,2.262500000000000000e+02,2.312500000000000000e+02,2.070000000000000000e+02,2.070000000000000000e+02,3.024100000000000000e+06
2.009030900000000000e+07,2.100000000000000000e+02,2.407500000000000000e+02,2.042500000000000000e+02,2.300000000000000000e+02,3.041600000000000000e+06
2.009031600000000000e+07,2.310000000000000000e+02,2.350000000000000000e+02,2.085000000000000000e+02,2.152500000000000000e+02,1.808300000000000000e+06
2.009032300000000000e+07,2.162500000000000000e+02,2.252500000000000000e+02,2.160000000000000000e+02,2.195000000000000000e+02,1.155100000000000000e+06
2.009033000000000000e+07,2.170000000000000000e+02,2.692500000000000000e+02,2.167500000000000000e+02,2.617500000000000000e+02,2.881600000000000000e+06
2.009040600000000000e+07,2.607500000000000000e+02,2.630000000000000000e+02,2.400000000000000000e+02,2.455000000000000000e+02,2.440700000000000000e+06
2.009041300000000000e+07,2.455000000000000000e+02,2.630000000000000000e+02,2.455000000000000000e+02,2.597500000000000000e+02,2.471800000000000000e+06
2.009042000000000000e+07,2.650000000000000000e+02,2.650000000000000000e+02,2.430000000000000000e+02,2.550000000000000000e+02,4.247700000000000000e+06
2.009042700000000000e+07,2.550000000000000000e+02,2.710000000000000000e+02,2.500000000000000000e+02,2.710000000000000000e+02,3.819600000000000000e+06
2.009050400000000000e+07,2.710000000000000000e+02,2.845000000000000000e+02,2.655000000000000000e+02,2.695000000000000000e+02,6.789400000000000000e+06
2.009051100000000000e+07,2.727500000000000000e+02,2.742500000000000000e+02,2.572500000000000000e+02,2.640000000000000000e+02,4.040400000000000000e+06
2.009051800000000000e+07,2.640000000000000000e+02,3.117500000000000000e+02,2.620000000000000000e+02,2.947500000000000000e+02,5.749900000000000000e+06
2.009052500000000000e+07,2.947500000000000000e+02,3.005000000000000000e+02,2.697500000000000000e+02,2.767500000000000000e+02,9.905600000000000000e+06
2.009060100000000000e+07,2.780000000000000000e+02,2.857500000000000000e+02,2.760000000000000000e+02,2.802500000000000000e+02,4.814600000000000000e+06
2.009060800000000000e+07,2.787500000000000000e+02,2.857500000000000000e+02,2.710000000000000000e+02,2.710000000000000000e+02,3.296700000000000000e+06
2.009061500000000000e+07,2.690000000000000000e+02,3.645499877929687500e+02,2.597500000000000000e+02,2.642500000000000000e+02,4.344400000000000000e+06
2.009062200000000000e+07,2.632500000000000000e+02,2.765000000000000000e+02,2.532500000000000000e+02,2.750000000000000000e+02,3.307300000000000000e+06
2.009062900000000000e+07,2.730000000000000000e+02,2.947500000000000000e+02,2.730000000000000000e+02,2.920000000000000000e+02,4.048000000000000000e+06
2.009070600000000000e+07,2.905000000000000000e+02,3.027500000000000000e+02,2.900000000000000000e+02,2.952500000000000000e+02,6.522600000000000000e+06
2.009071300000000000e+07,2.917500000000000000e+02,3.237500000000000000e+02,2.862500000000000000e+02,3.160000000000000000e+02,5.729900000000000000e+06
2.009072000000000000e+07,3.190000000000000000e+02,3.330000000000000000e+02,3.115000000000000000e+02,3.280000000000000000e+02,2.648200000000000000e+06
2.009072700000000000e+07,3.325000000000000000e+02,3.432500000000000000e+02,3.162500000000000000e+02,3.410000000000000000e+02,2.707200000000000000e+06
2.009080300000000000e+07,3.395000000000000000e+02,3.473999938964843750e+02,3.307999877929687500e+02,3.371999999999999886e+02,4.709200000000000000e+06
2.009081000000000000e+07,3.356000000000000227e+02,3.520000000000000000e+02,3.353999938964843750e+02,3.380000000000000000e+02,3.648600000000000000e+06
2.009081700000000000e+07,3.380000000000000000e+02,3.448999938964843750e+02,3.252000122070312500e+02,3.416000000000000227e+02,1.666800000000000000e+06
2.009082400000000000e+07,3.433999999999999773e+02,3.550000000000000000e+02,3.350000000000000000e+02,3.466000000000000227e+02,2.635200000000000000e+06
2.009083100000000000e+07,3.466000000000000227e+02,3.580000000000000000e+02,3.371000061035156250e+02,3.393000000000000114e+02,2.120500000000000000e+06
2.009090700000000000e+07,3.448000000000000114e+02,3.577000122070312500e+02,3.386000061035156250e+02,3.400000000000000000e+02,3.128900000000000000e+06
2.009091400000000000e+07,3.391999999999999886e+02,3.650000000000000000e+02,3.247999877929687500e+02,3.468999999999999773e+02,3.594800000000000000e+06
2.009092100000000000e+07,3.481000000000000227e+02,3.568999938964843750e+02,3.400000000000000000e+02,3.523999999999999773e+02,3.733700000000000000e+06
2.009092800000000000e+07,3.553000000000000114e+02,3.626000061035156250e+02,3.400000000000000000e+02,3.566999999999999886e+02,3.802200000000000000e+06
2.009100500000000000e+07,3.580000000000000000e+02,3.882999877929687500e+02,2.786000061035156250e+02,3.811999999999999886e+02,4.660600000000000000e+06
2.009101200000000000e+07,3.835000000000000000e+02,3.990000000000000000e+02,3.622999877929687500e+02,3.706000000000000227e+02,5.675600000000000000e+06
2.009101900000000000e+07,3.695000000000000000e+02,3.749479980468750000e+02,3.551000061035156250e+02,3.551999999999999886e+02,4.039800000000000000e+06
2.009102600000000000e+07,3.550000000000000000e+02,4.748500061035156250e+02,3.442210083007812500e+02,3.490000000000000000e+02,3.315400000000000000e+06
2.009110200000000000e+07,3.476999999999999886e+02,3.591000061035156250e+02,3.412999877929687500e+02,3.528999999999999773e+02,2.360800000000000000e+06
2.009110900000000000e+07,3.510000000000000000e+02,3.657999877929687500e+02,3.510000000000000000e+02,3.620000000000000000e+02,2.422000000000000000e+06
2.009111600000000000e+07,3.618999999999999773e+02,4.008999938964843750e+02,3.604530029296875000e+02,3.728000000000000114e+02,3.565800000000000000e+06
2.009112300000000000e+07,3.806000000000000227e+02,3.900000000000000000e+02,3.668500061035156250e+02,3.815000000000000000e+02,5.863700000000000000e+06
2.009113000000000000e+07,3.815000000000000000e+02,4.020000000000000000e+02,3.800000000000000000e+02,3.830000000000000000e+02,6.104700000000000000e+06
2.009120700000000000e+07,3.801999999999999886e+02,3.920000000000000000e+02,3.686000061035156250e+02,3.905000000000000000e+02,4.836300000000000000e+06
2.009121400000000000e+07,3.906000000000000227e+02,3.930000000000000000e+02,3.743999938964843750e+02,3.833999999999999773e+02,3.953400000000000000e+06
2.009122100000000000e+07,3.820000000000000000e+02,4.051000061035156250e+02,3.800000000000000000e+02,4.000000000000000000e+02,1.535900000000000000e+06
2.010010400000000000e+07,4.096999999999999886e+02,4.112999877929687500e+02,3.938999938964843750e+02,4.060000000000000000e+02,2.819100000000000000e+06
2.010011100000000000e+07,4.051999999999999886e+02,4.216000061035156250e+02,4.001000061035156250e+02,4.173000000000000114e+02,4.247100000000000000e+06
2.010011800000000000e+07,4.121000000000000227e+02,4.170000000000000000e+02,4.026000061035156250e+02,4.046999999999999886e+02,3.342000000000000000e+06
2.010012500000000000e+07,4.050000000000000000e+02,4.426000061035156250e+02,3.983999938964843750e+02,4.211000000000000227e+02,6.018000000000000000e+06
2.010020100000000000e+07,4.243000000000000114e+02,4.593999938964843750e+02,4.110000000000000000e+02,4.146000000000000227e+02,3.086900000000000000e+06
2.010020800000000000e+07,4.153000000000000114e+02,4.238999938964843750e+02,4.027000122070312500e+02,4.151999999999999886e+02,3.981800000000000000e+06
2.010021500000000000e+07,4.175000000000000000e+02,4.297000122070312500e+02,4.067999877929687500e+02,4.281000000000000227e+02,2.267600000000000000e+06
2.010022200000000000e+07,4.300000000000000000e+02,4.320000000000000000e+02,4.205000000000000000e+02,4.261000000000000227e+02,2.786500000000000000e+06
2.010030100000000000e+07,4.266999999999999886e+02,4.806000061035156250e+02,4.260549926757812500e+02,4.806000000000000227e+02,3.319800000000000000e+06
2.010030800000000000e+07,4.423999999999999773e+02,4.487999877929687500e+02,4.317000122070312500e+02,4.450000000000000000e+02,1.579500000000000000e+06
2.010031500000000000e+07,4.440000000000000000e+02,4.533999938964843750e+02,4.336000061035156250e+02,4.376999999999999886e+02,1.865400000000000000e+06
2.010032200000000000e+07,4.356999999999999886e+02,4.670000000000000000e+02,4.315000000000000000e+02,4.635000000000000000e+02,2.282800000000000000e+06
2.010032900000000000e+07,4.648000000000000114e+02,4.740000000000000000e+02,4.556000061035156250e+02,4.593999999999999773e+02,1.998500000000000000e+06
2.010040500000000000e+07,4.593999999999999773e+02,4.760000000000000000e+02,4.573999938964843750e+02,4.673999999999999773e+02,2.043600000000000000e+06
2.010041200000000000e+07,4.666000000000000227e+02,4.693999938964843750e+02,4.576000061035156250e+02,4.633999999999999773e+02,1.649300000000000000e+06
2.010041900000000000e+07,4.620000000000000000e+02,4.977000122070312500e+02,4.620000000000000000e+02,4.950000000000000000e+02,3.366700000000000000e+06
2.010042600000000000e+07,4.946999999999999886e+02,4.967000122070312500e+02,4.737000122070312500e+02,4.806000000000000227e+02,3.360400000000000000e+06
2.010050300000000000e+07,4.806000000000000227e+02,4.891000061035156250e+02,4.365000000000000000e+02,4.383000000000000114e+02,4.375600000000000000e+06
2.010051000000000000e+07,4.483999999999999773e+02,4.702999877929687500e+02,4.476000061035156250e+02,4.560000000000000000e+02,3.146700000000000000e+06
2.010051700000000000e+07,4.563000000000000114e+02,4.713999938964843750e+02,4.192999877929687500e+02,4.671999999999999886e+02,1.788290000000000000e+07
2.010052400000000000e+07,4.718999999999999773e+02,4.718999938964843750e+02,4.495000000000000000e+02,4.601999999999999886e+02,5.409600000000000000e+06
2.010053100000000000e+07,4.601999999999999886e+02,4.862999877929687500e+02,4.521000061035156250e+02,4.748000000000000114e+02,4.167300000000000000e+06
2.010060700000000000e+07,4.716000000000000227e+02,4.801000061035156250e+02,4.655000000000000000e+02,4.728999999999999773e+02,2.735200000000000000e+06
2.010061400000000000e+07,4.703000000000000114e+02,4.850000000000000000e+02,4.693999938964843750e+02,4.770000000000000000e+02,2.250200000000000000e+06
2.010062100000000000e+07,4.818999999999999773e+02,4.862999877929687500e+02,4.642999877929687500e+02,4.761000000000000227e+02,3.804700000000000000e+06
2.010062800000000000e+07,4.716000000000000227e+02,4.985000000000000000e+02,4.631000061035156250e+02,4.851999999999999886e+02,3.779700000000000000e+06
2.010070500000000000e+07,4.843999999999999773e+02,5.050000000000000000e+02,4.767999877929687500e+02,4.971000000000000227e+02,3.970200000000000000e+06
2.010071200000000000e+07,4.940000000000000000e+02,5.165000000000000000e+02,4.910000000000000000e+02,5.070000000000000000e+02,3.228200000000000000e+06
2.010071900000000000e+07,5.055000000000000000e+02,5.180000000000000000e+02,5.010000000000000000e+02,5.050000000000000000e+02,4.313700000000000000e+06
2.010072600000000000e+07,5.095000000000000000e+02,5.095000000000000000e+02,4.725000000000000000e+02,4.800000000000000000e+02,4.051300000000000000e+06
2.010080200000000000e+07,4.811999999999999886e+02,4.910000000000000000e+02,4.696000061035156250e+02,4.796000000000000227e+02,4.301800000000000000e+06
2.010080900000000000e+07,4.850000000000000000e+02,4.942000122070312500e+02,4.767000122070312500e+02,4.816999999999999886e+02,2.496700000000000000e+06
2.010081600000000000e+07,4.806999999999999886e+02,4.857000122070312500e+02,4.674389953613281250e+02,4.711000000000000227e+02,2.122800000000000000e+06
2.010082300000000000e+07,4.730000000000000000e+02,4.831000061035156250e+02,4.642999877929687500e+02,4.738000000000000114e+02,6.167700000000000000e+06
2.010083000000000000e+07,4.738000000000000114e+02,4.865000000000000000e+02,4.610000000000000000e+02,4.736999999999999886e+02,4.768100000000000000e+06
2.010090600000000000e+07,4.778000000000000114e+02,4.910000000000000000e+02,4.657000122070312500e+02,4.808999999999999773e+02,3.623100000000000000e+06
2.010091300000000000e+07,4.878999999999999773e+02,4.962999877929687500e+02,4.754500122070312500e+02,4.793999999999999773e+02,5.392200000000000000e+06
2.010092000000000000e+07,4.723000000000000114e+02,4.877000122070312500e+02,4.626000061035156250e+02,4.743999999999999773e+02,8.112000000000000000e+06
2.010092700000000000e+07,4.630000000000000000e+02,4.917000122070312500e+02,4.630000000000000000e+02,4.811999999999999886e+02,6.769200000000000000e+06
2.010100400000000000e+07,4.811999999999999886e+02,4.835000000000000000e+02,4.473999938964843750e+02,4.503000000000000114e+02,8.572000000000000000e+06
2.010101100000000000e+07,4.528000000000000114e+02,4.667000122070312500e+02,4.525000000000000000e+02,4.610000000000000000e+02,7.408500000000000000e+06
2.010101800000000000e+07,4.581000000000000227e+02,5.095000000000000000e+02,4.581000061035156250e+02,4.938000000000000114e+02,1.111470000000000000e+07
2.010102500000000000e+07,5.000000000000000000e+02,5.000000000000000000e+02,4.768999938964843750e+02,4.823999999999999773e+02,5.460600000000000000e+06
2.010110100000000000e+07,4.850000000000000000e+02,4.860000000000000000e+02,4.773999938964843750e+02,4.816000000000000227e+02,4.455500000000000000e+06
2.010110800000000000e+07,4.808999999999999773e+02,4.850000000000000000e+02,4.692000122070312500e+02,4.731999999999999886e+02,2.041200000000000000e+06
2.010111500000000000e+07,4.750000000000000000e+02,5.000000000000000000e+02,4.747000122070312500e+02,4.983999999999999773e+02,3.453900000000000000e+06
2.010112200000000000e+07,5.020000000000000000e+02,5.085000000000000000e+02,4.867000122070312500e+02,4.991999999999999886e+02,4.515300000000000000e+06
2.010112900000000000e+07,5.015000000000000000e+02,5.015000000000000000e+02,4.450000000000000000e+02,4.620000000000000000e+02,1.448590000000000000e+07
2.010120600000000000e+07,4.626000000000000227e+02,4.786480102539062500e+02,4.600000000000000000e+02,4.746000000000000227e+02,1.357970000000000000e+07
2.010121300000000000e+07,4.735000000000000000e+02,4.920000000000000000e+02,4.732999877929687500e+02,4.846999999999999886e+02,4.975500000000000000e+06
2.010122000000000000e+07,4.840000000000000000e+02,4.898999938964843750e+02,4.791000061035156250e+02,4.830000000000000000e+02,2.077400000000000000e+06
2.010122700000000000e+07,4.830000000000000000e+02,4.830000000000000000e+02,4.695000000000000000e+02,4.710000000000000000e+02,1.710000000000000000e+06
2.011011000000000000e+07,4.718000000000000114e+02,4.751000061035156250e+02,4.447999877929687500e+02,4.506000000000000227e+02,5.205400000000000000e+06
2.011011700000000000e+07,4.506999999999999886e+02,4.560000000000000000e+02,4.398999938964843750e+02,4.453000000000000114e+02,7.543200000000000000e+06
2.011012400000000000e+07,4.470000000000000000e+02,4.700000000000000000e+02,4.416000061035156250e+02,4.556000000000000227e+02,9.755400000000000000e+06
2.011013100000000000e+07,4.548999999999999773e+02,4.660000000000000000e+02,4.407000122070312500e+02,4.446000000000000227e+02,6.541100000000000000e+06
2.011020700000000000e+07,4.458999999999999773e+02,4.520000000000000000e+02,4.375000000000000000e+02,4.405000000000000000e+02,5.274400000000000000e+06
2.011021400000000000e+07,4.433999999999999773e+02,4.433999938964843750e+02,4.186000061035156250e+02,4.200000000000000000e+02,7.424100000000000000e+06
2.011022100000000000e+07,4.180000000000000000e+02,4.262999877929687500e+02,3.550000000000000000e+02,3.666999999999999886e+02,2.968520000000000000e+07
2.011022800000000000e+07,3.660000000000000000e+02,3.827999877929687500e+02,3.632999877929687500e+02,3.816999999999999886e+02,1.085370000000000000e+07
2.011030700000000000e+07,3.803000000000000114e+02,3.940000000000000000e+02,3.788999938964843750e+02,3.788999999999999773e+02,8.694600000000000000e+06
2.011031400000000000e+07,3.811000000000000227e+02,3.900000000000000000e+02,3.682000122070312500e+02,3.836000000000000227e+02,9.339400000000000000e+06
2.011032100000000000e+07,3.860000000000000000e+02,4.058999938964843750e+02,3.852000122070312500e+02,4.013999999999999773e+02,1.326960000000000000e+07
2.011032800000000000e+07,4.008000000000000114e+02,4.097999877929687500e+02,3.937999877929687500e+02,3.986000000000000227e+02,5.060700000000000000e+06
2.011040400000000000e+07,3.986000000000000227e+02,4.080000000000000000e+02,3.817000122070312500e+02,3.931000000000000227e+02,6.825700000000000000e+06
2.011041100000000000e+07,3.930000000000000000e+02,3.939270019531250000e+02,3.767000122070312500e+02,3.861999999999999886e+02,5.354000000000000000e+06
2.011041800000000000e+07,3.850000000000000000e+02,4.002999877929687500e+02,3.815000000000000000e+02,4.003000000000000114e+02,5.078800000000000000e+06
2.011050900000000000e+07,4.195000000000000000e+02,4.387999877929687500e+02,4.157000122070312500e+02,4.368999999999999773e+02,6.052800000000000000e+06
2.011051600000000000e+07,4.346000000000000227e+02,4.468999938964843750e+02,4.280000000000000000e+02,4.440000000000000000e+02,5.490500000000000000e+06
2.011052300000000000e+07,4.398999999999999773e+02,4.442999877929687500e+02,4.192000122070312500e+02,4.328999999999999773e+02,8.205200000000000000e+06
2.011060600000000000e+07,4.300000000000000000e+02,4.387999877929687500e+02,4.048999938964843750e+02,4.083999999999999773e+02,6.221700000000000000e+06
2.011061300000000000e+07,4.100000000000000000e+02,4.117999877929687500e+02,3.913999938964843750e+02,3.988999999999999773e+02,5.566200000000000000e+06
2.011062000000000000e+07,3.968000000000000114e+02,4.017000122070312500e+02,3.913999938964843750e+02,3.935000000000000000e+02,4.662900000000000000e+06
2.011062700000000000e+07,3.930000000000000000e+02,3.977999877929687500e+02,3.866000061035156250e+02,3.938999999999999773e+02,3.359100000000000000e+06
2.011070400000000000e+07,3.936000000000000227e+02,4.031000061035156250e+02,3.841000061035156250e+02,3.926999999999999886e+02,3.893000000000000000e+06
2.011071100000000000e+07,3.906000000000000227e+02,3.917000122070312500e+02,3.698999938964843750e+02,3.711000000000000227e+02,7.124400000000000000e+06
2.011071800000000000e+07,3.681000000000000227e+02,3.808999938964843750e+02,3.525000000000000000e+02,3.706999999999999886e+02,8.491400000000000000e+06
2.011072500000000000e+07,3.708999999999999773e+02,3.710000000000000000e+02,3.306000061035156250e+02,3.508999999999999773e+02,5.785900000000000000e+06
2.011080100000000000e+07,3.530000000000000000e+02,3.566000061035156250e+02,3.052999877929687500e+02,3.211000000000000227e+02,5.154100000000000000e+06
2.011080800000000000e+07,3.158999999999999773e+02,3.258999938964843750e+02,2.990000000000000000e+02,3.196999999999999886e+02,6.116200000000000000e+06
2.011081500000000000e+07,3.241000000000000227e+02,3.300000000000000000e+02,3.000000000000000000e+02,3.020000000000000000e+02,4.099800000000000000e+06
2.011082200000000000e+07,3.008999999999999773e+02,3.186000061035156250e+02,2.847000122070312500e+02,2.953000000000000114e+02,7.923900000000000000e+06
2.011090500000000000e+07,3.126999999999999886e+02,3.190000000000000000e+02,3.031000061035156250e+02,3.155000000000000000e+02,4.033000000000000000e+06
2.011091200000000000e+07,3.115000000000000000e+02,3.132500000000000000e+02,3.007999877929687500e+02,3.090000000000000000e+02,4.409000000000000000e+06
2.011091900000000000e+07,3.050000000000000000e+02,3.125000000000000000e+02,2.906000061035156250e+02,2.938999999999999773e+02,4.520400000000000000e+06
2.011092600000000000e+07,2.946000000000000227e+02,3.293999938964843750e+02,2.915000000000000000e+02,3.150000000000000000e+02,4.831700000000000000e+06
2.011100300000000000e+07,3.128999999999999773e+02,3.217999877929687500e+02,3.035000000000000000e+02,3.176999999999999886e+02,3.141200000000000000e+06
2.011101000000000000e+07,3.186000000000000227e+02,3.232000122070312500e+02,3.096000061035156250e+02,3.170000000000000000e+02,6.041000000000000000e+06
2.011101700000000000e+07,3.173000000000000114e+02,3.435000000000000000e+02,3.028999938964843750e+02,3.400000000000000000e+02,8.687000000000000000e+06
2.011102400000000000e+07,3.433000000000000114e+02,3.450000000000000000e+02,3.270000000000000000e+02,3.365000000000000000e+02,4.332600000000000000e+06
2.011103100000000000e+07,3.331000000000000227e+02,3.376000061035156250e+02,3.150000000000000000e+02,3.213999999999999773e+02,3.752100000000000000e+06
2.011110700000000000e+07,3.213999999999999773e+02,3.347999877929687500e+02,3.180000000000000000e+02,3.306999999999999886e+02,3.515300000000000000e+06
2.011111400000000000e+07,3.333000000000000114e+02,3.393949890136718750e+02,3.281000061035156250e+02,3.336000000000000227e+02,3.680500000000000000e+06
2.011112100000000000e+07,3.330000000000000000e+02,3.342000122070312500e+02,3.181000061035156250e+02,3.230000000000000000e+02,4.052100000000000000e+06
2.011112800000000000e+07,3.245000000000000000e+02,3.421000061035156250e+02,3.245000000000000000e+02,3.293999999999999773e+02,5.870000000000000000e+06
2.011120500000000000e+07,3.318999999999999773e+02,3.377999877929687500e+02,3.070000000000000000e+02,3.091000000000000227e+02,4.854000000000000000e+06
2.011121200000000000e+07,3.096000000000000227e+02,3.173999938964843750e+02,3.027999877929687500e+02,3.028000000000000114e+02,6.340800000000000000e+06
2.011121900000000000e+07,3.016000000000000227e+02,3.105000000000000000e+02,2.987000122070312500e+02,3.073999999999999773e+02,4.149300000000000000e+06
2.011122600000000000e+07,3.073999999999999773e+02,3.242000122070312500e+02,3.073999938964843750e+02,3.216999999999999886e+02,1.144200000000000000e+06
2.012010200000000000e+07,3.216999999999999886e+02,3.322000122070312500e+02,3.205000000000000000e+02,3.321999999999999886e+02,3.851400000000000000e+06
2.012010900000000000e+07,3.316999999999999886e+02,3.416000061035156250e+02,3.292000122070312500e+02,3.335000000000000000e+02,3.322400000000000000e+06
2.012011600000000000e+07,3.333999999999999773e+02,3.477999877929687500e+02,3.312000122070312500e+02,3.453000000000000114e+02,2.352100000000000000e+06
2.012012300000000000e+07,3.458999999999999773e+02,3.597999877929687500e+02,3.350000000000000000e+02,3.446000000000000227e+02,4.027400000000000000e+06
2.012013000000000000e+07,3.443999999999999773e+02,3.697000122070312500e+02,3.378999938964843750e+02,3.696999999999999886e+02,3.439200000000000000e+06
2.012020600000000000e+07,3.688000000000000114e+02,3.760000000000000000e+02,3.636000061035156250e+02,3.751999999999999886e+02,3.043100000000000000e+06
2.012021300000000000e+07,3.758999999999999773e+02,3.836000061035156250e+02,3.717999877929687500e+02,3.743999999999999773e+02,3.059900000000000000e+06
2.012022000000000000e+07,3.755000000000000000e+02,3.847999877929687500e+02,3.727999877929687500e+02,3.781999999999999886e+02,2.771700000000000000e+06
2.012022700000000000e+07,3.776000000000000227e+02,3.862000122070312500e+02,3.707000122070312500e+02,3.850000000000000000e+02,2.398500000000000000e+06
2.012030500000000000e+07,3.845000000000000000e+02,3.930000000000000000e+02,3.752999877929687500e+02,3.841999999999999886e+02,3.675000000000000000e+06
2.012031200000000000e+07,3.840000000000000000e+02,3.922999877929687500e+02,3.751000061035156250e+02,3.761000000000000227e+02,4.306700000000000000e+06
2.012031900000000000e+07,3.766000000000000227e+02,3.878999938964843750e+02,3.752000122070312500e+02,3.871999999999999886e+02,3.551600000000000000e+06
2.012032600000000000e+07,3.873999999999999773e+02,4.025000000000000000e+02,3.782999877929687500e+02,3.846999999999999886e+02,4.374400000000000000e+06
2.012040200000000000e+07,3.846999999999999886e+02,3.910000000000000000e+02,3.777999877929687500e+02,3.800000000000000000e+02,4.334800000000000000e+06
2.012040900000000000e+07,3.800000000000000000e+02,3.933999938964843750e+02,3.746000061035156250e+02,3.870000000000000000e+02,2.956200000000000000e+06
2.012041600000000000e+07,3.871000000000000227e+02,3.933999938964843750e+02,3.841000061035156250e+02,3.933999999999999773e+02,3.457600000000000000e+06
2.012042300000000000e+07,3.925000000000000000e+02,3.958999938964843750e+02,3.820000000000000000e+02,3.873000000000000114e+02,3.483500000000000000e+06
2.012043000000000000e+07,3.871000000000000227e+02,3.881000061035156250e+02,3.645000000000000000e+02,3.645000000000000000e+02,5.534900000000000000e+06
2.012050700000000000e+07,3.645000000000000000e+02,3.667000122070312500e+02,3.497999877929687500e+02,3.656000000000000227e+02,4.236800000000000000e+06
2.012051400000000000e+07,3.628999999999999773e+02,3.635000000000000000e+02,3.385000000000000000e+02,3.390000000000000000e+02,3.360800000000000000e+06
2.012052100000000000e+07,3.416000000000000227e+02,3.568999938964843750e+02,3.380000000000000000e+02,3.460000000000000000e+02,4.889600000000000000e+06
2.012052800000000000e+07,3.456000000000000227e+02,3.487000122070312500e+02,3.212000122070312500e+02,3.220000000000000000e+02,4.471700000000000000e+06
2.012060400000000000e+07,3.220000000000000000e+02,3.270000000000000000e+02,3.202000122070312500e+02,3.236999999999999886e+02,1.774400000000000000e+06
2.012061100000000000e+07,3.273000000000000114e+02,3.297000122070312500e+02,3.095000000000000000e+02,3.151000000000000227e+02,4.648300000000000000e+06
2.012061800000000000e+07,3.176999999999999886e+02,3.350230102539062500e+02,3.106000061035156250e+02,3.291000000000000227e+02,3.785800000000000000e+06
2.012062500000000000e+07,3.288999999999999773e+02,3.320000000000000000e+02,3.196000061035156250e+02,3.298999999999999773e+02,4.105800000000000000e+06
2.012070200000000000e+07,3.308000000000000114e+02,3.355000000000000000e+02,2.937999877929687500e+02,3.030000000000000000e+02,1.129640000000000000e+07
2.012070900000000000e+07,3.036000000000000227e+02,3.036000061035156250e+02,2.500000000000000000e+02,2.731000000000000227e+02,1.761930000000000000e+07
2.012071600000000000e+07,2.721000000000000227e+02,2.972000122070312500e+02,2.721000061035156250e+02,2.960000000000000000e+02,1.080290000000000000e+07
2.012072300000000000e+07,2.938999999999999773e+02,3.012000122070312500e+02,2.891000061035156250e+02,3.000000000000000000e+02,4.692300000000000000e+06
2.012073000000000000e+07,3.011999999999999886e+02,3.151000061035156250e+02,2.981000061035156250e+02,3.130000000000000000e+02,4.598900000000000000e+06
2.012080600000000000e+07,3.133999999999999773e+02,3.208999938964843750e+02,3.128359985351562500e+02,3.181999999999999886e+02,3.921900000000000000e+06
2.012081300000000000e+07,3.178000000000000114e+02,3.200000000000000000e+02,3.077000122070312500e+02,3.160000000000000000e+02,1.101440000000000000e+07
2.012082000000000000e+07,3.165000000000000000e+02,3.205960083007812500e+02,3.067000122070312500e+02,3.098999999999999773e+02,5.034700000000000000e+06
2.012082700000000000e+07,3.098999999999999773e+02,3.221000061035156250e+02,3.097000122070312500e+02,3.196000000000000227e+02,3.288500000000000000e+06
2.012090300000000000e+07,3.193000000000000114e+02,3.830000000000000000e+02,3.178059997558593750e+02,3.560000000000000000e+02,1.396300000000000000e+07
2.012091000000000000e+07,3.501999999999999886e+02,3.690000000000000000e+02,3.502000122070312500e+02,3.683000000000000114e+02,3.839100000000000000e+06
2.012091700000000000e+07,3.613999999999999773e+02,3.698999938964843750e+02,3.600000000000000000e+02,3.640000000000000000e+02,3.578600000000000000e+06
2.012092400000000000e+07,3.721999999999999886e+02,3.722000122070312500e+02,3.597000122070312500e+02,3.641000000000000227e+02,1.829600000000000000e+06
2.012100100000000000e+07,3.653999999999999773e+02,3.741000061035156250e+02,3.601000061035156250e+02,3.738000000000000114e+02,3.065700000000000000e+06
2.012100800000000000e+07,3.700000000000000000e+02,3.723999938964843750e+02,3.563999938964843750e+02,3.570000000000000000e+02,2.816400000000000000e+06
2.012101500000000000e+07,3.586999999999999886e+02,3.612000122070312500e+02,3.487999877929687500e+02,3.518000000000000114e+02,3.854800000000000000e+06
2.012102200000000000e+07,3.518000000000000114e+02,3.637000122070312500e+02,3.465000000000000000e+02,3.611000000000000227e+02,2.291500000000000000e+06
2.012102900000000000e+07,3.610000000000000000e+02,3.712999877929687500e+02,3.555899963378906250e+02,3.706999999999999886e+02,2.309900000000000000e+06
2.012110500000000000e+07,3.676000000000000227e+02,3.690000000000000000e+02,3.588999938964843750e+02,3.656000000000000227e+02,2.633100000000000000e+06
2.012111200000000000e+07,3.630000000000000000e+02,3.947999877929687500e+02,3.630000000000000000e+02,3.910000000000000000e+02,5.765900000000000000e+06
2.012111900000000000e+07,3.928000000000000114e+02,4.078999938964843750e+02,3.912999877929687500e+02,4.040000000000000000e+02,4.087000000000000000e+06
2.012112600000000000e+07,4.111000000000000227e+02,4.111000061035156250e+02,3.938999938964843750e+02,3.960000000000000000e+02,4.087200000000000000e+06
2.012120300000000000e+07,3.970000000000000000e+02,4.017999877929687500e+02,3.850000000000000000e+02,3.910000000000000000e+02,3.298600000000000000e+06
2.012121000000000000e+07,3.890000000000000000e+02,3.966000061035156250e+02,3.864670104980468750e+02,3.936000000000000227e+02,2.610900000000000000e+06
2.012121700000000000e+07,3.930000000000000000e+02,4.101000061035156250e+02,3.926000061035156250e+02,4.015000000000000000e+02,2.786200000000000000e+06
2.012122400000000000e+07,3.996000000000000227e+02,4.053500061035156250e+02,3.963559875488281250e+02,4.028999999999999773e+02,7.028000000000000000e+05
2.012123100000000000e+07,4.011999999999999886e+02,4.202999877929687500e+02,3.979079895019531250e+02,4.056000000000000227e+02,1.762000000000000000e+06
2.013010700000000000e+07,4.021000000000000227e+02,4.150000000000000000e+02,4.012999877929687500e+02,4.120000000000000000e+02,1.911800000000000000e+06
2.013011400000000000e+07,4.173999999999999773e+02,4.357999877929687500e+02,4.091000061035156250e+02,4.293000000000000114e+02,2.695800000000000000e+06
2.013012100000000000e+07,4.313999999999999773e+02,4.496000061035156250e+02,4.222000122070312500e+02,4.485000000000000000e+02,3.412500000000000000e+06
2.013012800000000000e+07,4.485000000000000000e+02,4.727000122070312500e+02,4.385000000000000000e+02,4.550000000000000000e+02,4.207800000000000000e+06
2.013020400000000000e+07,4.570000000000000000e+02,4.570299987792968750e+02,4.448999938964843750e+02,4.568000000000000114e+02,1.243700000000000000e+06
2.013021100000000000e+07,4.560000000000000000e+02,4.622999877929687500e+02,3.830000000000000000e+02,4.038999999999999773e+02,1.543510000000000000e+07
2.013021800000000000e+07,4.040000000000000000e+02,4.267130126953125000e+02,3.876000061035156250e+02,4.250000000000000000e+02,5.716400000000000000e+06
2.013022500000000000e+07,4.205000000000000000e+02,4.298999938964843750e+02,4.087000122070312500e+02,4.280000000000000000e+02,2.315000000000000000e+06
2.013030400000000000e+07,4.285000000000000000e+02,4.312999877929687500e+02,4.170450134277343750e+02,4.241000000000000227e+02,2.116100000000000000e+06
2.013031100000000000e+07,4.228000000000000114e+02,4.359819946289062500e+02,4.186300048828125000e+02,4.288000000000000114e+02,2.757000000000000000e+06
2.013031800000000000e+07,4.241000000000000227e+02,4.400000000000000000e+02,4.173229980468750000e+02,4.350000000000000000e+02,1.666100000000000000e+06
2.013032500000000000e+07,4.371999999999999886e+02,4.457000122070312500e+02,4.350000000000000000e+02,4.443999999999999773e+02,1.335200000000000000e+06
2.013040100000000000e+07,4.443999999999999773e+02,4.507000122070312500e+02,4.358999938964843750e+02,4.380000000000000000e+02,1.669100000000000000e+06
2.013040800000000000e+07,4.350000000000000000e+02,4.580000000000000000e+02,4.350000000000000000e+02,4.485000000000000000e+02,2.213100000000000000e+06
2.013041500000000000e+07,4.485000000000000000e+02,4.485000000000000000e+02,4.350000000000000000e+02,4.386999999999999886e+02,1.705400000000000000e+06
2.013042200000000000e+07,4.408999999999999773e+02,4.461000061035156250e+02,4.345000000000000000e+02,4.410000000000000000e+02,2.241100000000000000e+06
2.013042900000000000e+07,4.420000000000000000e+02,4.600000000000000000e+02,4.377999877929687500e+02,4.563000000000000114e+02,3.482300000000000000e+06
2.013050600000000000e+07,4.563000000000000114e+02,4.642000122070312500e+02,4.467999877929687500e+02,4.616000000000000227e+02,1.888500000000000000e+06
2.013051300000000000e+07,4.586999999999999886e+02,4.703999938964843750e+02,4.498999938964843750e+02,4.681999999999999886e+02,1.758400000000000000e+06
2.013052000000000000e+07,4.718999999999999773e+02,5.360000000000000000e+02,4.655000000000000000e+02,5.190000000000000000e+02,5.378800000000000000e+06
2.013052700000000000e+07,5.190000000000000000e+02,5.340000000000000000e+02,5.000000000000000000e+02,5.300000000000000000e+02,2.751500000000000000e+06
2.013060300000000000e+07,5.315000000000000000e+02,5.340000000000000000e+02,5.035000000000000000e+02,5.090000000000000000e+02,4.019700000000000000e+06
2.013061000000000000e+07,5.090000000000000000e+02,5.235000000000000000e+02,4.597999877929687500e+02,4.971999999999999886e+02,6.684900000000000000e+06
2.013061700000000000e+07,4.938999999999999773e+02,5.155000000000000000e+02,4.820000000000000000e+02,4.946999999999999886e+02,3.012500000000000000e+06
2.013062400000000000e+07,5.000000000000000000e+02,5.150000000000000000e+02,4.670000000000000000e+02,5.130000000000000000e+02,3.989900000000000000e+06
2.013070100000000000e+07,5.150000000000000000e+02,5.195000000000000000e+02,4.901000061035156250e+02,5.105000000000000000e+02,2.497500000000000000e+06
2.013070800000000000e+07,5.135000000000000000e+02,5.305000000000000000e+02,4.920000000000000000e+02,5.085000000000000000e+02,4.120200000000000000e+06
2.013071500000000000e+07,5.105000000000000000e+02,5.230000000000000000e+02,5.040000000000000000e+02,5.155000000000000000e+02,3.840300000000000000e+06
2.013072200000000000e+07,5.175000000000000000e+02,5.235000000000000000e+02,5.020000000000000000e+02,5.200000000000000000e+02,2.873300000000000000e+06
2.013072900000000000e+07,5.220000000000000000e+02,5.540000000000000000e+02,5.175000000000000000e+02,5.530000000000000000e+02,3.458900000000000000e+06
2.013080500000000000e+07,5.520000000000000000e+02,5.705000000000000000e+02,5.516500244140625000e+02,5.600000000000000000e+02,3.272800000000000000e+06
2.013081200000000000e+07,5.590000000000000000e+02,5.640000000000000000e+02,5.400000000000000000e+02,5.435000000000000000e+02,1.980900000000000000e+06
2.013081900000000000e+07,5.450000000000000000e+02,5.820000000000000000e+02,5.435150146484375000e+02,5.725000000000000000e+02,3.459800000000000000e+06
2.013082600000000000e+07,5.725000000000000000e+02,5.800000000000000000e+02,5.575000000000000000e+02,5.735000000000000000e+02,2.700300000000000000e+06
2.013090200000000000e+07,5.735000000000000000e+02,5.880000000000000000e+02,5.665000000000000000e+02,5.780000000000000000e+02,2.946300000000000000e+06
2.013090900000000000e+07,5.790000000000000000e+02,5.945000000000000000e+02,5.675000000000000000e+02,5.760000000000000000e+02,3.311300000000000000e+06
2.013091600000000000e+07,5.805000000000000000e+02,5.950000000000000000e+02,5.545000000000000000e+02,5.545000000000000000e+02,4.352800000000000000e+06
2.013092300000000000e+07,5.700000000000000000e+02,5.860000000000000000e+02,5.650000000000000000e+02,5.750000000000000000e+02,2.204000000000000000e+06
2.013093000000000000e+07,5.710000000000000000e+02,5.820000000000000000e+02,5.675000000000000000e+02,5.770000000000000000e+02,1.837100000000000000e+06
2.013100700000000000e+07,5.765000000000000000e+02,5.800000000000000000e+02,5.485000000000000000e+02,5.755000000000000000e+02,2.635500000000000000e+06
2.013101400000000000e+07,5.740000000000000000e+02,6.215000000000000000e+02,5.720000000000000000e+02,6.080000000000000000e+02,3.637900000000000000e+06
2.013102100000000000e+07,6.095000000000000000e+02,6.225000000000000000e+02,5.960000000000000000e+02,6.105000000000000000e+02,2.805800000000000000e+06
2.013102800000000000e+07,6.120000000000000000e+02,6.260000000000000000e+02,6.080000000000000000e+02,6.100000000000000000e+02,2.830100000000000000e+06
2.013110400000000000e+07,6.120000000000000000e+02,6.175000000000000000e+02,5.955000000000000000e+02,6.005000000000000000e+02,2.130800000000000000e+06
2.013111100000000000e+07,6.020000000000000000e+02,6.030999755859375000e+02,5.830000000000000000e+02,5.950000000000000000e+02,1.813600000000000000e+06
2.013111800000000000e+07,5.970000000000000000e+02,6.100000000000000000e+02,5.905000000000000000e+02,5.990000000000000000e+02,1.659500000000000000e+06
2.013112500000000000e+07,6.020000000000000000e+02,6.835000000000000000e+02,5.990000000000000000e+02,6.760000000000000000e+02,6.122700000000000000e+06
2.013120200000000000e+07,6.760000000000000000e+02,6.850000000000000000e+02,6.525000000000000000e+02,6.645000000000000000e+02,4.154900000000000000e+06
2.013120900000000000e+07,6.675000000000000000e+02,6.770000000000000000e+02,6.670000000000000000e+02,6.700000000000000000e+02,2.218200000000000000e+06
2.013121600000000000e+07,6.685000000000000000e+02,7.006400146484375000e+02,6.680000000000000000e+02,6.825000000000000000e+02,3.168000000000000000e+06
2.013122300000000000e+07,6.795000000000000000e+02,6.960999755859375000e+02,6.795000000000000000e+02,6.945000000000000000e+02,4.654000000000000000e+05
2.013123000000000000e+07,6.945000000000000000e+02,6.960000000000000000e+02,6.775000000000000000e+02,6.920000000000000000e+02,1.666700000000000000e+06
2.014010600000000000e+07,6.885000000000000000e+02,7.050000000000000000e+02,6.825000000000000000e+02,6.895000000000000000e+02,2.246000000000000000e+06
2.014011300000000000e+07,6.880000000000000000e+02,7.070000000000000000e+02,6.800000000000000000e+02,6.990000000000000000e+02,2.713200000000000000e+06
2.014012000000000000e+07,6.970000000000000000e+02,6.995000000000000000e+02,6.800000000000000000e+02,6.995000000000000000e+02,2.133700000000000000e+06
2.014012700000000000e+07,6.975000000000000000e+02,7.180000000000000000e+02,6.815000000000000000e+02,6.930000000000000000e+02,3.436300000000000000e+06
2.014020300000000000e+07,6.945000000000000000e+02,7.260000000000000000e+02,6.880000000000000000e+02,7.125000000000000000e+02,3.145500000000000000e+06
2.014021000000000000e+07,7.135000000000000000e+02,7.350000000000000000e+02,7.010000000000000000e+02,7.235000000000000000e+02,2.071200000000000000e+06
2.014021700000000000e+07,7.265000000000000000e+02,7.515000000000000000e+02,7.185000000000000000e+02,7.500000000000000000e+02,2.189900000000000000e+06
2.014022400000000000e+07,7.460000000000000000e+02,7.840000000000000000e+02,7.405000000000000000e+02,7.775000000000000000e+02,2.201800000000000000e+06
2.014030300000000000e+07,7.725000000000000000e+02,7.725000000000000000e+02,7.293300170898437500e+02,7.320000000000000000e+02,2.249100000000000000e+06
2.014031000000000000e+07,7.280000000000000000e+02,7.475000000000000000e+02,7.235000000000000000e+02,7.270000000000000000e+02,1.548900000000000000e+06
2.014031700000000000e+07,7.320000000000000000e+02,7.460000000000000000e+02,7.070000000000000000e+02,7.200000000000000000e+02,4.887300000000000000e+06
2.014032400000000000e+07,7.185000000000000000e+02,7.475000000000000000e+02,7.115000000000000000e+02,7.295000000000000000e+02,1.296200000000000000e+06
2.014033100000000000e+07,7.350000000000000000e+02,7.500000000000000000e+02,7.215000000000000000e+02,7.380000000000000000e+02,1.714300000000000000e+06
2.014040700000000000e+07,7.350000000000000000e+02,7.395000000000000000e+02,6.845000000000000000e+02,6.900000000000000000e+02,2.241700000000000000e+06
2.014041400000000000e+07,6.885000000000000000e+02,7.520000000000000000e+02,6.740700073242187500e+02,7.470000000000000000e+02,2.620100000000000000e+06
2.014042100000000000e+07,7.470000000000000000e+02,7.520000000000000000e+02,7.310000000000000000e+02,7.310000000000000000e+02,1.284600000000000000e+06
2.014042800000000000e+07,7.295000000000000000e+02,7.535000000000000000e+02,7.048499755859375000e+02,7.400000000000000000e+02,1.646800000000000000e+06
2.014050500000000000e+07,7.400000000000000000e+02,7.435000000000000000e+02,7.205000000000000000e+02,7.290000000000000000e+02,9.540000000000000000e+05
2.014051200000000000e+07,7.305000000000000000e+02,7.340000000000000000e+02,6.890000000000000000e+02,6.940000000000000000e+02,1.815800000000000000e+06
2.014051900000000000e+07,6.955000000000000000e+02,7.630000000000000000e+02,6.850999755859375000e+02,7.470599999999999454e+02,3.015200000000000000e+06
2.014052600000000000e+07,7.470599999999999454e+02,7.607800292968750000e+02,7.360000000000000000e+02,7.465000000000000000e+02,1.386800000000000000e+06
2.014060200000000000e+07,7.495000000000000000e+02,7.660000000000000000e+02,7.455000000000000000e+02,7.655000000000000000e+02,2.177700000000000000e+06
2.014060900000000000e+07,7.595000000000000000e+02,7.740000000000000000e+02,7.520000000000000000e+02,7.535000000000000000e+02,1.799800000000000000e+06
2.014061600000000000e+07,7.535000000000000000e+02,7.535000000000000000e+02,7.343599853515625000e+02,7.350000000000000000e+02,1.924500000000000000e+06
2.014062300000000000e+07,7.330000000000000000e+02,7.395000000000000000e+02,7.040000000000000000e+02,7.250000000000000000e+02,3.814400000000000000e+06
2.014063000000000000e+07,7.270000000000000000e+02,7.495000000000000000e+02,7.243750000000000000e+02,7.435000000000000000e+02,1.534600000000000000e+06
2.014070700000000000e+07,7.395000000000000000e+02,7.412999877929687500e+02,6.935000000000000000e+02,6.985000000000000000e+02,1.549400000000000000e+06
2.014071400000000000e+07,7.035000000000000000e+02,7.205000000000000000e+02,6.930000000000000000e+02,7.060000000000000000e+02,1.578800000000000000e+06
2.014072100000000000e+07,7.095000000000000000e+02,7.420000000000000000e+02,6.980000000000000000e+02,7.100000000000000000e+02,2.205500000000000000e+06
2.014072800000000000e+07,7.110000000000000000e+02,7.195000000000000000e+02,6.765000000000000000e+02,6.825000000000000000e+02,1.359300000000000000e+06
2.014080400000000000e+07,6.840000000000000000e+02,7.000000000000000000e+02,6.740000000000000000e+02,6.765000000000000000e+02,1.337900000000000000e+06
2.014081100000000000e+07,6.805000000000000000e+02,7.130000000000000000e+02,6.805000000000000000e+02,6.980000000000000000e+02,1.069400000000000000e+06
2.014081800000000000e+07,7.040000000000000000e+02,7.165000000000000000e+02,6.965000000000000000e+02,7.095000000000000000e+02,8.103000000000000000e+05
2.014082500000000000e+07,7.095000000000000000e+02,7.170000000000000000e+02,6.805000000000000000e+02,6.860000000000000000e+02,1.203900000000000000e+06
2.014090100000000000e+07,6.925000000000000000e+02,7.180000000000000000e+02,6.840000000000000000e+02,7.105000000000000000e+02,1.043000000000000000e+06
2.014090800000000000e+07,7.045000000000000000e+02,7.090200195312500000e+02,6.670000000000000000e+02,6.860000000000000000e+02,2.210200000000000000e+06
2.014091500000000000e+07,6.805000000000000000e+02,7.080000000000000000e+02,6.745000000000000000e+02,6.915000000000000000e+02,2.305200000000000000e+06
2.014092200000000000e+07,6.880000000000000000e+02,7.010000000000000000e+02,6.590000000000000000e+02,6.710000000000000000e+02,2.006000000000000000e+06
2.014092900000000000e+07,6.665000000000000000e+02,6.795000000000000000e+02,6.480000000000000000e+02,6.660000000000000000e+02,2.105600000000000000e+06
2.014100600000000000e+07,6.700000000000000000e+02,6.840000000000000000e+02,6.180000000000000000e+02,6.345000000000000000e+02,3.142500000000000000e+06
2.014101300000000000e+07,6.270000000000000000e+02,6.470000000000000000e+02,6.007199707031250000e+02,6.230000000000000000e+02,3.456800000000000000e+06
2.014102000000000000e+07,6.250000000000000000e+02,6.600000000000000000e+02,6.130000000000000000e+02,6.425000000000000000e+02,3.305300000000000000e+06
2.014102700000000000e+07,6.535000000000000000e+02,6.845000000000000000e+02,6.435000000000000000e+02,6.805000000000000000e+02,2.175100000000000000e+06
2.014110300000000000e+07,6.825000000000000000e+02,6.830000000000000000e+02,6.635000000000000000e+02,6.725000000000000000e+02,1.944900000000000000e+06
2.014111000000000000e+07,6.730000000000000000e+02,6.890000000000000000e+02,6.693460083007812500e+02,6.880000000000000000e+02,1.445800000000000000e+06
2.014111700000000000e+07,6.840000000000000000e+02,6.950000000000000000e+02,6.710000000000000000e+02,6.925000000000000000e+02,1.566000000000000000e+06
2.014112400000000000e+07,6.855000000000000000e+02,7.130000000000000000e+02,6.450000000000000000e+02,6.635000000000000000e+02,4.907500000000000000e+06
2.014120100000000000e+07,6.580000000000000000e+02,6.950000000000000000e+02,6.525000000000000000e+02,6.915000000000000000e+02,5.123300000000000000e+06
2.014120800000000000e+07,6.960000000000000000e+02,6.970000000000000000e+02,6.583330078125000000e+02,6.585000000000000000e+02,2.732200000000000000e+06
2.014121500000000000e+07,6.580000000000000000e+02,6.665000000000000000e+02,6.375000000000000000e+02,6.660000000000000000e+02,3.310700000000000000e+06
2.014122200000000000e+07,6.665000000000000000e+02,6.830000000000000000e+02,6.665000000000000000e+02,6.730000000000000000e+02,5.105000000000000000e+05
2.014122900000000000e+07,6.900000000000000000e+02,6.900000000000000000e+02,6.595000000000000000e+02,6.670000000000000000e+02,6.668000000000000000e+05
2.015010500000000000e+07,6.580000000000000000e+02,6.750000000000000000e+02,6.445000000000000000e+02,6.620000000000000000e+02,2.355200000000000000e+06
2.015011200000000000e+07,6.630000000000000000e+02,6.820000000000000000e+02,6.500000000000000000e+02,6.510000000000000000e+02,2.808300000000000000e+06
2.015011900000000000e+07,6.515000000000000000e+02,6.755000000000000000e+02,6.475000000000000000e+02,6.500000000000000000e+02,3.786700000000000000e+06
2.015012600000000000e+07,6.535000000000000000e+02,7.135000000000000000e+02,6.380000000000000000e+02,7.045000000000000000e+02,3.900100000000000000e+06
2.015020200000000000e+07,7.095000000000000000e+02,7.545000000000000000e+02,7.045000000000000000e+02,7.320000000000000000e+02,4.266200000000000000e+06
2.015020900000000000e+07,7.320000000000000000e+02,7.435000000000000000e+02,7.183599853515625000e+02,7.320000000000000000e+02,2.268400000000000000e+06
2.015021600000000000e+07,7.295000000000000000e+02,7.532500000000000000e+02,7.250000000000000000e+02,7.475000000000000000e+02,2.118000000000000000e+06
2.015022300000000000e+07,7.530000000000000000e+02,7.725000000000000000e+02,7.470000000000000000e+02,7.650000000000000000e+02,2.135300000000000000e+06
2.015030200000000000e+07,7.625000000000000000e+02,7.880000000000000000e+02,7.530000000000000000e+02,7.755000000000000000e+02,1.553900000000000000e+06
2.015030900000000000e+07,7.725000000000000000e+02,7.745000000000000000e+02,7.370000000000000000e+02,7.400000000000000000e+02,1.672900000000000000e+06
2.015031600000000000e+07,7.395000000000000000e+02,7.750000000000000000e+02,7.345000000000000000e+02,7.625000000000000000e+02,2.973000000000000000e+06
2.015032300000000000e+07,7.680000000000000000e+02,7.810000000000000000e+02,7.425000000000000000e+02,7.455000000000000000e+02,1.733100000000000000e+06
2.015033000000000000e+07,7.510000000000000000e+02,7.560000000000000000e+02,7.315000000000000000e+02,7.460000000000000000e+02,1.160900000000000000e+06
2.015040600000000000e+07,7.460000000000000000e+02,7.655000000000000000e+02,7.435000000000000000e+02,7.645000000000000000e+02,1.689500000000000000e+06
2.015041300000000000e+07,7.645000000000000000e+02,7.710000000000000000e+02,7.460000000000000000e+02,7.500000000000000000e+02,1.500700000000000000e+06
2.015042000000000000e+07,7.535000000000000000e+02,7.590000000000000000e+02,7.230000000000000000e+02,7.445000000000000000e+02,2.412000000000000000e+06
2.015042700000000000e+07,7.460000000000000000e+02,7.595000000000000000e+02,7.215000000000000000e+02,7.240000000000000000e+02,1.839700000000000000e+06
2.015050400000000000e+07,7.240000000000000000e+02,7.570000000000000000e+02,7.070000000000000000e+02,7.505000000000000000e+02,3.152400000000000000e+06
2.015051100000000000e+07,7.520000000000000000e+02,7.650000000000000000e+02,7.415000000000000000e+02,7.545000000000000000e+02,2.833100000000000000e+06
2.015051800000000000e+07,7.560000000000000000e+02,7.750000000000000000e+02,7.240000000000000000e+02,7.405000000000000000e+02,3.411800000000000000e+06
2.015052500000000000e+07,7.405000000000000000e+02,7.560000000000000000e+02,7.320000000000000000e+02,7.325000000000000000e+02,2.690500000000000000e+06
2.015060100000000000e+07,7.390000000000000000e+02,7.615000000000000000e+02,7.250000000000000000e+02,7.265000000000000000e+02,3.072800000000000000e+06
2.015060800000000000e+07,7.300000000000000000e+02,7.360000000000000000e+02,7.160000000000000000e+02,7.205000000000000000e+02,2.661800000000000000e+06
2.015061500000000000e+07,7.160000000000000000e+02,7.255000000000000000e+02,7.055000000000000000e+02,7.155000000000000000e+02,2.395900000000000000e+06
2.015062200000000000e+07,7.200000000000000000e+02,7.360000000000000000e+02,7.170000000000000000e+02,7.210000000000000000e+02,2.723400000000000000e+06
2.015062900000000000e+07,7.120000000000000000e+02,7.345000000000000000e+02,7.080000000000000000e+02,7.140000000000000000e+02,2.791500000000000000e+06
2.015070600000000000e+07,7.050000000000000000e+02,7.235000000000000000e+02,6.975000000000000000e+02,7.175000000000000000e+02,2.318300000000000000e+06
2.015071300000000000e+07,7.240000000000000000e+02,7.430000000000000000e+02,7.100000000000000000e+02,7.425000000000000000e+02,2.505400000000000000e+06
2.015072000000000000e+07,7.415000000000000000e+02,7.485000000000000000e+02,7.130000000000000000e+02,7.150000000000000000e+02,3.353900000000000000e+06
2.015072700000000000e+07,7.130000000000000000e+02,7.145000000000000000e+02,6.785000000000000000e+02,6.865000000000000000e+02,3.577600000000000000e+06
2.015080300000000000e+07,6.865000000000000000e+02,7.005000000000000000e+02,6.830000000000000000e+02,6.850000000000000000e+02,3.005900000000000000e+06
2.015081000000000000e+07,6.865000000000000000e+02,6.905000000000000000e+02,6.754749755859375000e+02,6.895000000000000000e+02,3.746400000000000000e+06
2.015081700000000000e+07,6.915000000000000000e+02,6.920000000000000000e+02,6.645000000000000000e+02,6.645000000000000000e+02,1.865300000000000000e+06
2.015082400000000000e+07,6.550000000000000000e+02,6.695000000000000000e+02,6.320000000000000000e+02,6.695000000000000000e+02,3.525200000000000000e+06
2.015083100000000000e+07,6.695000000000000000e+02,6.745000000000000000e+02,6.485000000000000000e+02,6.580000000000000000e+02,2.036700000000000000e+06
2.015090700000000000e+07,6.615000000000000000e+02,6.735000000000000000e+02,6.520000000000000000e+02,6.570000000000000000e+02,1.533500000000000000e+06
2.015091400000000000e+07,6.560000000000000000e+02,6.750000000000000000e+02,6.489000244140625000e+02,6.645000000000000000e+02,4.012800000000000000e+06
2.015092100000000000e+07,6.605000000000000000e+02,6.770000000000000000e+02,6.455000000000000000e+02,6.770000000000000000e+02,2.791500000000000000e+06
2.015092800000000000e+07,6.770000000000000000e+02,6.950000000000000000e+02,6.614400024414062500e+02,6.810000000000000000e+02,2.628400000000000000e+06
2.015100500000000000e+07,6.875000000000000000e+02,7.025000000000000000e+02,6.850000000000000000e+02,6.930000000000000000e+02,1.923200000000000000e+06
2.015101200000000000e+07,6.935000000000000000e+02,6.975000000000000000e+02,6.770000000000000000e+02,6.780000000000000000e+02,1.902900000000000000e+06
2.015101900000000000e+07,6.770000000000000000e+02,6.995000000000000000e+02,6.750000000000000000e+02,6.930000000000000000e+02,2.375700000000000000e+06
2.015102600000000000e+07,6.900000000000000000e+02,7.000000000000000000e+02,6.815000000000000000e+02,6.990000000000000000e+02,1.764700000000000000e+06
2.015110200000000000e+07,6.935000000000000000e+02,7.035000000000000000e+02,6.910000000000000000e+02,7.030000000000000000e+02,1.821100000000000000e+06
2.015110900000000000e+07,7.005000000000000000e+02,7.175000000000000000e+02,6.895000000000000000e+02,7.105000000000000000e+02,1.854300000000000000e+06
2.015111600000000000e+07,7.040000000000000000e+02,7.280000000000000000e+02,7.030000000000000000e+02,7.275000000000000000e+02,1.788200000000000000e+06
2.015112300000000000e+07,7.365000000000000000e+02,7.365000000000000000e+02,6.980000000000000000e+02,7.130000000000000000e+02,4.654700000000000000e+06
2.015113000000000000e+07,7.120000000000000000e+02,7.250000000000000000e+02,6.925000000000000000e+02,7.025000000000000000e+02,3.303300000000000000e+06
2.015120700000000000e+07,7.075000000000000000e+02,7.120000000000000000e+02,6.825000000000000000e+02,6.845000000000000000e+02,2.687900000000000000e+06
2.015121400000000000e+07,6.970000000000000000e+02,7.195000000000000000e+02,6.835000000000000000e+02,7.150000000000000000e+02,4.252400000000000000e+06
2.015122100000000000e+07,7.150000000000000000e+02,7.255000000000000000e+02,6.690999755859375000e+02,7.185000000000000000e+02,1.807400000000000000e+06
2.015122800000000000e+07,7.185000000000000000e+02,7.405000000000000000e+02,7.120000000000000000e+02,7.185000000000000000e+02,1.217100000000000000e+06
2.016010400000000000e+07,7.235000000000000000e+02,7.350000000000000000e+02,7.100000000000000000e+02,7.110000000000000000e+02,3.044500000000000000e+06
2.016011100000000000e+07,7.075000000000000000e+02,7.157500000000000000e+02,6.820000000000000000e+02,6.895000000000000000e+02,4.077300000000000000e+06
2.016011800000000000e+07,6.890000000000000000e+02,6.927000122070312500e+02,6.655000000000000000e+02,6.750000000000000000e+02,3.522100000000000000e+06
2.016012500000000000e+07,6.725000000000000000e+02,7.230000000000000000e+02,6.680000000000000000e+02,7.220000000000000000e+02,4.853100000000000000e+06
2.016020100000000000e+07,7.270000000000000000e+02,7.300000000000000000e+02,6.725000000000000000e+02,6.725000000000000000e+02,3.886400000000000000e+06
2.016020800000000000e+07,6.730000000000000000e+02,6.760000000000000000e+02,6.390000000000000000e+02,6.495000000000000000e+02,3.066000000000000000e+06
2.016021500000000000e+07,6.625000000000000000e+02,6.940000000000000000e+02,6.605000000000000000e+02,6.845000000000000000e+02,2.750400000000000000e+06
2.016022200000000000e+07,6.870000000000000000e+02,7.090000000000000000e+02,6.800000000000000000e+02,6.945000000000000000e+02,1.992600000000000000e+06
