2.004030100000000000e+07,2.430000000000000000e+02,2.649899902343750000e+02,2.410500030517578125e+02,2.460000000000000000e+02,6.711700000000000000e+06
2.004030800000000000e+07,2.470000000000000000e+02,2.499499969482421875e+02,2.250000000000000000e+02,2.375000000000000000e+02,8.131100000000000000e+06
2.004031500000000000e+07,2.350000000000000000e+02,2.390000000000000000e+02,2.250000000000000000e+02,2.375000000000000000e+02,4.251300000000000000e+06
2.004032200000000000e+07,2.360000000000000000e+02,2.402899932861328125e+02,2.250000000000000000e+02,2.300000000000000000e+02,3.569100000000000000e+06
2.004032900000000000e+07,2.310000000000000000e+02,2.515000000000000000e+02,2.280000000000000000e+02,2.480000000000000000e+02,9.171000000000000000e+05
2.004040500000000000e+07,2.550000000000000000e+02,2.633099975585937500e+02,2.400000000000000000e+02,2.440000000000000000e+02,4.767200000000000000e+06
2.004041200000000000e+07,2.440000000000000000e+02,2.470000000000000000e+02,2.280000000000000000e+02,2.335000000000000000e+02,1.538800000000000000e+06
2.004041900000000000e+07,2.375000000000000000e+02,2.683999938964843750e+02,2.360000000000000000e+02,2.640000000000000000e+02,2.897900000000000000e+06
2.004042600000000000e+07,2.650000000000000000e+02,2.660000000000000000e+02,2.530000000000000000e+02,2.610000000000000000e+02,3.301100000000000000e+06
2.004050300000000000e+07,2.610000000000000000e+02,3.365000000000000000e+02,2.530000000000000000e+02,3.100000000000000000e+02,5.885100000000000000e+06
2.004051000000000000e+07,3.050000000000000000e+02,3.135000000000000000e+02,2.900000000000000000e+02,3.000000000000000000e+02,3.163400000000000000e+06
2.004051700000000000e+07,2.910000000000000000e+02,3.085499877929687500e+02,2.750000000000000000e+02,3.010000000000000000e+02,1.939300000000000000e+06
2.004052400000000000e+07,3.100000000000000000e+02,3.250000000000000000e+02,3.020000000000000000e+02,3.200000000000000000e+02,2.686800000000000000e+06
2.004053100000000000e+07,3.200000000000000000e+02,3.400000000000000000e+02,3.123500061035156250e+02,3.400000000000000000e+02,4.343600000000000000e+06
2.004060700000000000e+07,3.400000000000000000e+02,3.800000000000000000e+02,3.365499877929687500e+02,3.740000000000000000e+02,2.991500000000000000e+06
2.004061400000000000e+07,3.720000000000000000e+02,3.840000000000000000e+02,3.530000000000000000e+02,3.800000000000000000e+02,3.459000000000000000e+06
2.004062100000000000e+07,3.860000000000000000e+02,4.950000000000000000e+02,3.753500061035156250e+02,3.970000000000000000e+02,2.566700000000000000e+06
2.004062800000000000e+07,4.000000000000000000e+02,4.500000000000000000e+02,3.972000122070312500e+02,4.250000000000000000e+02,3.085800000000000000e+06
2.004070500000000000e+07,4.345000000000000000e+02,4.497500000000000000e+02,3.390000000000000000e+02,4.180000000000000000e+02,1.715600000000000000e+06
2.004071200000000000e+07,4.110000000000000000e+02,4.197500000000000000e+02,3.600000000000000000e+02,3.805000000000000000e+02,6.554200000000000000e+06
2.004071900000000000e+07,3.915000000000000000e+02,4.000000000000000000e+02,3.575000000000000000e+02,3.650000000000000000e+02,2.385650000000000000e+07
2.004072600000000000e+07,3.690000000000000000e+02,3.880000000000000000e+02,3.360700073242187500e+02,3.575000000000000000e+02,4.985000000000000000e+06
2.004080200000000000e+07,3.552500000000000000e+02,3.625000000000000000e+02,3.101000061035156250e+02,3.230000000000000000e+02,3.414600000000000000e+06
2.004080900000000000e+07,3.250000000000000000e+02,3.520000000000000000e+02,3.201000061035156250e+02,3.450000000000000000e+02,4.478300000000000000e+06
2.004081600000000000e+07,3.450000000000000000e+02,3.600000000000000000e+02,3.377500000000000000e+02,3.530000000000000000e+02,3.833300000000000000e+06
2.004082300000000000e+07,3.540000000000000000e+02,3.670000000000000000e+02,3.510000000000000000e+02,3.600000000000000000e+02,1.655400000000000000e+06
2.004083000000000000e+07,3.600000000000000000e+02,3.770000000000000000e+02,3.550000000000000000e+02,3.647500000000000000e+02,6.658100000000000000e+06
2.004090600000000000e+07,3.640000000000000000e+02,3.645000000000000000e+02,3.472500000000000000e+02,3.550000000000000000e+02,2.796400000000000000e+06
2.004091300000000000e+07,3.640000000000000000e+02,3.920000000000000000e+02,3.580000000000000000e+02,3.900000000000000000e+02,3.644100000000000000e+06
2.004092000000000000e+07,3.842500000000000000e+02,3.877500000000000000e+02,3.577500000000000000e+02,3.642500000000000000e+02,1.756900000000000000e+06
2.004092700000000000e+07,3.700000000000000000e+02,3.787500000000000000e+02,3.460000000000000000e+02,3.787500000000000000e+02,4.891700000000000000e+06
2.004100400000000000e+07,3.750000000000000000e+02,3.855000000000000000e+02,3.670000000000000000e+02,3.675000000000000000e+02,3.357100000000000000e+06
2.004101100000000000e+07,3.657500000000000000e+02,3.657500000000000000e+02,3.252000122070312500e+02,3.450000000000000000e+02,6.092600000000000000e+06
2.004101800000000000e+07,3.415000000000000000e+02,3.547500000000000000e+02,3.370000000000000000e+02,3.465000000000000000e+02,2.426700000000000000e+06
2.004102500000000000e+07,3.482500000000000000e+02,3.497999877929687500e+02,3.352500000000000000e+02,3.352500000000000000e+02,1.586300000000000000e+06
2.004110100000000000e+07,3.420000000000000000e+02,3.528599853515625000e+02,3.352000122070312500e+02,3.480000000000000000e+02,4.235200000000000000e+06
2.004110800000000000e+07,3.430000000000000000e+02,3.510000000000000000e+02,3.130000000000000000e+02,3.455000000000000000e+02,1.962470000000000000e+07
2.004111500000000000e+07,3.450000000000000000e+02,3.550000000000000000e+02,3.410000000000000000e+02,3.470000000000000000e+02,5.318900000000000000e+06
2.004112200000000000e+07,3.450000000000000000e+02,3.547500000000000000e+02,3.380000000000000000e+02,3.510000000000000000e+02,1.713260000000000000e+07
2.004112900000000000e+07,3.500000000000000000e+02,3.590000000000000000e+02,3.483699951171875000e+02,3.575000000000000000e+02,5.670500000000000000e+06
2.004120600000000000e+07,3.550000000000000000e+02,3.651990051269531250e+02,3.490000000000000000e+02,3.532500000000000000e+02,3.728600000000000000e+06
2.004121300000000000e+07,3.517500000000000000e+02,3.900000000000000000e+02,3.500000000000000000e+02,3.867500000000000000e+02,1.314210000000000000e+07
2.004122000000000000e+07,3.850000000000000000e+02,3.850000000000000000e+02,3.665000000000000000e+02,3.750000000000000000e+02,1.950200000000000000e+06
2.004122700000000000e+07,3.750000000000000000e+02,3.907500000000000000e+02,3.750000000000000000e+02,3.900000000000000000e+02,4.843000000000000000e+05
2.005010300000000000e+07,3.900000000000000000e+02,3.980000000000000000e+02,3.578389892578125000e+02,3.980000000000000000e+02,6.684800000000000000e+06
2.005011000000000000e+07,3.980000000000000000e+02,4.135000000000000000e+02,3.970000000000000000e+02,4.010000000000000000e+02,6.338600000000000000e+06
2.005011700000000000e+07,4.002500000000000000e+02,4.127500000000000000e+02,4.000000000000000000e+02,4.090000000000000000e+02,3.260500000000000000e+06
2.005012400000000000e+07,4.035000000000000000e+02,4.100000000000000000e+02,4.007000122070312500e+02,4.070000000000000000e+02,5.181000000000000000e+06
2.005013100000000000e+07,4.060000000000000000e+02,4.110629882812500000e+02,3.722500000000000000e+02,3.860000000000000000e+02,9.235500000000000000e+06
2.005020700000000000e+07,3.857500000000000000e+02,4.030000000000000000e+02,3.851000061035156250e+02,3.910000000000000000e+02,2.898100000000000000e+06
2.005021400000000000e+07,3.915000000000000000e+02,4.030000000000000000e+02,3.151000061035156250e+02,3.530000000000000000e+02,7.928500000000000000e+06
2.005022100000000000e+07,3.520000000000000000e+02,3.790000000000000000e+02,3.477500000000000000e+02,3.752500000000000000e+02,5.956600000000000000e+06
2.005022800000000000e+07,3.800000000000000000e+02,3.890000000000000000e+02,3.745000000000000000e+02,3.800000000000000000e+02,4.652000000000000000e+06
2.005030700000000000e+07,3.820000000000000000e+02,3.846499938964843750e+02,3.560000000000000000e+02,3.602500000000000000e+02,3.343600000000000000e+06
2.005031400000000000e+07,3.600000000000000000e+02,3.647500000000000000e+02,3.400000000000000000e+02,3.555000000000000000e+02,6.723700000000000000e+06
2.005032100000000000e+07,3.552500000000000000e+02,3.570000000000000000e+02,3.400000000000000000e+02,3.435000000000000000e+02,4.758500000000000000e+06
2.005032800000000000e+07,3.435000000000000000e+02,3.435000000000000000e+02,3.232999877929687500e+02,3.267500000000000000e+02,2.648500000000000000e+06
2.005040400000000000e+07,3.252500000000000000e+02,3.520000000000000000e+02,3.250000000000000000e+02,3.450000000000000000e+02,4.306000000000000000e+06
2.005041100000000000e+07,3.400000000000000000e+02,3.432500000000000000e+02,3.250000000000000000e+02,3.250000000000000000e+02,2.459500000000000000e+06
2.005041800000000000e+07,3.250000000000000000e+02,3.850000000000000000e+02,3.068500061035156250e+02,3.340000000000000000e+02,2.259100000000000000e+06
2.005042500000000000e+07,3.305000000000000000e+02,3.370000000000000000e+02,3.001000061035156250e+02,3.012500000000000000e+02,3.768100000000000000e+06
2.005050200000000000e+07,3.012500000000000000e+02,3.420000000000000000e+02,3.012500000000000000e+02,3.290000000000000000e+02,4.038100000000000000e+06
2.005050900000000000e+07,3.257500000000000000e+02,3.432500000000000000e+02,3.240000000000000000e+02,3.310000000000000000e+02,3.194100000000000000e+06
2.005051600000000000e+07,3.310000000000000000e+02,3.647500000000000000e+02,3.286000061035156250e+02,3.607500000000000000e+02,4.528000000000000000e+06
2.005052300000000000e+07,3.572500000000000000e+02,3.827500000000000000e+02,3.540000000000000000e+02,3.770000000000000000e+02,5.695100000000000000e+06
2.005053000000000000e+07,3.770000000000000000e+02,3.890199890136718750e+02,3.732500000000000000e+02,3.800000000000000000e+02,2.308000000000000000e+06
2.005060600000000000e+07,3.830000000000000000e+02,4.030000000000000000e+02,3.700000000000000000e+02,4.000000000000000000e+02,7.216700000000000000e+06
2.005061300000000000e+07,4.010000000000000000e+02,4.045000000000000000e+02,3.900000000000000000e+02,3.905000000000000000e+02,4.100600000000000000e+06
2.005062000000000000e+07,3.900000000000000000e+02,4.000000000000000000e+02,3.860000000000000000e+02,3.942500000000000000e+02,2.166100000000000000e+06
2.005062700000000000e+07,3.942500000000000000e+02,3.965000000000000000e+02,3.860000000000000000e+02,3.890000000000000000e+02,2.160300000000000000e+06
2.005070400000000000e+07,3.945000000000000000e+02,4.300000000000000000e+02,3.851000061035156250e+02,4.250000000000000000e+02,8.098700000000000000e+06
2.005071100000000000e+07,4.260000000000000000e+02,4.530000000000000000e+02,4.113800048828125000e+02,4.432500000000000000e+02,7.658600000000000000e+06
2.005071800000000000e+07,4.400000000000000000e+02,4.479500122070312500e+02,4.200000000000000000e+02,4.350000000000000000e+02,4.597800000000000000e+06
2.005072500000000000e+07,4.372500000000000000e+02,6.177899780273437500e+02,4.260000000000000000e+02,4.900000000000000000e+02,2.107800000000000000e+07
2.005080100000000000e+07,4.847500000000000000e+02,5.110000000000000000e+02,4.821499938964843750e+02,5.060000000000000000e+02,4.723200000000000000e+06
2.005080800000000000e+07,5.065000000000000000e+02,5.100000000000000000e+02,4.900000000000000000e+02,5.000000000000000000e+02,3.882400000000000000e+06
2.005081500000000000e+07,5.000000000000000000e+02,5.055499877929687500e+02,4.905000000000000000e+02,5.000000000000000000e+02,1.605900000000000000e+06
2.005082200000000000e+07,5.000000000000000000e+02,5.140000000000000000e+02,4.950000000000000000e+02,5.140000000000000000e+02,3.436000000000000000e+06
2.005082900000000000e+07,5.140000000000000000e+02,5.450000000000000000e+02,5.105000000000000000e+02,5.440000000000000000e+02,5.418900000000000000e+06
2.005090500000000000e+07,5.430000000000000000e+02,5.890000000000000000e+02,5.403499755859375000e+02,5.670000000000000000e+02,3.747700000000000000e+06
2.005091200000000000e+07,5.680000000000000000e+02,6.700000000000000000e+02,5.387999877929687500e+02,6.620000000000000000e+02,1.353530000000000000e+07
2.005091900000000000e+07,6.640000000000000000e+02,7.065000000000000000e+02,6.481649780273437500e+02,6.660000000000000000e+02,1.120460000000000000e+07
2.005092600000000000e+07,6.605000000000000000e+02,6.865000000000000000e+02,6.605000000000000000e+02,6.680000000000000000e+02,6.992600000000000000e+06
2.005100300000000000e+07,6.720000000000000000e+02,6.944899902343750000e+02,6.580000000000000000e+02,6.720000000000000000e+02,6.833000000000000000e+06
2.005101000000000000e+07,6.630000000000000000e+02,6.795000000000000000e+02,6.197600097656250000e+02,6.330000000000000000e+02,8.331700000000000000e+06
2.005101700000000000e+07,6.360000000000000000e+02,6.490000000000000000e+02,6.150000000000000000e+02,6.370000000000000000e+02,9.809800000000000000e+06
2.005102400000000000e+07,6.420000000000000000e+02,6.754000244140625000e+02,6.305000000000000000e+02,6.745000000000000000e+02,5.148300000000000000e+06
2.005103100000000000e+07,6.805000000000000000e+02,7.415399780273437500e+02,6.805000000000000000e+02,7.190000000000000000e+02,1.134830000000000000e+07
2.005110700000000000e+07,7.120000000000000000e+02,8.160000000000000000e+02,7.120000000000000000e+02,8.100000000000000000e+02,1.362530000000000000e+07
2.005111400000000000e+07,8.100000000000000000e+02,8.425000000000000000e+02,7.855000000000000000e+02,8.270000000000000000e+02,6.140100000000000000e+06
2.005112100000000000e+07,8.320000000000000000e+02,8.860000000000000000e+02,8.137000122070312500e+02,8.700000000000000000e+02,5.884400000000000000e+06
2.005112800000000000e+07,8.835000000000000000e+02,9.300000000000000000e+02,8.160999755859375000e+02,9.200000000000000000e+02,9.637700000000000000e+06
2.005120500000000000e+07,9.160000000000000000e+02,9.340000000000000000e+02,8.705000000000000000e+02,8.810000000000000000e+02,1.058130000000000000e+07
2.005121200000000000e+07,8.950000000000000000e+02,9.144500122070312500e+02,8.605000000000000000e+02,8.605000000000000000e+02,3.435800000000000000e+06
2.005121900000000000e+07,8.640000000000000000e+02,9.064000244140625000e+02,8.600000000000000000e+02,9.050000000000000000e+02,4.829100000000000000e+06
2.005122600000000000e+07,9.050000000000000000e+02,9.460000000000000000e+02,8.905000000000000000e+02,9.360000000000000000e+02,1.540200000000000000e+06
2.006010200000000000e+07,9.360000000000000000e+02,1.022000000000000000e+03,9.360000000000000000e+02,1.006500000000000000e+03,7.492500000000000000e+06
2.006010900000000000e+07,1.009000000000000000e+03,1.125400024414062500e+03,9.845000000000000000e+02,1.086500000000000000e+03,1.012760000000000000e+07
2.006011600000000000e+07,1.095000000000000000e+03,1.122500000000000000e+03,1.042599975585937500e+03,1.108000000000000000e+03,4.844700000000000000e+06
2.006012300000000000e+07,1.099500000000000000e+03,1.242000000000000000e+03,1.063599975585937500e+03,1.207000000000000000e+03,1.006340000000000000e+07
2.006013000000000000e+07,1.201000000000000000e+03,1.212000000000000000e+03,1.074000000000000000e+03,1.100000000000000000e+03,7.489500000000000000e+06
2.006020600000000000e+07,1.109000000000000000e+03,1.163000000000000000e+03,1.095099975585937500e+03,1.125000000000000000e+03,6.634500000000000000e+06
2.006021300000000000e+07,1.129500000000000000e+03,1.136500000000000000e+03,1.100000000000000000e+03,1.116000000000000000e+03,5.124100000000000000e+06
2.006022000000000000e+07,1.106000000000000000e+03,1.108000000000000000e+03,9.925999755859375000e+02,1.047000000000000000e+03,1.000980000000000000e+07
2.006022700000000000e+07,1.049500000000000000e+03,1.119900024414062500e+03,8.920000000000000000e+02,1.112000000000000000e+03,3.043320000000000000e+07
2.006030600000000000e+07,1.115000000000000000e+03,1.140000000000000000e+03,9.925000000000000000e+02,1.005500000000000000e+03,1.187120000000000000e+07
2.006031300000000000e+07,1.014500000000000000e+03,1.030000000000000000e+03,9.515100097656250000e+02,1.021500000000000000e+03,8.656200000000000000e+06
2.006032000000000000e+07,1.015000000000000000e+03,1.059109985351562500e+03,1.014010009765625000e+03,1.048000000000000000e+03,5.135900000000000000e+06
2.006032700000000000e+07,1.039000000000000000e+03,1.227900024414062500e+03,1.027000000000000000e+03,1.200000000000000000e+03,1.006670000000000000e+07
2.006040300000000000e+07,1.209000000000000000e+03,1.285000000000000000e+03,1.135000000000000000e+03,1.262000000000000000e+03,9.434100000000000000e+06
2.006041000000000000e+07,1.262000000000000000e+03,1.286000000000000000e+03,1.117739990234375000e+03,1.265000000000000000e+03,6.070500000000000000e+06
2.006041700000000000e+07,1.265000000000000000e+03,1.301000000000000000e+03,1.228000000000000000e+03,1.252000000000000000e+03,1.056200000000000000e+07
2.006042400000000000e+07,1.268000000000000000e+03,1.311900024414062500e+03,1.200000000000000000e+03,1.209000000000000000e+03,4.118000000000000000e+06
2.006050100000000000e+07,1.209000000000000000e+03,2.610000000000000000e+03,1.209000000000000000e+03,1.481000000000000000e+03,1.172740000000000000e+07
2.006050800000000000e+07,1.494000000000000000e+03,1.522000000000000000e+03,1.419000000000000000e+03,1.435000000000000000e+03,1.304910000000000000e+07
2.006051500000000000e+07,1.435000000000000000e+03,1.445010009765625000e+03,1.265000000000000000e+03,1.270000000000000000e+03,1.234280000000000000e+07
2.006052200000000000e+07,1.264000000000000000e+03,1.355000000000000000e+03,1.156000000000000000e+03,1.343000000000000000e+03,1.114040000000000000e+07
2.006052900000000000e+07,1.343000000000000000e+03,1.523000000000000000e+03,1.298000000000000000e+03,1.512000000000000000e+03,1.503370000000000000e+07
2.006060500000000000e+07,1.505000000000000000e+03,1.505000000000000000e+03,1.236000000000000000e+03,1.293000000000000000e+03,8.937500000000000000e+06
2.006061200000000000e+07,1.296000000000000000e+03,1.380000000000000000e+03,1.152000000000000000e+03,1.328000000000000000e+03,9.337100000000000000e+06
2.006061900000000000e+07,1.329000000000000000e+03,1.353969970703125000e+03,1.267000000000000000e+03,1.273000000000000000e+03,6.747900000000000000e+06
2.006062600000000000e+07,1.288000000000000000e+03,1.321349975585937500e+03,1.220000000000000000e+03,1.260000000000000000e+03,1.176670000000000000e+07
2.006070300000000000e+07,1.277000000000000000e+03,1.315000000000000000e+03,1.111339965820312500e+03,1.221000000000000000e+03,9.377100000000000000e+06
2.006071000000000000e+07,1.213000000000000000e+03,1.216000000000000000e+03,1.035000000000000000e+03,1.058000000000000000e+03,1.631410000000000000e+07
2.006071700000000000e+07,1.074000000000000000e+03,1.204040039062500000e+03,9.910100097656250000e+02,1.028000000000000000e+03,1.532540000000000000e+07
2.006072400000000000e+07,1.020000000000000000e+03,1.239579956054687500e+03,1.015000000000000000e+03,1.114000000000000000e+03,1.703460000000000000e+07
2.006073100000000000e+07,1.109000000000000000e+03,1.156000000000000000e+03,1.025000000000000000e+03,1.124000000000000000e+03,1.169330000000000000e+07
2.006080700000000000e+07,1.110000000000000000e+03,1.126000000000000000e+03,1.039000000000000000e+03,1.042000000000000000e+03,7.880100000000000000e+06
2.006081400000000000e+07,1.055000000000000000e+03,1.170329956054687500e+03,1.042000000000000000e+03,1.105000000000000000e+03,9.608800000000000000e+06
2.006082100000000000e+07,1.100000000000000000e+03,1.110000000000000000e+03,1.064000000000000000e+03,1.103000000000000000e+03,4.725500000000000000e+06
2.006082800000000000e+07,1.103000000000000000e+03,1.207530029296875000e+03,1.103000000000000000e+03,1.183000000000000000e+03,6.366000000000000000e+06
2.006090400000000000e+07,1.190000000000000000e+03,1.214000000000000000e+03,1.115000000000000000e+03,1.136000000000000000e+03,6.613100000000000000e+06
2.006091100000000000e+07,1.136000000000000000e+03,1.225000000000000000e+03,1.109000000000000000e+03,1.144000000000000000e+03,1.087490000000000000e+07
2.006091800000000000e+07,8.800000000000000000e+02,1.038699951171875000e+03,8.300000000000000000e+02,8.330000000000000000e+02,4.033170000000000000e+07
2.006092500000000000e+07,8.450000000000000000e+02,8.660000000000000000e+02,8.109899902343750000e+02,8.430000000000000000e+02,1.291040000000000000e+07
2.006100200000000000e+07,8.480000000000000000e+02,8.480000000000000000e+02,7.410000000000000000e+02,7.840000000000000000e+02,2.882120000000000000e+07
2.006100900000000000e+07,7.750000000000000000e+02,8.840000000000000000e+02,7.497399902343750000e+02,8.700000000000000000e+02,2.052780000000000000e+07
2.006101600000000000e+07,8.600000000000000000e+02,8.789899902343750000e+02,7.630000000000000000e+02,7.730000000000000000e+02,2.023200000000000000e+07
2.006102300000000000e+07,7.770000000000000000e+02,7.900000000000000000e+02,7.400000000000000000e+02,7.530000000000000000e+02,1.302110000000000000e+07
2.006103000000000000e+07,7.530000000000000000e+02,7.980000000000000000e+02,7.420000000000000000e+02,7.550000000000000000e+02,8.554400000000000000e+06
2.006110600000000000e+07,7.530000000000000000e+02,7.810000000000000000e+02,5.510000000000000000e+02,6.210000000000000000e+02,3.839240000000000000e+07
2.006111300000000000e+07,6.200000000000000000e+02,7.010000000000000000e+02,6.110100097656250000e+02,6.870000000000000000e+02,2.976000000000000000e+07
2.006112000000000000e+07,6.910000000000000000e+02,7.190349731445312500e+02,6.780000000000000000e+02,6.970000000000000000e+02,1.456490000000000000e+07
2.006112700000000000e+07,6.900000000000000000e+02,6.990000000000000000e+02,6.480000000000000000e+02,6.580000000000000000e+02,1.284400000000000000e+07
2.006120400000000000e+07,6.530000000000000000e+02,6.740000000000000000e+02,6.370000000000000000e+02,6.570000000000000000e+02,7.577700000000000000e+06
2.006121100000000000e+07,6.600000000000000000e+02,6.850000000000000000e+02,6.420000000000000000e+02,6.440000000000000000e+02,8.702200000000000000e+06
2.006121800000000000e+07,6.380000000000000000e+02,6.500000000000000000e+02,6.150000000000000000e+02,6.430000000000000000e+02,8.142800000000000000e+06
2.006122500000000000e+07,6.430000000000000000e+02,6.610000000000000000e+02,6.370000000000000000e+02,6.500000000000000000e+02,2.375300000000000000e+06
2.007010100000000000e+07,6.500000000000000000e+02,6.640000000000000000e+02,6.130000000000000000e+02,6.150000000000000000e+02,1.455840000000000000e+07
2.007010800000000000e+07,6.110000000000000000e+02,6.652999877929687500e+02,6.080000000000000000e+02,6.430000000000000000e+02,1.759510000000000000e+07
2.007011500000000000e+07,6.595000000000000000e+02,7.230000000000000000e+02,6.495000000000000000e+02,6.860000000000000000e+02,1.705480000000000000e+07
2.007012200000000000e+07,6.875000000000000000e+02,7.180000000000000000e+02,6.541500244140625000e+02,6.980000000000000000e+02,1.298130000000000000e+07
2.007012900000000000e+07,6.900000000000000000e+02,7.050000000000000000e+02,6.520000000000000000e+02,7.000000000000000000e+02,1.342620000000000000e+07
2.007020500000000000e+07,6.880000000000000000e+02,7.880000000000000000e+02,6.880000000000000000e+02,7.655000000000000000e+02,1.643800000000000000e+07
2.007021200000000000e+07,7.540000000000000000e+02,7.824749755859375000e+02,7.129710083007812500e+02,7.360000000000000000e+02,1.354560000000000000e+07
2.007021900000000000e+07,7.500000000000000000e+02,8.530000000000000000e+02,7.300000000000000000e+02,8.010000000000000000e+02,2.267230000000000000e+07
2.007022600000000000e+07,8.000000000000000000e+02,8.189699707031250000e+02,7.000000000000000000e+02,7.120000000000000000e+02,1.951680000000000000e+07
2.007030500000000000e+07,6.980000000000000000e+02,7.404699707031250000e+02,6.735000000000000000e+02,6.775000000000000000e+02,1.791590000000000000e+07
2.007031200000000000e+07,6.850000000000000000e+02,6.900000000000000000e+02,6.250000000000000000e+02,6.750000000000000000e+02,1.757600000000000000e+07
2.007031900000000000e+07,6.780000000000000000e+02,6.915000000000000000e+02,6.560000000000000000e+02,6.575000000000000000e+02,1.107990000000000000e+07
2.007032600000000000e+07,6.775000000000000000e+02,6.790000000000000000e+02,6.305000000000000000e+02,6.510000000000000000e+02,1.299360000000000000e+07
2.007040200000000000e+07,6.500000000000000000e+02,6.900000000000000000e+02,6.370000000000000000e+02,6.670000000000000000e+02,8.302000000000000000e+06
2.007040900000000000e+07,6.670000000000000000e+02,6.945000000000000000e+02,6.560000000000000000e+02,6.870000000000000000e+02,9.115700000000000000e+06
2.007041600000000000e+07,6.940000000000000000e+02,7.415000000000000000e+02,6.850000000000000000e+02,7.300000000000000000e+02,2.159200000000000000e+07
2.007042300000000000e+07,7.410000000000000000e+02,7.780000000000000000e+02,6.940100097656250000e+02,7.585000000000000000e+02,1.625510000000000000e+07
2.007043000000000000e+07,7.520000000000000000e+02,8.225000000000000000e+02,7.230000000000000000e+02,7.620000000000000000e+02,3.275970000000000000e+07
2.007050700000000000e+07,7.620000000000000000e+02,8.537999877929687500e+02,7.460000000000000000e+02,7.745000000000000000e+02,8.958000000000000000e+06
2.007051400000000000e+07,7.820000000000000000e+02,8.005000000000000000e+02,7.562429809570312500e+02,7.825000000000000000e+02,1.027930000000000000e+07
2.007052100000000000e+07,7.810000000000000000e+02,8.050000000000000000e+02,7.481599731445312500e+02,7.900000000000000000e+02,1.051690000000000000e+07
2.007052800000000000e+07,7.900000000000000000e+02,8.000000000000000000e+02,7.545100097656250000e+02,7.900000000000000000e+02,8.198300000000000000e+06
2.007060400000000000e+07,7.830000000000000000e+02,7.920000000000000000e+02,7.139000244140625000e+02,7.350000000000000000e+02,1.031920000000000000e+07
2.007061100000000000e+07,7.360000000000000000e+02,7.690000000000000000e+02,7.205000000000000000e+02,7.515000000000000000e+02,1.057410000000000000e+07
2.007061800000000000e+07,7.460000000000000000e+02,7.920000000000000000e+02,7.365000000000000000e+02,7.785000000000000000e+02,1.506550000000000000e+07
2.007062500000000000e+07,7.705000000000000000e+02,8.035000000000000000e+02,3.850000000000000000e+02,7.835000000000000000e+02,1.753380000000000000e+07
2.007070200000000000e+07,7.880000000000000000e+02,8.440000000000000000e+02,7.705000000000000000e+02,8.330000000000000000e+02,1.020470000000000000e+07
2.007070900000000000e+07,8.330000000000000000e+02,8.750000000000000000e+02,7.945100097656250000e+02,8.560000000000000000e+02,1.204470000000000000e+07
2.007071600000000000e+07,8.470000000000000000e+02,9.245000000000000000e+02,7.253599853515625000e+02,8.670000000000000000e+02,1.768240000000000000e+07
2.007072300000000000e+07,8.800000000000000000e+02,8.940000000000000000e+02,7.300000000000000000e+02,7.405000000000000000e+02,2.889160000000000000e+07
2.007073000000000000e+07,7.400000000000000000e+02,7.680000000000000000e+02,6.945000000000000000e+02,7.105000000000000000e+02,1.361690000000000000e+07
2.007080600000000000e+07,7.020000000000000000e+02,1.376000000000000000e+03,6.685000000000000000e+02,7.090000000000000000e+02,1.905860000000000000e+07
2.007081300000000000e+07,7.125000000000000000e+02,7.390000000000000000e+02,6.113880004882812500e+02,6.575000000000000000e+02,1.664840000000000000e+07
2.007082000000000000e+07,6.640000000000000000e+02,6.920000000000000000e+02,6.270000000000000000e+02,6.350000000000000000e+02,1.050490000000000000e+07
2.007082700000000000e+07,6.350000000000000000e+02,6.650000000000000000e+02,5.865000000000000000e+02,6.490000000000000000e+02,1.100740000000000000e+07
2.007090300000000000e+07,6.535000000000000000e+02,6.995000000000000000e+02,6.425000000000000000e+02,6.445000000000000000e+02,8.864700000000000000e+06
2.007091000000000000e+07,6.400000000000000000e+02,6.675000000000000000e+02,6.005000000000000000e+02,6.150000000000000000e+02,8.225000000000000000e+06
2.007091700000000000e+07,6.035000000000000000e+02,6.509699707031250000e+02,5.955000000000000000e+02,6.150000000000000000e+02,9.204900000000000000e+06
2.007092400000000000e+07,6.170000000000000000e+02,6.505000000000000000e+02,5.680000000000000000e+02,6.435000000000000000e+02,1.651170000000000000e+07
2.007100100000000000e+07,6.480000000000000000e+02,6.810000000000000000e+02,6.290000000000000000e+02,6.485000000000000000e+02,1.049470000000000000e+07
2.007100800000000000e+07,6.550000000000000000e+02,6.550000000000000000e+02,6.265000000000000000e+02,6.405000000000000000e+02,6.177600000000000000e+06
2.007101500000000000e+07,6.400000000000000000e+02,6.490000000000000000e+02,5.063800048828125000e+02,6.150000000000000000e+02,1.567470000000000000e+07
2.007102200000000000e+07,6.090000000000000000e+02,6.450000000000000000e+02,5.965100097656250000e+02,6.325000000000000000e+02,8.065000000000000000e+06
2.007102900000000000e+07,6.390000000000000000e+02,6.515000000000000000e+02,6.190000000000000000e+02,6.255000000000000000e+02,6.456000000000000000e+06
2.007110500000000000e+07,6.160000000000000000e+02,7.035000000000000000e+02,5.900000000000000000e+02,6.305000000000000000e+02,1.005360000000000000e+07
2.007111200000000000e+07,6.210000000000000000e+02,6.645000000000000000e+02,6.055000000000000000e+02,6.115000000000000000e+02,6.493500000000000000e+06
2.007111900000000000e+07,6.005000000000000000e+02,6.205000000000000000e+02,5.350000000000000000e+02,5.745000000000000000e+02,8.278700000000000000e+06
2.007112600000000000e+07,5.820000000000000000e+02,6.465000000000000000e+02,5.695000000000000000e+02,6.365000000000000000e+02,7.728500000000000000e+06
2.007120300000000000e+07,6.320000000000000000e+02,6.380000000000000000e+02,5.815000000000000000e+02,5.955000000000000000e+02,5.912800000000000000e+06
2.007121000000000000e+07,5.930000000000000000e+02,6.175000000000000000e+02,5.765000000000000000e+02,6.125000000000000000e+02,7.962100000000000000e+06
2.007121700000000000e+07,6.010000000000000000e+02,6.055000000000000000e+02,5.860000000000000000e+02,5.935000000000000000e+02,4.317800000000000000e+06
2.007122400000000000e+07,6.100000000000000000e+02,6.100000000000000000e+02,5.910000000000000000e+02,5.960000000000000000e+02,6.556000000000000000e+05
2.007123100000000000e+07,5.880000000000000000e+02,6.050000000000000000e+02,5.710000000000000000e+02,5.755000000000000000e+02,3.955300000000000000e+06
2.008010700000000000e+07,5.710000000000000000e+02,5.840000000000000000e+02,4.792500000000000000e+02,4.852500000000000000e+02,1.214080000000000000e+07
2.008011400000000000e+07,4.872500000000000000e+02,5.110000000000000000e+02,4.280000000000000000e+02,5.100000000000000000e+02,1.153020000000000000e+07
2.008012100000000000e+07,4.947500000000000000e+02,5.300000000000000000e+02,4.530000000000000000e+02,5.005000000000000000e+02,1.335030000000000000e+07
2.008012800000000000e+07,4.885000000000000000e+02,5.490000000000000000e+02,4.845000000000000000e+02,5.210000000000000000e+02,8.081800000000000000e+06
2.008020400000000000e+07,5.220000000000000000e+02,5.380000000000000000e+02,4.400000000000000000e+02,4.430000000000000000e+02,1.055190000000000000e+07
2.008021100000000000e+07,4.407500000000000000e+02,4.490000000000000000e+02,4.155000000000000000e+02,4.310000000000000000e+02,8.360500000000000000e+06
2.008021800000000000e+07,4.367500000000000000e+02,4.382500000000000000e+02,3.970000000000000000e+02,4.045000000000000000e+02,7.237500000000000000e+06
2.008022500000000000e+07,4.065000000000000000e+02,4.280000000000000000e+02,3.100000000000000000e+02,3.195000000000000000e+02,2.537010000000000000e+07
2.008030300000000000e+07,3.130000000000000000e+02,3.802500000000000000e+02,3.050000000000000000e+02,3.055000000000000000e+02,1.684040000000000000e+07
2.008031000000000000e+07,3.092500000000000000e+02,3.205000000000000000e+02,2.932500000000000000e+02,3.000000000000000000e+02,1.586640000000000000e+07
2.008031700000000000e+07,2.955000000000000000e+02,3.100000000000000000e+02,2.845000000000000000e+02,3.015000000000000000e+02,1.106170000000000000e+07
2.008032400000000000e+07,3.015000000000000000e+02,3.500000000000000000e+02,3.015000000000000000e+02,3.315000000000000000e+02,1.396720000000000000e+07
2.008033100000000000e+07,3.280000000000000000e+02,3.580000000000000000e+02,3.222500000000000000e+02,3.325000000000000000e+02,9.733300000000000000e+06
2.008040700000000000e+07,3.370000000000000000e+02,3.737500000000000000e+02,3.347500000000000000e+02,3.380000000000000000e+02,7.257000000000000000e+06
2.008041400000000000e+07,3.370000000000000000e+02,3.510000000000000000e+02,3.237500000000000000e+02,3.467500000000000000e+02,8.043500000000000000e+06
2.008042100000000000e+07,3.500000000000000000e+02,3.795000000000000000e+02,3.417500000000000000e+02,3.767500000000000000e+02,7.256900000000000000e+06
2.008042800000000000e+07,3.800000000000000000e+02,4.020000000000000000e+02,2.865000000000000000e+02,3.310000000000000000e+02,1.612850000000000000e+07
2.008050500000000000e+07,3.310000000000000000e+02,3.350000000000000000e+02,3.125000000000000000e+02,3.310000000000000000e+02,9.920000000000000000e+06
2.008051200000000000e+07,3.302500000000000000e+02,3.432500000000000000e+02,3.302500000000000000e+02,3.425000000000000000e+02,7.913700000000000000e+06
2.008051900000000000e+07,3.430000000000000000e+02,3.560000000000000000e+02,3.362500000000000000e+02,3.442500000000000000e+02,9.244300000000000000e+06
2.008052600000000000e+07,3.442500000000000000e+02,3.442500000000000000e+02,3.100000000000000000e+02,3.150000000000000000e+02,9.820700000000000000e+06
2.008060200000000000e+07,3.100000000000000000e+02,3.432500000000000000e+02,3.060000000000000000e+02,3.350000000000000000e+02,7.560400000000000000e+06
2.008060900000000000e+07,3.307500000000000000e+02,3.350000000000000000e+02,3.012500000000000000e+02,3.282500000000000000e+02,7.222500000000000000e+06
2.008061600000000000e+07,3.282500000000000000e+02,3.325000000000000000e+02,2.942500000000000000e+02,2.952500000000000000e+02,6.518200000000000000e+06
2.008062300000000000e+07,2.980000000000000000e+02,3.018999938964843750e+02,2.682500000000000000e+02,2.745000000000000000e+02,5.185200000000000000e+06
2.008063000000000000e+07,2.695000000000000000e+02,2.732500000000000000e+02,2.390000000000000000e+02,2.395000000000000000e+02,5.356600000000000000e+06
2.008070700000000000e+07,2.405000000000000000e+02,2.510000000000000000e+02,2.195000000000000000e+02,2.387500000000000000e+02,8.610900000000000000e+06
2.008071400000000000e+07,2.430000000000000000e+02,2.642500000000000000e+02,2.210000000000000000e+02,2.627500000000000000e+02,9.559700000000000000e+06
2.008072100000000000e+07,2.647500000000000000e+02,2.720000000000000000e+02,2.450000000000000000e+02,2.527500000000000000e+02,8.717700000000000000e+06
2.008072800000000000e+07,2.542500000000000000e+02,3.095000000000000000e+02,2.170000000000000000e+02,3.060000000000000000e+02,1.330410000000000000e+07
2.008080400000000000e+07,2.975000000000000000e+02,3.180000000000000000e+02,2.960000000000000000e+02,3.110000000000000000e+02,6.952700000000000000e+06
2.008081100000000000e+07,3.097500000000000000e+02,3.330000000000000000e+02,3.035000000000000000e+02,3.157500000000000000e+02,5.038100000000000000e+06
2.008081800000000000e+07,3.180000000000000000e+02,3.180000000000000000e+02,2.965000000000000000e+02,3.047500000000000000e+02,2.621600000000000000e+06
2.008082500000000000e+07,3.047500000000000000e+02,3.300000000000000000e+02,2.955000000000000000e+02,3.285000000000000000e+02,2.928600000000000000e+06
2.008090100000000000e+07,3.207500000000000000e+02,3.507500000000000000e+02,2.665000000000000000e+02,3.052500000000000000e+02,6.912600000000000000e+06
2.008090800000000000e+07,3.110000000000000000e+02,3.417500000000000000e+02,2.767500000000000000e+02,2.840000000000000000e+02,7.718200000000000000e+06
2.008091500000000000e+07,2.740000000000000000e+02,3.500000000000000000e+02,2.410000000000000000e+02,3.070000000000000000e+02,1.182030000000000000e+07
2.008092200000000000e+07,3.062500000000000000e+02,3.240000000000000000e+02,2.657500000000000000e+02,2.742500000000000000e+02,4.907000000000000000e+06
2.008092900000000000e+07,2.700000000000000000e+02,2.752500000000000000e+02,2.352500000000000000e+02,2.530000000000000000e+02,4.740500000000000000e+06
2.008100600000000000e+07,2.420000000000000000e+02,2.420000000000000000e+02,1.895000000000000000e+02,1.907500000000000000e+02,6.490600000000000000e+06
2.008101300000000000e+07,2.050000000000000000e+02,2.170000000000000000e+02,1.840000000000000000e+02,2.005000000000000000e+02,6.530400000000000000e+06
2.008102000000000000e+07,2.035000000000000000e+02,2.150000000000000000e+02,1.765000000000000000e+02,1.902500000000000000e+02,4.072000000000000000e+06
2.008102700000000000e+07,1.787500000000000000e+02,2.147500000000000000e+02,1.400000000000000000e+02,2.037500000000000000e+02,8.215000000000000000e+06
2.008110300000000000e+07,2.005000000000000000e+02,2.177500000000000000e+02,1.865000000000000000e+02,1.922500000000000000e+02,3.822500000000000000e+06
2.008111000000000000e+07,1.940000000000000000e+02,2.032500000000000000e+02,1.595000000000000000e+02,1.630000000000000000e+02,2.748400000000000000e+06
2.008111700000000000e+07,1.660000000000000000e+02,1.700000000000000000e+02,1.517500000000000000e+02,1.620000000000000000e+02,3.931000000000000000e+06
2.008112400000000000e+07,1.635000000000000000e+02,1.802500000000000000e+02,1.635000000000000000e+02,1.705000000000000000e+02,3.575500000000000000e+06
2.008120100000000000e+07,1.730000000000000000e+02,1.730000000000000000e+02,1.440000000000000000e+02,1.502500000000000000e+02,3.829000000000000000e+06
2.008120800000000000e+07,1.607500000000000000e+02,1.700000000000000000e+02,1.525000000000000000e+02,1.600000000000000000e+02,2.381600000000000000e+06
2.008121500000000000e+07,1.605000000000000000e+02,1.782500000000000000e+02,1.560000000000000000e+02,1.692500000000000000e+02,5.137900000000000000e+06
2.008122200000000000e+07,1.710000000000000000e+02,1.765000000000000000e+02,1.662500000000000000e+02,1.725000000000000000e+02,1.691700000000000000e+06
2.008122900000000000e+07,1.777500000000000000e+02,1.802500000000000000e+02,1.675000000000000000e+02,1.792500000000000000e+02,8.273000000000000000e+05
2.009010500000000000e+07,1.785000000000000000e+02,2.127500000000000000e+02,1.785000000000000000e+02,1.955000000000000000e+02,3.647200000000000000e+06
2.009011200000000000e+07,1.932500000000000000e+02,1.962500000000000000e+02,1.600000000000000000e+02,1.617500000000000000e+02,2.183900000000000000e+06
2.009011900000000000e+07,1.657500000000000000e+02,1.680000000000000000e+02,1.520000000000000000e+02,1.575000000000000000e+02,3.937300000000000000e+06
2.009012600000000000e+07,1.555000000000000000e+02,1.897500000000000000e+02,1.540000000000000000e+02,1.830000000000000000e+02,4.582800000000000000e+06
2.009020200000000000e+07,1.830000000000000000e+02,1.917500000000000000e+02,1.755000000000000000e+02,1.905000000000000000e+02,1.195000000000000000e+06
2.009020900000000000e+07,1.860000000000000000e+02,2.217500000000000000e+02,1.645000000000000000e+02,2.200000000000000000e+02,1.962930000000000000e+07
2.009021600000000000e+07,2.180000000000000000e+02,2.237500000000000000e+02,2.030000000000000000e+02,2.032500000000000000e+02,6.240300000000000000e+06
2.009022300000000000e+07,2.067500000000000000e+02,2.135000000000000000e+02,1.887500000000000000e+02,1.990000000000000000e+02,3.093000000000000000e+06
2.009030200000000000e+07,1.935000000000000000e+02,2.027500000000000000e+02,1.795000000000000000e+02,1.835000000000000000e+02,3.474500000000000000e+06
2.009030900000000000e+07,1.857500000000000000e+02,2.220000000000000000e+02,1.790000000000000000e+02,2.197500000000000000e+02,4.080100000000000000e+06
2.009031600000000000e+07,2.270000000000000000e+02,2.447500000000000000e+02,2.230000000000000000e+02,2.302500000000000000e+02,7.284500000000000000e+06
2.009032300000000000e+07,2.315000000000000000e+02,2.557500000000000000e+02,2.262500000000000000e+02,2.530000000000000000e+02,4.505900000000000000e+06
2.009033000000000000e+07,2.507500000000000000e+02,2.777500000000000000e+02,2.425000000000000000e+02,2.600000000000000000e+02,5.018900000000000000e+06
2.009040600000000000e+07,2.570000000000000000e+02,2.630000000000000000e+02,2.373500061035156250e+02,2.585000000000000000e+02,4.239000000000000000e+06
2.009041300000000000e+07,2.585000000000000000e+02,2.740000000000000000e+02,2.465000000000000000e+02,2.475000000000000000e+02,2.978800000000000000e+06
2.009042000000000000e+07,2.475000000000000000e+02,2.495000000000000000e+02,2.237500000000000000e+02,2.455000000000000000e+02,3.533300000000000000e+06
2.009042700000000000e+07,2.380000000000000000e+02,2.680000000000000000e+02,2.357500000000000000e+02,2.620000000000000000e+02,3.376000000000000000e+06
2.009050400000000000e+07,2.620000000000000000e+02,3.155000000000000000e+02,2.602500000000000000e+02,3.110000000000000000e+02,6.959100000000000000e+06
2.009051100000000000e+07,3.180000000000000000e+02,3.565000000000000000e+02,3.130000000000000000e+02,3.270000000000000000e+02,6.403800000000000000e+06
2.009051800000000000e+07,3.275000000000000000e+02,3.747500000000000000e+02,3.245000000000000000e+02,3.390000000000000000e+02,2.289200000000000000e+06
2.009052500000000000e+07,3.390000000000000000e+02,3.570000000000000000e+02,3.250000000000000000e+02,3.487500000000000000e+02,2.113900000000000000e+06
2.009060100000000000e+07,3.540000000000000000e+02,4.000000000000000000e+02,3.537500000000000000e+02,3.697500000000000000e+02,5.366100000000000000e+06
2.009060800000000000e+07,3.710000000000000000e+02,3.900000000000000000e+02,3.600000000000000000e+02,3.762500000000000000e+02,2.545600000000000000e+06
2.009061500000000000e+07,3.785000000000000000e+02,3.785000000000000000e+02,3.335000000000000000e+02,3.367500000000000000e+02,4.626400000000000000e+06
2.009062200000000000e+07,3.337500000000000000e+02,3.550000000000000000e+02,3.207500000000000000e+02,3.480000000000000000e+02,4.554100000000000000e+06
2.009062900000000000e+07,3.500000000000000000e+02,3.920000000000000000e+02,3.445000000000000000e+02,3.712500000000000000e+02,7.481700000000000000e+06
2.009070600000000000e+07,3.710000000000000000e+02,3.815000000000000000e+02,3.555000000000000000e+02,3.587500000000000000e+02,4.156900000000000000e+06
2.009071300000000000e+07,3.520000000000000000e+02,3.800000000000000000e+02,3.500000000000000000e+02,3.625000000000000000e+02,3.901900000000000000e+06
2.009072000000000000e+07,3.620000000000000000e+02,4.065000000000000000e+02,3.540000000000000000e+02,3.752500000000000000e+02,7.127300000000000000e+06
2.009072700000000000e+07,3.800000000000000000e+02,4.390000000000000000e+02,3.387500000000000000e+02,4.270000000000000000e+02,1.030370000000000000e+07
2.009080300000000000e+07,4.250000000000000000e+02,4.417999877929687500e+02,4.080000000000000000e+02,4.263000000000000114e+02,3.692500000000000000e+06
2.009081000000000000e+07,4.238000000000000114e+02,4.656000061035156250e+02,4.212999877929687500e+02,4.556999999999999886e+02,5.302600000000000000e+06
2.009081700000000000e+07,4.518999999999999773e+02,4.647000122070312500e+02,4.267000122070312500e+02,4.520000000000000000e+02,3.504100000000000000e+06
2.009082400000000000e+07,4.430000000000000000e+02,4.878999938964843750e+02,4.350000000000000000e+02,4.726000000000000227e+02,4.053800000000000000e+06
2.009083100000000000e+07,4.726000000000000227e+02,4.841000061035156250e+02,4.428999938964843750e+02,4.760000000000000000e+02,2.715600000000000000e+06
2.009090700000000000e+07,4.760000000000000000e+02,5.240000000000000000e+02,4.572000122070312500e+02,5.080000000000000000e+02,3.033100000000000000e+06
2.009091400000000000e+07,5.005000000000000000e+02,5.095000000000000000e+02,4.757999877929687500e+02,4.876999999999999886e+02,3.025600000000000000e+06
2.009092100000000000e+07,4.861000000000000227e+02,4.956000061035156250e+02,4.670000000000000000e+02,4.738000000000000114e+02,4.072800000000000000e+06
2.009092800000000000e+07,4.740000000000000000e+02,4.875000000000000000e+02,4.161709899902343750e+02,4.348000000000000114e+02,2.754500000000000000e+06
2.009100500000000000e+07,4.325000000000000000e+02,4.680000000000000000e+02,4.250000000000000000e+02,4.496000000000000227e+02,4.024700000000000000e+06
2.009101200000000000e+07,4.508000000000000114e+02,4.998999938964843750e+02,4.498460083007812500e+02,4.700000000000000000e+02,5.310100000000000000e+06
2.009101900000000000e+07,4.700000000000000000e+02,4.790000000000000000e+02,4.537000122070312500e+02,4.585000000000000000e+02,5.041100000000000000e+06
2.009102600000000000e+07,4.618000000000000114e+02,4.620000000000000000e+02,3.993999938964843750e+02,4.468000000000000114e+02,7.048600000000000000e+06
2.009110200000000000e+07,4.401000000000000227e+02,4.476000061035156250e+02,4.147000122070312500e+02,4.356000000000000227e+02,4.949500000000000000e+06
2.009110900000000000e+07,4.383999999999999773e+02,4.690000000000000000e+02,4.255000000000000000e+02,4.528000000000000114e+02,2.744900000000000000e+06
2.009111600000000000e+07,4.526999999999999886e+02,4.708999938964843750e+02,4.168999938964843750e+02,4.203000000000000114e+02,4.493100000000000000e+06
2.009112300000000000e+07,4.220000000000000000e+02,4.333500061035156250e+02,3.908999938964843750e+02,4.100000000000000000e+02,3.829900000000000000e+06
2.009113000000000000e+07,4.133999999999999773e+02,4.216000061035156250e+02,3.997999877929687500e+02,4.028000000000000114e+02,4.190100000000000000e+06
2.009120700000000000e+07,3.950000000000000000e+02,3.990000000000000000e+02,3.680000000000000000e+02,3.688000000000000114e+02,3.720900000000000000e+06
2.009121400000000000e+07,3.666999999999999886e+02,4.032999877929687500e+02,3.667000122070312500e+02,3.958999999999999773e+02,3.963900000000000000e+06
2.009122100000000000e+07,3.981999999999999886e+02,4.067000122070312500e+02,3.762999877929687500e+02,4.010000000000000000e+02,2.158200000000000000e+06
2.009122800000000000e+07,4.010000000000000000e+02,4.257999877929687500e+02,3.930000000000000000e+02,4.258000000000000114e+02,1.310000000000000000e+06
2.010010400000000000e+07,4.050000000000000000e+02,4.467000122070312500e+02,4.050000000000000000e+02,4.425000000000000000e+02,2.917700000000000000e+06
2.010011100000000000e+07,4.403000000000000114e+02,4.512000122070312500e+02,4.150000000000000000e+02,4.343999999999999773e+02,3.217700000000000000e+06
2.010011800000000000e+07,4.330000000000000000e+02,4.353919982910156250e+02,4.155000000000000000e+02,4.216000000000000227e+02,2.165500000000000000e+06
2.010012500000000000e+07,4.223000000000000114e+02,4.655000000000000000e+02,4.213999938964843750e+02,4.500000000000000000e+02,5.420100000000000000e+06
2.010020100000000000e+07,4.443000000000000114e+02,4.650000000000000000e+02,4.372999877929687500e+02,4.420000000000000000e+02,3.756100000000000000e+06
2.010020800000000000e+07,4.408999999999999773e+02,4.872999877929687500e+02,4.395000000000000000e+02,4.775000000000000000e+02,6.304300000000000000e+06
2.010021500000000000e+07,4.810000000000000000e+02,5.030000000000000000e+02,4.740499877929687500e+02,5.010000000000000000e+02,3.186300000000000000e+06
2.010022200000000000e+07,5.000000000000000000e+02,5.180000000000000000e+02,4.682999877929687500e+02,4.750000000000000000e+02,3.469600000000000000e+06
2.010030100000000000e+07,4.751000000000000227e+02,4.843999938964843750e+02,4.300000000000000000e+02,4.300000000000000000e+02,4.158400000000000000e+06
2.010030800000000000e+07,4.921000000000000227e+02,4.970000000000000000e+02,4.797999877929687500e+02,4.843000000000000114e+02,2.753000000000000000e+06
2.010031500000000000e+07,4.713999999999999773e+02,4.961000061035156250e+02,4.477999877929687500e+02,4.708000000000000114e+02,4.949100000000000000e+06
2.010032200000000000e+07,4.723000000000000114e+02,4.792000122070312500e+02,4.555310058593750000e+02,4.701999999999999886e+02,2.634600000000000000e+06
2.010032900000000000e+07,4.621999999999999886e+02,4.748999938964843750e+02,4.519200134277343750e+02,4.618000000000000114e+02,1.805300000000000000e+06
2.010040500000000000e+07,4.618000000000000114e+02,4.742999877929687500e+02,4.445000000000000000e+02,4.445000000000000000e+02,2.967100000000000000e+06
2.010041200000000000e+07,4.466000000000000227e+02,4.612000122070312500e+02,4.235000000000000000e+02,4.518999999999999773e+02,6.594900000000000000e+06
2.010041900000000000e+07,4.513000000000000114e+02,4.688999938964843750e+02,4.395000000000000000e+02,4.461000000000000227e+02,5.594700000000000000e+06
2.010042600000000000e+07,4.473000000000000114e+02,4.520000000000000000e+02,4.051000061035156250e+02,4.300000000000000000e+02,6.464700000000000000e+06
2.010050300000000000e+07,4.300000000000000000e+02,4.617999877929687500e+02,4.045000000000000000e+02,4.116999999999999886e+02,8.773500000000000000e+06
2.010051000000000000e+07,4.266000000000000227e+02,4.395000000000000000e+02,4.133999938964843750e+02,4.190000000000000000e+02,8.781000000000000000e+06
2.010051700000000000e+07,4.131999999999999886e+02,4.168999938964843750e+02,3.717000122070312500e+02,3.893999999999999773e+02,1.003130000000000000e+07
2.010052400000000000e+07,3.900000000000000000e+02,4.085000000000000000e+02,3.707999877929687500e+02,3.960000000000000000e+02,1.048850000000000000e+07
2.010053100000000000e+07,3.960000000000000000e+02,4.000000000000000000e+02,3.767000122070312500e+02,3.946000000000000227e+02,5.244300000000000000e+06
2.010060700000000000e+07,3.865000000000000000e+02,4.105840148925781250e+02,3.805000000000000000e+02,4.058000000000000114e+02,7.411100000000000000e+06
2.010061400000000000e+07,4.076000000000000227e+02,4.370000000000000000e+02,4.061000061035156250e+02,4.258999999999999773e+02,8.251300000000000000e+06
2.010062100000000000e+07,4.293999999999999773e+02,4.365000000000000000e+02,3.870000000000000000e+02,3.873999999999999773e+02,5.199400000000000000e+06
2.010062800000000000e+07,3.873000000000000114e+02,3.892000122070312500e+02,3.617000122070312500e+02,3.638999999999999773e+02,6.615400000000000000e+06
2.010070500000000000e+07,3.638000000000000114e+02,3.870000000000000000e+02,3.565000000000000000e+02,3.818000000000000114e+02,4.300900000000000000e+06
2.010071200000000000e+07,3.798999999999999773e+02,4.050000000000000000e+02,3.743999938964843750e+02,3.895000000000000000e+02,4.250300000000000000e+06
2.010071900000000000e+07,3.866000000000000227e+02,4.083999938964843750e+02,3.816000061035156250e+02,4.070000000000000000e+02,3.812900000000000000e+06
2.010072600000000000e+07,4.058000000000000114e+02,4.211000061035156250e+02,3.395000000000000000e+02,3.416000000000000227e+02,1.531190000000000000e+07
2.010080200000000000e+07,3.500000000000000000e+02,3.523999938964843750e+02,3.337000122070312500e+02,3.366000000000000227e+02,7.504200000000000000e+06
2.010080900000000000e+07,3.350000000000000000e+02,3.401000061035156250e+02,3.040000000000000000e+02,3.125000000000000000e+02,6.447400000000000000e+06
2.010081600000000000e+07,3.141000000000000227e+02,3.255400085449218750e+02,3.072000122070312500e+02,3.108000000000000114e+02,4.865700000000000000e+06
2.010082300000000000e+07,3.133000000000000114e+02,3.157000122070312500e+02,2.760000000000000000e+02,2.855000000000000000e+02,6.751700000000000000e+06
2.010083000000000000e+07,2.855000000000000000e+02,3.037999877929687500e+02,2.762999877929687500e+02,2.983999999999999773e+02,5.519600000000000000e+06
2.010090600000000000e+07,2.930000000000000000e+02,3.234119873046875000e+02,2.930000000000000000e+02,3.158000000000000114e+02,5.203100000000000000e+06
2.010091300000000000e+07,3.260000000000000000e+02,3.642999877929687500e+02,3.260000000000000000e+02,3.526999999999999886e+02,7.886600000000000000e+06
2.010092000000000000e+07,3.511000000000000227e+02,3.590000000000000000e+02,3.337999877929687500e+02,3.510000000000000000e+02,4.023500000000000000e+06
2.010092700000000000e+07,3.510000000000000000e+02,3.742000122070312500e+02,3.350000000000000000e+02,3.443999999999999773e+02,1.034910000000000000e+07
2.010100400000000000e+07,3.460000000000000000e+02,3.529209899902343750e+02,3.280000000000000000e+02,3.313999999999999773e+02,4.587800000000000000e+06
2.010101100000000000e+07,3.241999999999999886e+02,3.447000122070312500e+02,3.242000122070312500e+02,3.440000000000000000e+02,4.861700000000000000e+06
2.010101800000000000e+07,3.410000000000000000e+02,3.472000122070312500e+02,3.317999877929687500e+02,3.368999999999999773e+02,3.383200000000000000e+06
2.010102500000000000e+07,3.375000000000000000e+02,3.531000061035156250e+02,2.818999938964843750e+02,3.178000000000000114e+02,1.312570000000000000e+07
2.010110100000000000e+07,3.183999999999999773e+02,3.262999877929687500e+02,3.130000000000000000e+02,3.198000000000000114e+02,4.490400000000000000e+06
2.010110800000000000e+07,3.180000000000000000e+02,3.243999938964843750e+02,3.155000000000000000e+02,3.241000000000000227e+02,4.327500000000000000e+06
2.010111500000000000e+07,3.216999999999999886e+02,3.276000061035156250e+02,3.167999877929687500e+02,3.235000000000000000e+02,3.025100000000000000e+06
2.010112200000000000e+07,3.243999999999999773e+02,3.271289978027343750e+02,3.135000000000000000e+02,3.200000000000000000e+02,3.902600000000000000e+06
2.010112900000000000e+07,3.198999999999999773e+02,3.367999877929687500e+02,3.125000000000000000e+02,3.300000000000000000e+02,3.037900000000000000e+06
2.010120600000000000e+07,3.313999999999999773e+02,3.338999938964843750e+02,3.256000061035156250e+02,3.301999999999999886e+02,2.114900000000000000e+06
2.010121300000000000e+07,3.298999999999999773e+02,3.323999938964843750e+02,3.142000122070312500e+02,3.201000000000000227e+02,1.770600000000000000e+06
2.010122000000000000e+07,3.200000000000000000e+02,3.490000000000000000e+02,3.157999877929687500e+02,3.441999999999999886e+02,1.831100000000000000e+06
2.010122700000000000e+07,3.441999999999999886e+02,3.616000061035156250e+02,3.380750122070312500e+02,3.503000000000000114e+02,1.877800000000000000e+06
2.011011000000000000e+07,3.603999999999999773e+02,4.180000000000000000e+02,3.550000000000000000e+02,4.133000000000000114e+02,6.265300000000000000e+06
2.011011700000000000e+07,4.150000000000000000e+02,4.250000000000000000e+02,3.915830078125000000e+02,4.013999999999999773e+02,4.017500000000000000e+06
2.011012400000000000e+07,4.013999999999999773e+02,4.050000000000000000e+02,3.878999938964843750e+02,3.911999999999999886e+02,3.255100000000000000e+06
2.011013100000000000e+07,3.876999999999999886e+02,4.190000000000000000e+02,3.778250122070312500e+02,4.061000000000000227e+02,3.284900000000000000e+06
2.011020700000000000e+07,4.041999999999999886e+02,4.640000000000000000e+02,4.003999938964843750e+02,4.421000000000000227e+02,6.017300000000000000e+06
2.011021400000000000e+07,4.444279999999999973e+02,4.488999938964843750e+02,4.232999877929687500e+02,4.340000000000000000e+02,2.141800000000000000e+06
2.011022100000000000e+07,4.200000000000000000e+02,4.200000000000000000e+02,3.745000000000000000e+02,3.890000000000000000e+02,1.526190000000000000e+07
2.011022800000000000e+07,3.890000000000000000e+02,3.932999877929687500e+02,3.741000061035156250e+02,3.816000000000000227e+02,4.320000000000000000e+06
2.011030700000000000e+07,3.810000000000000000e+02,3.810000000000000000e+02,3.550000000000000000e+02,3.686000000000000227e+02,4.855400000000000000e+06
2.011031400000000000e+07,3.661000000000000227e+02,3.860000000000000000e+02,3.596000061035156250e+02,3.700000000000000000e+02,5.544000000000000000e+06
2.011032100000000000e+07,3.728000000000000114e+02,3.876000061035156250e+02,3.692000122070312500e+02,3.698999999999999773e+02,3.773400000000000000e+06
2.011032800000000000e+07,3.691999999999999886e+02,3.772000122070312500e+02,3.653999938964843750e+02,3.665000000000000000e+02,3.968600000000000000e+06
2.011040400000000000e+07,3.700000000000000000e+02,3.932000122070312500e+02,3.647000122070312500e+02,3.910000000000000000e+02,4.280600000000000000e+06
2.011041100000000000e+07,3.888999999999999773e+02,3.922999877929687500e+02,3.596000061035156250e+02,3.670000000000000000e+02,2.604200000000000000e+06
2.011041800000000000e+07,3.665000000000000000e+02,3.763020019531250000e+02,3.581000061035156250e+02,3.700000000000000000e+02,2.346600000000000000e+06
2.011050900000000000e+07,3.580000000000000000e+02,3.913999938964843750e+02,3.497999877929687500e+02,3.775000000000000000e+02,6.115500000000000000e+06
2.011051600000000000e+07,3.746999999999999886e+02,3.788999938964843750e+02,3.622000122070312500e+02,3.751000000000000227e+02,2.520200000000000000e+06
2.011052300000000000e+07,3.731000000000000227e+02,3.733999938964843750e+02,3.602000122070312500e+02,3.655000000000000000e+02,3.094800000000000000e+06
2.011060600000000000e+07,3.370000000000000000e+02,3.421000061035156250e+02,3.118370056152343750e+02,3.136999999999999886e+02,4.373900000000000000e+06
2.011061300000000000e+07,3.126000000000000227e+02,3.237999877929687500e+02,2.982000122070312500e+02,3.130000000000000000e+02,7.704100000000000000e+06
2.011062000000000000e+07,3.115000000000000000e+02,3.146000061035156250e+02,3.022000122070312500e+02,3.110000000000000000e+02,5.146300000000000000e+06
2.011062700000000000e+07,3.100000000000000000e+02,3.218999938964843750e+02,2.988999938964843750e+02,3.216000000000000227e+02,3.880800000000000000e+06
2.011070400000000000e+07,3.210000000000000000e+02,3.330000000000000000e+02,3.140000000000000000e+02,3.213000000000000114e+02,2.961600000000000000e+06
2.011071100000000000e+07,3.200000000000000000e+02,3.207000122070312500e+02,2.910000000000000000e+02,2.943999999999999773e+02,3.625000000000000000e+06
2.011071800000000000e+07,2.920000000000000000e+02,3.076340026855468750e+02,2.832000122070312500e+02,3.048999999999999773e+02,4.244000000000000000e+06
2.011072500000000000e+07,3.030000000000000000e+02,3.045000000000000000e+02,2.773999938964843750e+02,2.791999999999999886e+02,4.823200000000000000e+06
2.011080100000000000e+07,2.801999999999999886e+02,2.860000000000000000e+02,2.333000030517578125e+02,2.440000000000000000e+02,4.926700000000000000e+06
2.011080800000000000e+07,2.389000000000000057e+02,2.508000030517578125e+02,2.218999938964843750e+02,2.429000000000000057e+02,7.141300000000000000e+06
2.011081500000000000e+07,2.430000000000000000e+02,2.465000000000000000e+02,2.141000061035156250e+02,2.225999999999999943e+02,4.653600000000000000e+06
2.011082200000000000e+07,2.190999999999999943e+02,2.311999969482421875e+02,2.125000000000000000e+02,2.180000000000000000e+02,2.920400000000000000e+06
2.011090500000000000e+07,2.160000000000000000e+02,2.190000000000000000e+02,2.080000000000000000e+02,2.080000000000000000e+02,5.324300000000000000e+06
2.011091200000000000e+07,2.055000000000000000e+02,2.426999969482421875e+02,1.981000061035156250e+02,2.426999999999999886e+02,8.057500000000000000e+06
2.011091900000000000e+07,2.344000000000000057e+02,2.408000030517578125e+02,2.121000061035156250e+02,2.218000000000000114e+02,4.520900000000000000e+06
2.011092600000000000e+07,2.185000000000000000e+02,2.321000061035156250e+02,2.058000030517578125e+02,2.100000000000000000e+02,4.523000000000000000e+06
2.011100300000000000e+07,2.050999999999999943e+02,2.085000000000000000e+02,1.848000030517578125e+02,1.880000000000000000e+02,5.526600000000000000e+06
2.011101000000000000e+07,1.910999999999999943e+02,1.956999969482421875e+02,1.761000061035156250e+02,1.900999999999999943e+02,5.195100000000000000e+06
2.011101700000000000e+07,1.904000000000000057e+02,1.933999938964843750e+02,1.768999938964843750e+02,1.835999999999999943e+02,4.133700000000000000e+06
2.011102400000000000e+07,1.795000000000000000e+02,2.013999938964843750e+02,1.740000000000000000e+02,1.823000000000000114e+02,6.086500000000000000e+06
2.011103100000000000e+07,1.801999999999999886e+02,1.848999938964843750e+02,1.690000000000000000e+02,1.755999999999999943e+02,1.001820000000000000e+07
2.011110700000000000e+07,1.733000000000000114e+02,1.876999969482421875e+02,1.681000061035156250e+02,1.861999999999999886e+02,6.066900000000000000e+06
2.011111400000000000e+07,1.863000000000000114e+02,1.901999969482421875e+02,1.679499969482421875e+02,1.725999999999999943e+02,3.403000000000000000e+06
2.011112100000000000e+07,1.710000000000000000e+02,1.710000000000000000e+02,1.531999969482421875e+02,1.600000000000000000e+02,3.022000000000000000e+06
2.011112800000000000e+07,1.620000000000000000e+02,1.750740051269531250e+02,1.611000061035156250e+02,1.720999999999999943e+02,2.916800000000000000e+06
2.011120500000000000e+07,1.724000000000000057e+02,1.762599945068359375e+02,1.641999969482421875e+02,1.668000000000000114e+02,3.688100000000000000e+06
2.011121200000000000e+07,1.705000000000000000e+02,1.979199981689453125e+02,1.705000000000000000e+02,1.866999999999999886e+02,7.011200000000000000e+06
2.011121900000000000e+07,1.848000000000000114e+02,1.890000000000000000e+02,1.750000000000000000e+02,1.830000000000000000e+02,1.983700000000000000e+06
2.011122600000000000e+07,1.830000000000000000e+02,1.856000061035156250e+02,1.776000061035156250e+02,1.835000000000000000e+02,8.790000000000000000e+05
2.012010200000000000e+07,1.835000000000000000e+02,1.920000000000000000e+02,1.835000000000000000e+02,1.909000000000000057e+02,2.772100000000000000e+06
2.012010900000000000e+07,1.903000000000000114e+02,2.026999969482421875e+02,1.868999938964843750e+02,2.026999999999999886e+02,3.609600000000000000e+06
2.012011600000000000e+07,2.010999999999999943e+02,2.281000061035156250e+02,2.001999969482421875e+02,2.260000000000000000e+02,3.206700000000000000e+06
2.012012300000000000e+07,2.285999999999999943e+02,2.366000061035156250e+02,2.213000030517578125e+02,2.326999999999999886e+02,3.020600000000000000e+06
2.012013000000000000e+07,2.305000000000000000e+02,2.393999938964843750e+02,2.261999969482421875e+02,2.390000000000000000e+02,2.761200000000000000e+06
2.012020600000000000e+07,2.366999999999999886e+02,2.393999938964843750e+02,2.263999938964843750e+02,2.361999999999999886e+02,3.096700000000000000e+06
2.012021300000000000e+07,2.366999999999999886e+02,2.406000061035156250e+02,2.259609985351562500e+02,2.276999999999999886e+02,3.842400000000000000e+06
2.012022000000000000e+07,2.411999999999999886e+02,2.886000061035156250e+02,2.405000000000000000e+02,2.486999999999999886e+02,7.720800000000000000e+06
2.012022700000000000e+07,2.493000000000000114e+02,2.597000122070312500e+02,2.396549987792968750e+02,2.411999999999999886e+02,4.190300000000000000e+06
2.012030500000000000e+07,2.410000000000000000e+02,2.485000000000000000e+02,2.283760070800781250e+02,2.461999999999999886e+02,3.896300000000000000e+06
2.012031200000000000e+07,2.470999999999999943e+02,2.606000061035156250e+02,2.471000061035156250e+02,2.580000000000000000e+02,4.819000000000000000e+06
2.012031900000000000e+07,2.580000000000000000e+02,2.598999938964843750e+02,2.398999938964843750e+02,2.435999999999999943e+02,4.700900000000000000e+06
2.012032600000000000e+07,2.450000000000000000e+02,2.475000000000000000e+02,2.271000061035156250e+02,2.299000000000000057e+02,4.189800000000000000e+06
2.012040200000000000e+07,2.300000000000000000e+02,2.336999969482421875e+02,2.165500030517578125e+02,2.185999999999999943e+02,2.641400000000000000e+06
2.012040900000000000e+07,2.185999999999999943e+02,2.210000000000000000e+02,2.007500000000000000e+02,2.160999999999999943e+02,6.205100000000000000e+06
2.012041600000000000e+07,2.150999999999999943e+02,2.166999969482421875e+02,1.971000061035156250e+02,1.984000000000000057e+02,6.457500000000000000e+06
2.012042300000000000e+07,1.975999999999999943e+02,2.331000061035156250e+02,1.940000000000000000e+02,2.328000000000000114e+02,8.153200000000000000e+06
2.012043000000000000e+07,2.325999999999999943e+02,2.410000000000000000e+02,2.156999969482421875e+02,2.315999999999999943e+02,6.818500000000000000e+06
2.012050700000000000e+07,2.315999999999999943e+02,2.348000030517578125e+02,2.055000000000000000e+02,2.240000000000000000e+02,3.480200000000000000e+06
2.012051400000000000e+07,2.218000000000000114e+02,2.218000030517578125e+02,2.018999938964843750e+02,2.024000000000000057e+02,3.961400000000000000e+06
2.012052100000000000e+07,2.008000000000000114e+02,2.181999969482421875e+02,2.003999938964843750e+02,2.055999999999999943e+02,3.556000000000000000e+06
2.012052800000000000e+07,2.043000000000000114e+02,2.155220031738281250e+02,1.977339935302734375e+02,2.003000000000000114e+02,3.153600000000000000e+06
2.012060400000000000e+07,2.003000000000000114e+02,2.106000061035156250e+02,1.970000000000000000e+02,2.098000000000000114e+02,1.710800000000000000e+06
2.012061100000000000e+07,2.130000000000000000e+02,2.143439941406250000e+02,1.982550048828125000e+02,2.081999999999999886e+02,2.270800000000000000e+06
2.012061800000000000e+07,2.110000000000000000e+02,2.238999938964843750e+02,2.061999969482421875e+02,2.190000000000000000e+02,1.754900000000000000e+06
2.012062500000000000e+07,2.185999999999999943e+02,2.231000061035156250e+02,2.111999969482421875e+02,2.204000000000000057e+02,2.880900000000000000e+06
2.012070200000000000e+07,2.211999999999999886e+02,2.356999969482421875e+02,2.201000061035156250e+02,2.306999999999999886e+02,2.184300000000000000e+06
2.012070900000000000e+07,2.296999999999999886e+02,2.336999969482421875e+02,2.171000061035156250e+02,2.184000000000000057e+02,2.476500000000000000e+06
2.012071600000000000e+07,2.190000000000000000e+02,3.143999938964843750e+02,2.175000000000000000e+02,2.990000000000000000e+02,1.156260000000000000e+07
2.012072300000000000e+07,2.988999999999999773e+02,3.152999877929687500e+02,2.897000122070312500e+02,3.126999999999999886e+02,5.198600000000000000e+06
2.012073000000000000e+07,3.171999999999999886e+02,3.257999877929687500e+02,3.057839965820312500e+02,3.231999999999999886e+02,1.899700000000000000e+06
2.012080600000000000e+07,3.321000000000000227e+02,3.403999938964843750e+02,3.195920104980468750e+02,3.310000000000000000e+02,2.303500000000000000e+06
2.012081300000000000e+07,3.306000000000000227e+02,3.356000061035156250e+02,3.212999877929687500e+02,3.333999999999999773e+02,1.799300000000000000e+06
2.012082000000000000e+07,3.323000000000000114e+02,3.356950073242187500e+02,3.242999877929687500e+02,3.318000000000000114e+02,1.801500000000000000e+06
2.012082700000000000e+07,3.318000000000000114e+02,3.350000000000000000e+02,3.178089904785156250e+02,3.256000000000000227e+02,1.312900000000000000e+06
2.012090300000000000e+07,3.186999999999999886e+02,3.330000000000000000e+02,3.052000122070312500e+02,3.330000000000000000e+02,2.588900000000000000e+06
2.012091000000000000e+07,3.295000000000000000e+02,3.343999938964843750e+02,3.200499877929687500e+02,3.275000000000000000e+02,1.529800000000000000e+06
2.012091700000000000e+07,3.261000000000000227e+02,3.263959960937500000e+02,3.072999877929687500e+02,3.116999999999999886e+02,2.314900000000000000e+06
2.012092400000000000e+07,3.116999999999999886e+02,3.200000000000000000e+02,3.070000000000000000e+02,3.181000000000000227e+02,1.871300000000000000e+06
2.012100100000000000e+07,3.178999999999999773e+02,3.430000000000000000e+02,3.178399963378906250e+02,3.373999999999999773e+02,2.506000000000000000e+06
2.012100800000000000e+07,3.363000000000000114e+02,3.407359924316406250e+02,3.301000061035156250e+02,3.346999999999999886e+02,1.570200000000000000e+06
2.012101500000000000e+07,3.353000000000000114e+02,3.448999938964843750e+02,3.258999938964843750e+02,3.361000000000000227e+02,1.828400000000000000e+06
2.012102200000000000e+07,3.371999999999999886e+02,3.711000061035156250e+02,3.300000000000000000e+02,3.383999999999999773e+02,4.753200000000000000e+06
2.012102900000000000e+07,3.410000000000000000e+02,3.592999877929687500e+02,3.400000000000000000e+02,3.531000000000000227e+02,3.221500000000000000e+06
2.012110500000000000e+07,3.570000000000000000e+02,3.570000000000000000e+02,3.425000000000000000e+02,3.483000000000000114e+02,3.963100000000000000e+06
2.012111200000000000e+07,3.491000000000000227e+02,3.506000061035156250e+02,3.410000000000000000e+02,3.420000000000000000e+02,1.288800000000000000e+06
2.012111900000000000e+07,3.428999999999999773e+02,3.518999938964843750e+02,3.392999877929687500e+02,3.496000000000000227e+02,1.284800000000000000e+06
2.012112600000000000e+07,3.508000000000000114e+02,3.678999938964843750e+02,3.305000000000000000e+02,3.351000000000000227e+02,5.370880000000000000e+07
2.012120300000000000e+07,3.350000000000000000e+02,3.455000000000000000e+02,3.342999877929687500e+02,3.390000000000000000e+02,3.591100000000000000e+06
2.012121000000000000e+07,3.370000000000000000e+02,3.412999877929687500e+02,3.294899902343750000e+02,3.378000000000000114e+02,1.831700000000000000e+06
2.012121700000000000e+07,3.365000000000000000e+02,3.442000122070312500e+02,3.328999938964843750e+02,3.428000000000000114e+02,1.687600000000000000e+06
2.012122400000000000e+07,3.448999999999999773e+02,3.448999938964843750e+02,3.355000000000000000e+02,3.373999999999999773e+02,3.039000000000000000e+05
2.012123100000000000e+07,3.376000000000000227e+02,3.553999938964843750e+02,3.337999877929687500e+02,3.501999999999999886e+02,1.171900000000000000e+06
2.013010700000000000e+07,3.486000000000000227e+02,3.798999938964843750e+02,3.486000061035156250e+02,3.761999999999999886e+02,1.870500000000000000e+06
2.013011400000000000e+07,3.708000000000000114e+02,3.772000122070312500e+02,3.477999877929687500e+02,3.650000000000000000e+02,2.015300000000000000e+06
2.013012100000000000e+07,3.668000000000000114e+02,3.696000061035156250e+02,3.599249877929687500e+02,3.645000000000000000e+02,1.649800000000000000e+06
2.013012800000000000e+07,3.650000000000000000e+02,3.747999877929687500e+02,3.607000122070312500e+02,3.700000000000000000e+02,1.851200000000000000e+06
2.013020400000000000e+07,3.713000000000000114e+02,3.876000061035156250e+02,3.603009948730468750e+02,3.850000000000000000e+02,1.599200000000000000e+06
2.013021100000000000e+07,3.836999999999999886e+02,3.968999938964843750e+02,3.760000000000000000e+02,3.871999999999999886e+02,1.521700000000000000e+06
2.013021800000000000e+07,3.925000000000000000e+02,4.403999938964843750e+02,3.775799865722656250e+02,4.316000000000000227e+02,3.987000000000000000e+06
2.013022500000000000e+07,4.270000000000000000e+02,4.817999877929687500e+02,4.250000000000000000e+02,4.691000000000000227e+02,4.126100000000000000e+06
2.013030400000000000e+07,4.656000000000000227e+02,5.130000000000000000e+02,4.606000061035156250e+02,4.876000000000000227e+02,3.767200000000000000e+06
2.013031100000000000e+07,4.851999999999999886e+02,5.020199890136718750e+02,4.700599975585937500e+02,4.733999999999999773e+02,3.251300000000000000e+06
2.013031800000000000e+07,4.680000000000000000e+02,4.895000000000000000e+02,4.571350097656250000e+02,4.823000000000000114e+02,3.316500000000000000e+06
2.013032500000000000e+07,4.850000000000000000e+02,5.015000000000000000e+02,4.800000000000000000e+02,4.823000000000000114e+02,2.212700000000000000e+06
2.013040100000000000e+07,4.823000000000000114e+02,4.892999877929687500e+02,4.627000122070312500e+02,4.641999999999999886e+02,2.081700000000000000e+06
2.013040800000000000e+07,4.665000000000000000e+02,5.045000000000000000e+02,4.641000061035156250e+02,4.968999999999999773e+02,2.540200000000000000e+06
2.013041500000000000e+07,4.956999999999999886e+02,5.060000000000000000e+02,4.668949890136718750e+02,4.771999999999999886e+02,2.552500000000000000e+06
2.013042200000000000e+07,4.763999999999999773e+02,4.972000122070312500e+02,4.662999877929687500e+02,4.971999999999999886e+02,3.426700000000000000e+06
2.013042900000000000e+07,4.943000000000000114e+02,5.125000000000000000e+02,4.861000061035156250e+02,5.075000000000000000e+02,3.599500000000000000e+06
2.013050600000000000e+07,5.075000000000000000e+02,5.530000000000000000e+02,5.025000000000000000e+02,5.440000000000000000e+02,3.258300000000000000e+06
2.013051300000000000e+07,5.390000000000000000e+02,5.655000000000000000e+02,5.340000000000000000e+02,5.610000000000000000e+02,2.622900000000000000e+06
2.013052000000000000e+07,5.660000000000000000e+02,5.790000000000000000e+02,5.380000000000000000e+02,5.495000000000000000e+02,2.425100000000000000e+06
2.013052700000000000e+07,5.495000000000000000e+02,5.600000000000000000e+02,5.435000000000000000e+02,5.520000000000000000e+02,1.792300000000000000e+06
2.013060300000000000e+07,5.545000000000000000e+02,5.545000000000000000e+02,5.096329956054687500e+02,5.165000000000000000e+02,1.880400000000000000e+06
2.013061000000000000e+07,5.215000000000000000e+02,5.365000000000000000e+02,5.074800109863281250e+02,5.295000000000000000e+02,1.658900000000000000e+06
2.013061700000000000e+07,5.315000000000000000e+02,5.395000000000000000e+02,5.025000000000000000e+02,5.025000000000000000e+02,1.708700000000000000e+06
2.013062400000000000e+07,5.020000000000000000e+02,5.450000000000000000e+02,4.843999938964843750e+02,5.390000000000000000e+02,2.373900000000000000e+06
2.013070100000000000e+07,5.450000000000000000e+02,5.915000000000000000e+02,5.400000000000000000e+02,5.865000000000000000e+02,1.578400000000000000e+06
2.013070800000000000e+07,5.870000000000000000e+02,6.085000000000000000e+02,5.770000000000000000e+02,6.060000000000000000e+02,1.574500000000000000e+06
2.013071500000000000e+07,6.060000000000000000e+02,6.185139770507812500e+02,5.970000000000000000e+02,6.000000000000000000e+02,1.000300000000000000e+06
2.013072200000000000e+07,6.015000000000000000e+02,6.205000000000000000e+02,5.700689697265625000e+02,5.780000000000000000e+02,2.442000000000000000e+06
2.013072900000000000e+07,5.800000000000000000e+02,5.910000000000000000e+02,5.270000000000000000e+02,5.365000000000000000e+02,2.122000000000000000e+06
2.013080500000000000e+07,5.360000000000000000e+02,5.405000000000000000e+02,5.015000000000000000e+02,5.180000000000000000e+02,2.578600000000000000e+06
2.013081200000000000e+07,5.180000000000000000e+02,5.235000000000000000e+02,4.993479919433593750e+02,5.110000000000000000e+02,1.483200000000000000e+06
2.013081900000000000e+07,5.105000000000000000e+02,5.312000122070312500e+02,5.055000000000000000e+02,5.195000000000000000e+02,1.217100000000000000e+06
2.013082600000000000e+07,5.195000000000000000e+02,5.195000000000000000e+02,4.886300048828125000e+02,4.990000000000000000e+02,1.332800000000000000e+06
2.013090200000000000e+07,4.998999999999999773e+02,5.065000000000000000e+02,4.747000122070312500e+02,4.950000000000000000e+02,2.066000000000000000e+06
2.013090900000000000e+07,4.980000000000000000e+02,5.370000000000000000e+02,4.980000000000000000e+02,5.265000000000000000e+02,1.764400000000000000e+06
2.013091600000000000e+07,5.320000000000000000e+02,5.380000000000000000e+02,5.170000000000000000e+02,5.185000000000000000e+02,1.116200000000000000e+06
2.013092300000000000e+07,5.175000000000000000e+02,5.280000000000000000e+02,5.010000000000000000e+02,5.170000000000000000e+02,9.560000000000000000e+05
2.013093000000000000e+07,5.115000000000000000e+02,5.470000000000000000e+02,5.080000000000000000e+02,5.250000000000000000e+02,1.497100000000000000e+06
2.013100700000000000e+07,5.245000000000000000e+02,5.245000000000000000e+02,4.951000061035156250e+02,5.005000000000000000e+02,9.707000000000000000e+05
2.013101400000000000e+07,5.000000000000000000e+02,5.610399780273437500e+02,4.992999877929687500e+02,5.500000000000000000e+02,1.417100000000000000e+06
2.013102100000000000e+07,5.495000000000000000e+02,5.600000000000000000e+02,5.395000000000000000e+02,5.405000000000000000e+02,1.676600000000000000e+06
2.013102800000000000e+07,5.405000000000000000e+02,5.585000000000000000e+02,5.345000000000000000e+02,5.500000000000000000e+02,8.275000000000000000e+05
2.013110400000000000e+07,5.495000000000000000e+02,5.555000000000000000e+02,4.825199890136718750e+02,4.998999999999999773e+02,3.980200000000000000e+06
2.013111100000000000e+07,5.000000000000000000e+02,5.025000000000000000e+02,4.712999877929687500e+02,4.988999999999999773e+02,2.159500000000000000e+06
2.013111800000000000e+07,4.996999999999999886e+02,5.077760009765625000e+02,4.778999938964843750e+02,4.786999999999999886e+02,1.231500000000000000e+06
2.013112500000000000e+07,4.828000000000000114e+02,5.100499877929687500e+02,4.780000000000000000e+02,5.020000000000000000e+02,1.308300000000000000e+06
2.013120200000000000e+07,5.005000000000000000e+02,5.060000000000000000e+02,4.878999938964843750e+02,5.055000000000000000e+02,9.124000000000000000e+05
2.013120900000000000e+07,5.050000000000000000e+02,6.000000000000000000e+02,4.978999938964843750e+02,5.860000000000000000e+02,2.850400000000000000e+06
2.013121600000000000e+07,5.805000000000000000e+02,6.430000000000000000e+02,5.780000000000000000e+02,6.245000000000000000e+02,3.506800000000000000e+06
2.013122300000000000e+07,6.320000000000000000e+02,6.445000000000000000e+02,6.205000000000000000e+02,6.395000000000000000e+02,4.815000000000000000e+05
2.013123000000000000e+07,6.450000000000000000e+02,6.530000000000000000e+02,6.290000000000000000e+02,6.510000000000000000e+02,7.967000000000000000e+05
2.014010600000000000e+07,6.435000000000000000e+02,6.685000000000000000e+02,6.065000000000000000e+02,6.325000000000000000e+02,1.793200000000000000e+06
2.014011300000000000e+07,6.355000000000000000e+02,7.090000000000000000e+02,6.274400024414062500e+02,7.055000000000000000e+02,5.160600000000000000e+06
2.014012000000000000e+07,7.090000000000000000e+02,7.165000000000000000e+02,6.715000000000000000e+02,6.870000000000000000e+02,2.084400000000000000e+06
2.014012700000000000e+07,6.840000000000000000e+02,6.935000000000000000e+02,6.505330200195312500e+02,6.615000000000000000e+02,1.421500000000000000e+06
2.014020300000000000e+07,6.620000000000000000e+02,6.890000000000000000e+02,6.505999755859375000e+02,6.785000000000000000e+02,1.693300000000000000e+06
2.014021000000000000e+07,6.780000000000000000e+02,6.865000000000000000e+02,6.660000000000000000e+02,6.825000000000000000e+02,1.329900000000000000e+06
2.014021700000000000e+07,6.765000000000000000e+02,6.995000000000000000e+02,6.685000000000000000e+02,6.880000000000000000e+02,1.788300000000000000e+06
2.014022400000000000e+07,6.795000000000000000e+02,7.825000000000000000e+02,6.337800292968750000e+02,7.575000000000000000e+02,4.719900000000000000e+06
2.014030300000000000e+07,7.410000000000000000e+02,8.200000000000000000e+02,7.240000000000000000e+02,7.720000000000000000e+02,2.926500000000000000e+06
2.014031000000000000e+07,7.760000000000000000e+02,7.790000000000000000e+02,7.075000000000000000e+02,7.345000000000000000e+02,1.625400000000000000e+06
2.014031700000000000e+07,7.305000000000000000e+02,7.395000000000000000e+02,7.036699829101562500e+02,7.240000000000000000e+02,3.415500000000000000e+06
2.014032400000000000e+07,7.215000000000000000e+02,7.260000000000000000e+02,6.934479980468750000e+02,6.940000000000000000e+02,1.960200000000000000e+06
2.014033100000000000e+07,7.020000000000000000e+02,7.380000000000000000e+02,6.900000000000000000e+02,6.900000000000000000e+02,2.259200000000000000e+06
2.014040700000000000e+07,6.845000000000000000e+02,7.050000000000000000e+02,6.385000000000000000e+02,6.660000000000000000e+02,2.552400000000000000e+06
2.014041400000000000e+07,6.615000000000000000e+02,6.640599975585937500e+02,6.255000000000000000e+02,6.535000000000000000e+02,2.110800000000000000e+06
2.014042100000000000e+07,6.535000000000000000e+02,6.750000000000000000e+02,6.460000000000000000e+02,6.560000000000000000e+02,1.345200000000000000e+06
2.014042800000000000e+07,6.570000000000000000e+02,6.650000000000000000e+02,5.455620117187500000e+02,5.695000000000000000e+02,4.071800000000000000e+06
2.014050500000000000e+07,5.695000000000000000e+02,5.720000000000000000e+02,5.330000000000000000e+02,5.565000000000000000e+02,4.031100000000000000e+06
2.014051200000000000e+07,5.550000000000000000e+02,5.920000000000000000e+02,5.290000000000000000e+02,5.340000000000000000e+02,3.397400000000000000e+06
2.014051900000000000e+07,5.375000000000000000e+02,5.745000000000000000e+02,5.200000000000000000e+02,5.535000000000000000e+02,3.253200000000000000e+06
2.014052600000000000e+07,5.535000000000000000e+02,6.023779907226562500e+02,5.535000000000000000e+02,5.930000000000000000e+02,1.977000000000000000e+06
2.014060200000000000e+07,5.925000000000000000e+02,6.340000000000000000e+02,5.900000000000000000e+02,6.240000000000000000e+02,2.340800000000000000e+06
2.014060900000000000e+07,6.190000000000000000e+02,6.315000000000000000e+02,5.930399780273437500e+02,6.015000000000000000e+02,1.410500000000000000e+06
2.014061600000000000e+07,6.040000000000000000e+02,6.115000000000000000e+02,5.763599853515625000e+02,5.825000000000000000e+02,1.791900000000000000e+06
2.014062300000000000e+07,5.780000000000000000e+02,5.860000000000000000e+02,5.390000000000000000e+02,5.845000000000000000e+02,2.825000000000000000e+06
2.014063000000000000e+07,5.815000000000000000e+02,6.155000000000000000e+02,5.803599853515625000e+02,6.100000000000000000e+02,2.543900000000000000e+06
2.014070700000000000e+07,6.030000000000000000e+02,6.230000000000000000e+02,5.745000000000000000e+02,5.830000000000000000e+02,1.612200000000000000e+06
2.014071400000000000e+07,5.845000000000000000e+02,5.995000000000000000e+02,5.690000000000000000e+02,5.870000000000000000e+02,1.765000000000000000e+06
2.014072100000000000e+07,5.865000000000000000e+02,5.985000000000000000e+02,5.550000000000000000e+02,5.810000000000000000e+02,1.971800000000000000e+06
2.014072800000000000e+07,5.780000000000000000e+02,5.880000000000000000e+02,5.170000000000000000e+02,5.450000000000000000e+02,2.943700000000000000e+06
2.014080400000000000e+07,5.455000000000000000e+02,5.480000000000000000e+02,5.108469848632812500e+02,5.240000000000000000e+02,1.842100000000000000e+06
2.014081100000000000e+07,5.255000000000000000e+02,5.385000000000000000e+02,5.060000000000000000e+02,5.285000000000000000e+02,1.217700000000000000e+06
2.014081800000000000e+07,5.305000000000000000e+02,5.895000000000000000e+02,5.215000000000000000e+02,5.550000000000000000e+02,3.084900000000000000e+06
2.014082500000000000e+07,5.550000000000000000e+02,8.000000000000000000e+02,5.550000000000000000e+02,7.860000000000000000e+02,6.604000000000000000e+06
2.014090100000000000e+07,7.815000000000000000e+02,8.050000000000000000e+02,7.416010131835937500e+02,7.505000000000000000e+02,2.728500000000000000e+06
2.014090800000000000e+07,7.450000000000000000e+02,7.725000000000000000e+02,7.315000000000000000e+02,7.660000000000000000e+02,2.405100000000000000e+06
2.014091500000000000e+07,7.615000000000000000e+02,7.870000000000000000e+02,7.530000000000000000e+02,7.660000000000000000e+02,1.872800000000000000e+06
2.014092200000000000e+07,7.615000000000000000e+02,7.900000000000000000e+02,7.145000000000000000e+02,7.615000000000000000e+02,3.754600000000000000e+06
2.014092900000000000e+07,7.600000000000000000e+02,7.730000000000000000e+02,7.242500000000000000e+02,7.310000000000000000e+02,1.923700000000000000e+06
2.014100600000000000e+07,7.305000000000000000e+02,7.415000000000000000e+02,6.390000000000000000e+02,6.710000000000000000e+02,3.920300000000000000e+06
2.014101300000000000e+07,6.650000000000000000e+02,8.900000000000000000e+02,6.295000000000000000e+02,8.570000000000000000e+02,2.264900000000000000e+07
2.014102000000000000e+07,8.550000000000000000e+02,8.578800048828125000e+02,8.300000000000000000e+02,8.450000000000000000e+02,1.441260000000000000e+07
2.014102700000000000e+07,8.445000000000000000e+02,8.450000000000000000e+02,8.345000000000000000e+02,8.380000000000000000e+02,4.720700000000000000e+06
2.014110300000000000e+07,8.410000000000000000e+02,8.475000000000000000e+02,8.260000000000000000e+02,8.290000000000000000e+02,7.402300000000000000e+06
2.014111000000000000e+07,8.285000000000000000e+02,8.485000000000000000e+02,8.230000000000000000e+02,8.315000000000000000e+02,1.706000000000000000e+06
2.014111700000000000e+07,8.280000000000000000e+02,8.390000000000000000e+02,8.162399902343750000e+02,8.265000000000000000e+02,2.807400000000000000e+06
2.014112400000000000e+07,8.355000000000000000e+02,8.355000000000000000e+02,8.140000000000000000e+02,8.280000000000000000e+02,1.959500000000000000e+06
2.014120100000000000e+07,8.225000000000000000e+02,8.550000000000000000e+02,8.225000000000000000e+02,8.470000000000000000e+02,1.972100000000000000e+06
2.014120800000000000e+07,8.525000000000000000e+02,8.530000000000000000e+02,8.400000000000000000e+02,8.440000000000000000e+02,1.277700000000000000e+06
2.014121500000000000e+07,8.450000000000000000e+02,8.500000000000000000e+02,8.380000000000000000e+02,8.400000000000000000e+02,2.183200000000000000e+06
2.014122200000000000e+07,8.410000000000000000e+02,8.580000000000000000e+02,8.410000000000000000e+02,8.490000000000000000e+02,1.024400000000000000e+06
2.014122900000000000e+07,8.500000000000000000e+02,8.645000000000000000e+02,8.500000000000000000e+02,8.580000000000000000e+02,7.341000000000000000e+05
2.015010500000000000e+07,8.590000000000000000e+02,8.602239990234375000e+02,8.500000000000000000e+02,8.535000000000000000e+02,1.309500000000000000e+06
2.015011200000000000e+07,8.500000000000000000e+02,8.595000000000000000e+02,8.495000000000000000e+02,8.580000000000000000e+02,1.177400000000000000e+06
2.015011900000000000e+07,8.595000000000000000e+02,8.635000000000000000e+02,8.515000000000000000e+02,8.630000000000000000e+02,2.910400000000000000e+06
2.015012600000000000e+07,8.505000000000000000e+02,8.630000000000000000e+02,8.505000000000000000e+02,8.550000000000000000e+02,4.090100000000000000e+06
2.015020200000000000e+07,8.550000000000000000e+02,8.580000000000000000e+02,8.510000000000000000e+02,8.525000000000000000e+02,1.694700000000000000e+06
2.015020900000000000e+07,8.525000000000000000e+02,8.725000000000000000e+02,8.520000000000000000e+02,8.670000000000000000e+02,4.672300000000000000e+06
2.015021600000000000e+07,8.685000000000000000e+02,8.725000000000000000e+02,8.645000000000000000e+02,8.685000000000000000e+02,1.345900000000000000e+06
2.015022300000000000e+07,8.670000000000000000e+02,8.700000000000000000e+02,8.660000000000000000e+02,8.665000000000000000e+02,4.758600000000000000e+06
2.015030200000000000e+07,8.660000000000000000e+02,8.710000000000000000e+02,8.620000000000000000e+02,8.650000000000000000e+02,4.141300000000000000e+06
2.015030900000000000e+07,8.575000000000000000e+02,8.665000000000000000e+02,8.575000000000000000e+02,8.635000000000000000e+02,4.981200000000000000e+06
2.015031600000000000e+07,8.635000000000000000e+02,8.650000000000000000e+02,8.560000000000000000e+02,8.630000000000000000e+02,1.522340000000000000e+07
2.015032300000000000e+07,8.650000000000000000e+02,8.750000000000000000e+02,8.600000000000000000e+02,8.750000000000000000e+02,9.023300000000000000e+06
2.015033000000000000e+07,8.730000000000000000e+02,8.800000000000000000e+02,8.630000000000000000e+02,8.745000000000000000e+02,3.930100000000000000e+06
2.015040600000000000e+07,8.745000000000000000e+02,8.845000000000000000e+02,8.720000000000000000e+02,8.780000000000000000e+02,2.375300000000000000e+06
2.015041300000000000e+07,8.780000000000000000e+02,8.810000000000000000e+02,8.725000000000000000e+02,8.765000000000000000e+02,1.454300000000000000e+06
2.015042000000000000e+07,8.750000000000000000e+02,8.775000000000000000e+02,8.705000000000000000e+02,8.755000000000000000e+02,8.731700000000000000e+06
2.015042700000000000e+07,8.750000000000000000e+02,8.850000000000000000e+02,8.743599853515625000e+02,8.780000000000000000e+02,6.554700000000000000e+06
2.015050400000000000e+07,8.780000000000000000e+02,8.885000000000000000e+02,8.755000000000000000e+02,8.830000000000000000e+02,3.641700000000000000e+06
2.015051100000000000e+07,8.775000000000000000e+02,8.880000000000000000e+02,8.755000000000000000e+02,8.845000000000000000e+02,3.281400000000000000e+06
2.015051800000000000e+07,8.870000000000000000e+02,8.882999877929687500e+02,8.805000000000000000e+02,8.840000000000000000e+02,1.763200000000000000e+06
2.015052500000000000e+07,8.840000000000000000e+02,8.865000000000000000e+02,8.670000000000000000e+02,8.830000000000000000e+02,3.156300000000000000e+06
2.015060100000000000e+07,8.805000000000000000e+02,8.915000000000000000e+02,8.740000000000000000e+02,8.745000000000000000e+02,5.392500000000000000e+06
2.015060800000000000e+07,8.900000000000000000e+02,8.900000000000000000e+02,8.730000000000000000e+02,8.745000000000000000e+02,2.450400000000000000e+06
2.015061500000000000e+07,8.700000000000000000e+02,8.780000000000000000e+02,8.695000000000000000e+02,8.720000000000000000e+02,2.196200000000000000e+06
2.015062200000000000e+07,8.800000000000000000e+02,8.805000000000000000e+02,8.720000000000000000e+02,8.800000000000000000e+02,1.866900000000000000e+06
2.015062900000000000e+07,8.705000000000000000e+02,8.785000000000000000e+02,8.670000000000000000e+02,8.750000000000000000e+02,2.361200000000000000e+06
2.015070600000000000e+07,8.880000000000000000e+02,8.880000000000000000e+02,8.725000000000000000e+02,8.810000000000000000e+02,2.177600000000000000e+06
2.015071300000000000e+07,8.830000000000000000e+02,8.851970214843750000e+02,8.670000000000000000e+02,8.710000000000000000e+02,2.551300000000000000e+06
2.015072000000000000e+07,8.880000000000000000e+02,8.980000000000000000e+02,8.620000000000000000e+02,8.970000000000000000e+02,3.922200000000000000e+06
2.015072700000000000e+07,8.970000000000000000e+02,8.980000000000000000e+02,8.930000000000000000e+02,8.980000000000000000e+02,4.814600000000000000e+06
2.015080300000000000e+07,8.970000000000000000e+02,9.000000000000000000e+02,8.970000000000000000e+02,8.985000000000000000e+02,1.117600000000000000e+06
2.015081000000000000e+07,8.985000000000000000e+02,8.995000000000000000e+02,8.985000000000000000e+02,8.995000000000000000e+02,2.612414000000000000e+06
