2.009100500000000000e+07,1.893000000000000114e+02,2.161000061035156250e+02,1.893000030517578125e+02,2.065000000000000000e+02,7.451500000000000000e+06
2.009101200000000000e+07,2.100000000000000000e+02,2.118000030517578125e+02,2.055000000000000000e+02,2.056999999999999886e+02,2.402000000000000000e+06
2.009101900000000000e+07,2.055000000000000000e+02,2.086000061035156250e+02,2.055000000000000000e+02,2.073000000000000114e+02,1.016300000000000000e+06
2.009102600000000000e+07,1.960999999999999943e+02,1.963999938964843750e+02,1.783750000000000000e+02,1.881999999999999886e+02,2.529500000000000000e+06
2.009110200000000000e+07,1.881999999999999886e+02,1.905000000000000000e+02,1.808999938964843750e+02,1.895000000000000000e+02,2.203600000000000000e+06
2.009110900000000000e+07,1.895000000000000000e+02,2.100000000000000000e+02,1.895000000000000000e+02,2.005000000000000000e+02,4.185000000000000000e+06
2.009111600000000000e+07,2.045999999999999943e+02,2.061000061035156250e+02,1.963999938964843750e+02,1.985999999999999943e+02,4.116800000000000000e+06
2.009112300000000000e+07,1.985999999999999943e+02,2.073999938964843750e+02,1.906999969482421875e+02,1.923000000000000114e+02,2.760500000000000000e+06
2.009113000000000000e+07,1.923000000000000114e+02,1.931000061035156250e+02,1.870000000000000000e+02,1.900000000000000000e+02,4.544700000000000000e+06
2.009120700000000000e+07,1.829000000000000057e+02,1.995000000000000000e+02,1.828999938964843750e+02,1.880000000000000000e+02,1.467220000000000000e+07
2.009121400000000000e+07,1.915000000000000000e+02,1.938999938964843750e+02,1.820000000000000000e+02,1.831999999999999886e+02,5.375700000000000000e+06
2.009122100000000000e+07,1.855999999999999943e+02,1.938999938964843750e+02,1.818999938964843750e+02,1.856999999999999886e+02,1.473600000000000000e+06
2.009122800000000000e+07,1.856999999999999886e+02,1.878000030517578125e+02,1.836999969482421875e+02,1.878000000000000114e+02,1.173500000000000000e+06
2.010010400000000000e+07,1.853000000000000114e+02,1.971000061035156250e+02,1.852330017089843750e+02,1.956999999999999886e+02,4.150300000000000000e+06
2.010011100000000000e+07,1.956999999999999886e+02,1.996000061035156250e+02,1.901999969482421875e+02,1.951999999999999886e+02,6.173300000000000000e+06
2.010011800000000000e+07,1.933000000000000114e+02,2.000000000000000000e+02,1.933000030517578125e+02,1.984000000000000057e+02,5.975400000000000000e+06
2.010012500000000000e+07,1.984000000000000057e+02,1.983999938964843750e+02,1.890000000000000000e+02,1.904000000000000057e+02,4.271900000000000000e+06
2.010020100000000000e+07,1.904000000000000057e+02,2.041999969482421875e+02,1.898000030517578125e+02,1.910999999999999943e+02,1.011110000000000000e+07
2.010020800000000000e+07,1.910999999999999943e+02,1.911000061035156250e+02,1.776999969482421875e+02,1.816999999999999886e+02,1.100950000000000000e+07
2.010021500000000000e+07,1.823000000000000114e+02,1.860000000000000000e+02,1.786999969482421875e+02,1.860000000000000000e+02,5.284700000000000000e+06
2.010022200000000000e+07,1.850000000000000000e+02,1.915000000000000000e+02,1.780000000000000000e+02,1.854000000000000057e+02,8.790200000000000000e+06
2.010030100000000000e+07,1.873000000000000114e+02,1.948999938964843750e+02,1.851000061035156250e+02,1.910999999999999943e+02,9.094400000000000000e+06
2.010030800000000000e+07,1.918000000000000114e+02,2.001000061035156250e+02,1.903999938964843750e+02,1.985999999999999943e+02,8.137100000000000000e+06
2.010031500000000000e+07,1.988000000000000114e+02,1.998000030517578125e+02,1.916999969482421875e+02,1.949000000000000057e+02,2.096250000000000000e+07
2.010032200000000000e+07,1.940000000000000000e+02,1.950000000000000000e+02,1.370000000000000000e+02,1.445000000000000000e+02,8.172100000000000000e+06
2.010032900000000000e+07,1.000000000000000000e+02,1.660000000000000000e+02,1.000000000000000000e+02,1.655000000000000000e+02,4.982510000000000000e+07
2.010040500000000000e+07,1.655000000000000000e+02,1.840000000000000000e+02,1.655000000000000000e+02,1.840000000000000000e+02,1.362880000000000000e+07
2.010041200000000000e+07,1.835000000000000000e+02,1.922500000000000000e+02,1.797500000000000000e+02,1.812500000000000000e+02,7.355300000000000000e+06
2.010041900000000000e+07,1.822500000000000000e+02,1.952500000000000000e+02,1.780000000000000000e+02,1.947500000000000000e+02,6.613500000000000000e+06
2.010042600000000000e+07,2.040000000000000000e+02,2.045000000000000000e+02,1.850000000000000000e+02,1.932500000000000000e+02,6.116100000000000000e+06
2.010050300000000000e+07,1.932500000000000000e+02,1.975000000000000000e+02,1.765000000000000000e+02,1.822500000000000000e+02,7.102100000000000000e+06
2.010051000000000000e+07,1.877500000000000000e+02,1.995000000000000000e+02,1.872500000000000000e+02,1.902500000000000000e+02,2.827000000000000000e+06
2.010051700000000000e+07,1.902500000000000000e+02,2.012500000000000000e+02,1.710000000000000000e+02,1.752500000000000000e+02,9.519000000000000000e+06
2.010052400000000000e+07,1.755000000000000000e+02,1.930000000000000000e+02,1.755000000000000000e+02,1.895000000000000000e+02,4.120400000000000000e+06
2.010053100000000000e+07,1.895000000000000000e+02,1.965000000000000000e+02,1.782500000000000000e+02,1.825000000000000000e+02,1.687700000000000000e+06
2.010060700000000000e+07,1.787500000000000000e+02,1.900000000000000000e+02,1.754400024414062500e+02,1.890000000000000000e+02,1.478200000000000000e+06
2.010061400000000000e+07,1.970000000000000000e+02,1.980000000000000000e+02,1.810000000000000000e+02,1.940000000000000000e+02,4.009900000000000000e+06
2.010062100000000000e+07,1.930000000000000000e+02,1.975000000000000000e+02,1.895000000000000000e+02,1.917500000000000000e+02,2.258000000000000000e+06
2.010062800000000000e+07,1.890000000000000000e+02,1.947500000000000000e+02,1.832500000000000000e+02,1.840000000000000000e+02,1.918800000000000000e+06
2.010070500000000000e+07,1.895000000000000000e+02,1.928000030517578125e+02,1.831999969482421875e+02,1.920000000000000000e+02,1.286800000000000000e+06
2.010071200000000000e+07,1.900000000000000000e+02,1.997500000000000000e+02,1.885000000000000000e+02,1.975000000000000000e+02,1.175000000000000000e+06
2.010071900000000000e+07,1.960000000000000000e+02,2.050000000000000000e+02,1.960000000000000000e+02,2.050000000000000000e+02,1.489100000000000000e+06
2.010072600000000000e+07,2.000000000000000000e+02,2.330000000000000000e+02,2.000000000000000000e+02,2.300000000000000000e+02,3.791500000000000000e+06
2.010080200000000000e+07,2.300000000000000000e+02,2.330000000000000000e+02,2.172500000000000000e+02,2.267500000000000000e+02,1.894100000000000000e+06
2.010080900000000000e+07,2.267500000000000000e+02,2.297500000000000000e+02,2.090000000000000000e+02,2.220000000000000000e+02,1.818600000000000000e+06
2.010081600000000000e+07,2.210000000000000000e+02,2.280000000000000000e+02,2.175000000000000000e+02,2.187500000000000000e+02,1.032700000000000000e+06
2.010082300000000000e+07,2.170000000000000000e+02,2.310000000000000000e+02,2.125000000000000000e+02,2.155000000000000000e+02,1.125800000000000000e+06
2.010083000000000000e+07,2.155000000000000000e+02,2.320000000000000000e+02,2.114629974365234375e+02,2.297500000000000000e+02,1.259700000000000000e+06
2.010090600000000000e+07,2.202500000000000000e+02,2.330000000000000000e+02,2.160000000000000000e+02,2.317500000000000000e+02,1.547900000000000000e+06
2.010091300000000000e+07,2.210000000000000000e+02,2.483000030517578125e+02,2.210000000000000000e+02,2.392500000000000000e+02,3.549200000000000000e+06
2.010092000000000000e+07,2.300000000000000000e+02,2.460000000000000000e+02,2.300000000000000000e+02,2.440000000000000000e+02,2.640800000000000000e+06
2.010092700000000000e+07,2.440000000000000000e+02,2.747500000000000000e+02,2.440000000000000000e+02,2.650000000000000000e+02,5.815300000000000000e+06
2.010100400000000000e+07,2.622500000000000000e+02,2.702500000000000000e+02,2.552500000000000000e+02,2.585000000000000000e+02,1.696700000000000000e+06
2.010101100000000000e+07,2.595000000000000000e+02,2.915000000000000000e+02,2.503500061035156250e+02,2.867500000000000000e+02,2.027400000000000000e+06
2.010101800000000000e+07,2.842500000000000000e+02,2.972500000000000000e+02,2.787500000000000000e+02,2.900000000000000000e+02,2.474500000000000000e+06
2.010102500000000000e+07,2.882500000000000000e+02,3.045000000000000000e+02,2.860000000000000000e+02,3.045000000000000000e+02,2.395100000000000000e+06
2.010110100000000000e+07,3.057500000000000000e+02,3.442500000000000000e+02,3.038630065917968750e+02,3.417500000000000000e+02,8.816500000000000000e+06
2.010110800000000000e+07,3.382500000000000000e+02,3.612000122070312500e+02,3.294899902343750000e+02,3.470000000000000000e+02,3.743400000000000000e+06
2.010111500000000000e+07,3.490000000000000000e+02,3.665000000000000000e+02,3.441400146484375000e+02,3.622500000000000000e+02,1.381200000000000000e+06
2.010112200000000000e+07,3.615000000000000000e+02,3.937500000000000000e+02,3.479649963378906250e+02,3.762500000000000000e+02,2.218200000000000000e+06
2.010112900000000000e+07,3.812500000000000000e+02,4.040000000000000000e+02,3.612500000000000000e+02,3.980000000000000000e+02,2.387700000000000000e+06
2.010120600000000000e+07,3.750000000000000000e+02,4.212500000000000000e+02,3.750000000000000000e+02,4.162500000000000000e+02,2.915100000000000000e+06
2.010121300000000000e+07,4.152500000000000000e+02,4.237500000000000000e+02,3.770000000000000000e+02,4.020000000000000000e+02,4.589400000000000000e+06
2.010122000000000000e+07,4.042500000000000000e+02,4.122500000000000000e+02,3.912500000000000000e+02,3.975000000000000000e+02,1.589700000000000000e+06
2.010122700000000000e+07,3.950000000000000000e+02,4.070000000000000000e+02,3.916759948730468750e+02,3.952500000000000000e+02,8.136000000000000000e+05
2.011011000000000000e+07,4.240000000000000000e+02,4.345000000000000000e+02,3.832500000000000000e+02,3.917500000000000000e+02,2.826600000000000000e+06
2.011011700000000000e+07,3.907500000000000000e+02,4.040000000000000000e+02,3.835000000000000000e+02,3.932500000000000000e+02,2.761800000000000000e+06
2.011012400000000000e+07,3.750000000000000000e+02,4.150000000000000000e+02,3.605000000000000000e+02,4.050000000000000000e+02,2.700200000000000000e+06
2.011013100000000000e+07,4.007500000000000000e+02,4.127500000000000000e+02,3.950000000000000000e+02,4.020000000000000000e+02,1.976200000000000000e+06
2.011020700000000000e+07,4.005000000000000000e+02,4.187500000000000000e+02,3.940000000000000000e+02,4.122500000000000000e+02,1.304300000000000000e+06
2.011021400000000000e+07,4.150000000000000000e+02,4.250000000000000000e+02,3.915000000000000000e+02,4.070000000000000000e+02,9.528000000000000000e+05
2.011022100000000000e+07,4.042500000000000000e+02,4.105000000000000000e+02,3.815000000000000000e+02,4.010000000000000000e+02,1.560000000000000000e+06
2.011022800000000000e+07,3.987500000000000000e+02,4.125000000000000000e+02,3.905000000000000000e+02,3.985000000000000000e+02,1.693600000000000000e+06
2.011030700000000000e+07,3.947500000000000000e+02,4.010000000000000000e+02,3.607500000000000000e+02,3.747500000000000000e+02,3.694900000000000000e+06
2.011031400000000000e+07,3.845000000000000000e+02,3.845000000000000000e+02,3.667500000000000000e+02,3.702500000000000000e+02,1.803100000000000000e+06
2.011032100000000000e+07,3.715000000000000000e+02,3.940000000000000000e+02,3.632500000000000000e+02,3.790000000000000000e+02,2.300600000000000000e+06
2.011032800000000000e+07,3.822500000000000000e+02,3.845000000000000000e+02,3.582500000000000000e+02,3.662500000000000000e+02,2.017000000000000000e+06
2.011040400000000000e+07,3.640000000000000000e+02,4.050000000000000000e+02,3.640000000000000000e+02,3.700000000000000000e+02,1.946700000000000000e+06
2.011041100000000000e+07,3.680000000000000000e+02,4.000000000000000000e+02,3.680000000000000000e+02,4.000000000000000000e+02,1.681400000000000000e+06
2.011041800000000000e+07,3.962500000000000000e+02,4.107500000000000000e+02,3.937500000000000000e+02,4.000000000000000000e+02,2.164300000000000000e+06
2.011050900000000000e+07,3.990000000000000000e+02,4.037500000000000000e+02,3.840000000000000000e+02,3.897500000000000000e+02,1.678900000000000000e+06
2.011051600000000000e+07,4.030000000000000000e+02,4.030000000000000000e+02,3.580000000000000000e+02,3.697500000000000000e+02,1.534000000000000000e+06
2.011052300000000000e+07,3.697500000000000000e+02,3.995000000000000000e+02,3.520000000000000000e+02,3.862500000000000000e+02,1.287100000000000000e+06
2.011060600000000000e+07,3.907500000000000000e+02,4.042500000000000000e+02,3.820000000000000000e+02,3.867500000000000000e+02,1.272300000000000000e+06
2.011061300000000000e+07,3.950000000000000000e+02,4.092500000000000000e+02,3.800000000000000000e+02,3.860000000000000000e+02,1.627900000000000000e+06
2.011062000000000000e+07,3.850000000000000000e+02,4.097500000000000000e+02,3.807500000000000000e+02,4.052500000000000000e+02,1.772800000000000000e+06
2.011062700000000000e+07,3.870000000000000000e+02,4.350000000000000000e+02,3.870000000000000000e+02,4.315000000000000000e+02,1.315500000000000000e+06
2.011070400000000000e+07,4.300000000000000000e+02,4.480000000000000000e+02,4.213099975585937500e+02,4.380000000000000000e+02,1.586400000000000000e+06
2.011071100000000000e+07,4.340000000000000000e+02,4.502380065917968750e+02,3.997500000000000000e+02,4.170000000000000000e+02,1.601700000000000000e+06
2.011071800000000000e+07,4.117500000000000000e+02,4.170000000000000000e+02,3.977500000000000000e+02,4.045000000000000000e+02,9.747000000000000000e+05
2.011072500000000000e+07,4.050000000000000000e+02,4.382500000000000000e+02,3.950000000000000000e+02,4.127500000000000000e+02,2.089900000000000000e+06
2.011080100000000000e+07,4.165000000000000000e+02,4.287500000000000000e+02,3.752500000000000000e+02,3.792500000000000000e+02,2.135300000000000000e+06
2.011080800000000000e+07,3.717500000000000000e+02,3.987500000000000000e+02,3.205000000000000000e+02,3.940000000000000000e+02,1.885800000000000000e+06
2.011081500000000000e+07,3.745000000000000000e+02,4.150000000000000000e+02,3.262500000000000000e+02,3.440000000000000000e+02,1.281000000000000000e+06
2.011082200000000000e+07,3.370000000000000000e+02,3.667500000000000000e+02,3.217500000000000000e+02,3.247500000000000000e+02,1.074100000000000000e+06
2.011090500000000000e+07,3.397500000000000000e+02,3.625000000000000000e+02,3.305000000000000000e+02,3.367500000000000000e+02,7.905000000000000000e+05
2.011091200000000000e+07,3.252500000000000000e+02,3.860000000000000000e+02,3.102500000000000000e+02,3.757500000000000000e+02,2.746600000000000000e+06
2.011091900000000000e+07,3.757500000000000000e+02,3.760000000000000000e+02,3.315150146484375000e+02,3.500000000000000000e+02,9.333000000000000000e+05
2.011092600000000000e+07,3.415000000000000000e+02,3.590000000000000000e+02,3.160000000000000000e+02,3.400000000000000000e+02,1.525000000000000000e+06
2.011100300000000000e+07,3.312500000000000000e+02,3.612500000000000000e+02,3.250000000000000000e+02,3.455000000000000000e+02,1.946500000000000000e+06
2.011101000000000000e+07,3.440000000000000000e+02,3.660000000000000000e+02,3.330000000000000000e+02,3.470000000000000000e+02,1.549400000000000000e+06
2.011101700000000000e+07,3.430000000000000000e+02,3.525000000000000000e+02,3.002500000000000000e+02,3.100000000000000000e+02,2.912000000000000000e+06
2.011102400000000000e+07,3.100000000000000000e+02,3.552500000000000000e+02,3.100000000000000000e+02,3.545000000000000000e+02,2.226300000000000000e+06
2.011103100000000000e+07,3.555000000000000000e+02,3.645499877929687500e+02,3.250000000000000000e+02,3.450000000000000000e+02,1.947700000000000000e+06
2.011110700000000000e+07,3.500000000000000000e+02,3.832500000000000000e+02,3.097500000000000000e+02,3.230000000000000000e+02,7.083200000000000000e+06
2.011111400000000000e+07,3.250000000000000000e+02,3.310000000000000000e+02,3.037500000000000000e+02,3.100000000000000000e+02,3.513700000000000000e+06
2.011112100000000000e+07,3.100000000000000000e+02,3.205000000000000000e+02,2.925000000000000000e+02,3.030000000000000000e+02,3.686300000000000000e+06
2.011112800000000000e+07,3.042500000000000000e+02,3.430000000000000000e+02,3.040000000000000000e+02,3.345000000000000000e+02,5.191500000000000000e+06
2.011120500000000000e+07,3.322500000000000000e+02,3.377500000000000000e+02,3.092500000000000000e+02,3.150000000000000000e+02,2.854200000000000000e+06
2.011121200000000000e+07,3.120000000000000000e+02,3.210000000000000000e+02,2.852500000000000000e+02,3.030000000000000000e+02,2.787500000000000000e+06
2.011121900000000000e+07,3.000000000000000000e+02,3.242500000000000000e+02,2.992500000000000000e+02,3.100000000000000000e+02,1.822900000000000000e+06
2.011122600000000000e+07,3.100000000000000000e+02,3.140450134277343750e+02,3.011900024414062500e+02,3.090000000000000000e+02,7.095000000000000000e+05
2.012010200000000000e+07,3.090000000000000000e+02,3.197500000000000000e+02,3.090000000000000000e+02,3.197500000000000000e+02,2.322500000000000000e+06
2.012010900000000000e+07,3.210000000000000000e+02,3.360000000000000000e+02,3.152500000000000000e+02,3.185000000000000000e+02,6.043000000000000000e+06
2.012011600000000000e+07,3.210000000000000000e+02,3.330000000000000000e+02,3.190000000000000000e+02,3.247500000000000000e+02,2.371300000000000000e+06
2.012012300000000000e+07,3.267500000000000000e+02,3.540000000000000000e+02,3.137500000000000000e+02,3.300000000000000000e+02,3.204700000000000000e+06
2.012013000000000000e+07,1.590000000000000000e+02,1.750000000000000000e+02,1.537500000000000000e+02,1.735000000000000000e+02,4.177200000000000000e+06
2.012020600000000000e+07,1.702500000000000000e+02,1.769499969482421875e+02,1.690000000000000000e+02,1.720000000000000000e+02,3.111700000000000000e+06
2.012021300000000000e+07,1.690000000000000000e+02,1.806600036621093750e+02,1.672500000000000000e+02,1.690000000000000000e+02,3.221200000000000000e+06
2.012022000000000000e+07,1.767500000000000000e+02,1.767500000000000000e+02,1.680000000000000000e+02,1.700000000000000000e+02,3.310700000000000000e+06
2.012022700000000000e+07,1.685000000000000000e+02,1.797500000000000000e+02,1.682500000000000000e+02,1.745000000000000000e+02,2.602600000000000000e+06
2.012030500000000000e+07,1.742500000000000000e+02,1.777500000000000000e+02,1.680000000000000000e+02,1.702500000000000000e+02,6.569700000000000000e+06
2.012031200000000000e+07,1.702500000000000000e+02,1.781199951171875000e+02,1.657500000000000000e+02,1.715000000000000000e+02,2.998100000000000000e+06
2.012031900000000000e+07,1.715000000000000000e+02,1.760000000000000000e+02,1.645000000000000000e+02,1.650000000000000000e+02,2.209900000000000000e+06
2.012032600000000000e+07,1.662500000000000000e+02,1.688999938964843750e+02,1.492500000000000000e+02,1.500000000000000000e+02,5.377400000000000000e+06
2.012040200000000000e+07,1.502500000000000000e+02,1.537500000000000000e+02,1.257500000000000000e+02,1.300000000000000000e+02,4.933600000000000000e+06
2.012040900000000000e+07,1.300000000000000000e+02,1.325000000000000000e+02,1.222500000000000000e+02,1.272500000000000000e+02,4.255300000000000000e+06
2.012041600000000000e+07,1.280000000000000000e+02,1.305000000000000000e+02,1.230000000000000000e+02,1.250000000000000000e+02,4.617500000000000000e+06
2.012042300000000000e+07,1.250000000000000000e+02,1.340000000000000000e+02,1.202500000000000000e+02,1.302500000000000000e+02,4.846800000000000000e+06
2.012043000000000000e+07,1.312500000000000000e+02,1.357500000000000000e+02,1.277500000000000000e+02,1.330000000000000000e+02,3.181300000000000000e+06
2.012050700000000000e+07,1.330000000000000000e+02,1.390000000000000000e+02,1.310000000000000000e+02,1.365000000000000000e+02,2.286800000000000000e+06
2.012051400000000000e+07,1.367500000000000000e+02,1.370000000000000000e+02,1.305000000000000000e+02,1.310000000000000000e+02,2.683500000000000000e+06
2.012052100000000000e+07,1.302500000000000000e+02,1.350000000000000000e+02,1.268799972534179688e+02,1.297500000000000000e+02,1.839000000000000000e+06
2.012052800000000000e+07,1.315000000000000000e+02,1.315000000000000000e+02,1.292500000000000000e+02,1.305000000000000000e+02,1.919200000000000000e+06
2.012060400000000000e+07,1.305000000000000000e+02,1.347500000000000000e+02,1.290000000000000000e+02,1.325000000000000000e+02,1.532600000000000000e+06
2.012061100000000000e+07,1.332500000000000000e+02,1.450000000000000000e+02,1.262500000000000000e+02,1.417500000000000000e+02,2.949800000000000000e+06
2.012061800000000000e+07,1.417500000000000000e+02,1.457500000000000000e+02,1.350000000000000000e+02,1.450000000000000000e+02,5.845000000000000000e+06
2.012062500000000000e+07,1.450000000000000000e+02,1.450000000000000000e+02,1.400000000000000000e+02,1.440000000000000000e+02,1.442100000000000000e+06
2.012070200000000000e+07,1.400000000000000000e+02,1.450000000000000000e+02,1.357500000000000000e+02,1.377500000000000000e+02,2.353400000000000000e+06
2.012070900000000000e+07,1.387500000000000000e+02,1.393200073242187500e+02,1.306000061035156250e+02,1.335000000000000000e+02,1.705600000000000000e+06
2.012071600000000000e+07,1.340000000000000000e+02,1.350000000000000000e+02,1.287500000000000000e+02,1.295000000000000000e+02,8.010000000000000000e+05
2.012072300000000000e+07,1.295000000000000000e+02,1.330000000000000000e+02,1.217300033569335938e+02,1.310000000000000000e+02,2.178000000000000000e+06
2.012073000000000000e+07,1.310000000000000000e+02,1.345000000000000000e+02,1.250000000000000000e+02,1.320000000000000000e+02,1.729400000000000000e+06
2.012080600000000000e+07,1.315000000000000000e+02,1.450000000000000000e+02,1.315000000000000000e+02,1.417500000000000000e+02,1.414200000000000000e+06
2.012081300000000000e+07,1.427500000000000000e+02,1.613800048828125000e+02,1.415000000000000000e+02,1.557500000000000000e+02,2.215400000000000000e+06
2.012082000000000000e+07,1.567500000000000000e+02,1.587500000000000000e+02,1.430000000000000000e+02,1.495000000000000000e+02,1.923200000000000000e+06
2.012082700000000000e+07,1.495000000000000000e+02,1.506000061035156250e+02,1.442500000000000000e+02,1.450000000000000000e+02,6.102000000000000000e+05
2.012090300000000000e+07,1.472500000000000000e+02,1.582500000000000000e+02,1.449100036621093750e+02,1.577500000000000000e+02,9.036000000000000000e+05
2.012091000000000000e+07,1.585000000000000000e+02,1.635000000000000000e+02,1.515000000000000000e+02,1.615000000000000000e+02,3.123800000000000000e+06
2.012091700000000000e+07,1.645000000000000000e+02,1.702500000000000000e+02,1.550000000000000000e+02,1.642500000000000000e+02,1.464400000000000000e+06
2.012092400000000000e+07,1.635000000000000000e+02,1.677500000000000000e+02,1.582500000000000000e+02,1.635000000000000000e+02,6.968000000000000000e+05
2.012100100000000000e+07,1.617500000000000000e+02,1.755000000000000000e+02,1.607500000000000000e+02,1.690000000000000000e+02,1.247700000000000000e+06
2.012100800000000000e+07,1.687500000000000000e+02,1.720000000000000000e+02,1.611600036621093750e+02,1.692500000000000000e+02,8.470000000000000000e+05
2.012101500000000000e+07,1.700000000000000000e+02,1.733049926757812500e+02,1.640000000000000000e+02,1.642500000000000000e+02,1.195900000000000000e+06
2.012102200000000000e+07,1.642500000000000000e+02,1.670000000000000000e+02,1.553399963378906250e+02,1.670000000000000000e+02,1.194200000000000000e+06
2.012102900000000000e+07,1.672500000000000000e+02,1.740000000000000000e+02,1.647500000000000000e+02,1.697500000000000000e+02,1.038000000000000000e+06
2.012110500000000000e+07,1.730000000000000000e+02,1.781730041503906250e+02,1.650549926757812500e+02,1.750000000000000000e+02,1.161600000000000000e+06
2.012111200000000000e+07,1.755000000000000000e+02,2.005000000000000000e+02,1.740720062255859375e+02,1.940000000000000000e+02,2.485800000000000000e+06
2.012111900000000000e+07,1.950000000000000000e+02,2.007500000000000000e+02,1.860000000000000000e+02,1.935000000000000000e+02,1.244300000000000000e+06
2.012112600000000000e+07,1.920000000000000000e+02,2.056130065917968750e+02,1.900000000000000000e+02,1.985000000000000000e+02,1.854500000000000000e+06
2.012120300000000000e+07,2.015000000000000000e+02,2.037500000000000000e+02,1.846089935302734375e+02,2.010000000000000000e+02,1.259200000000000000e+06
2.012121000000000000e+07,2.035000000000000000e+02,2.100000000000000000e+02,1.900000000000000000e+02,2.010000000000000000e+02,2.086500000000000000e+06
2.012121700000000000e+07,1.945000000000000000e+02,2.090000000000000000e+02,1.891199951171875000e+02,2.040000000000000000e+02,9.540000000000000000e+05
2.012122400000000000e+07,2.042500000000000000e+02,2.112500000000000000e+02,2.007500000000000000e+02,2.065000000000000000e+02,3.079000000000000000e+05
2.012123100000000000e+07,2.112500000000000000e+02,2.137500000000000000e+02,2.027610015869140625e+02,2.120000000000000000e+02,7.222000000000000000e+05
2.013010700000000000e+07,2.100000000000000000e+02,2.276880035400390625e+02,2.052500000000000000e+02,2.197500000000000000e+02,1.769800000000000000e+06
2.013011400000000000e+07,2.215000000000000000e+02,2.230000000000000000e+02,2.160000000000000000e+02,2.170000000000000000e+02,5.448000000000000000e+05
2.013012100000000000e+07,2.180000000000000000e+02,2.355000000000000000e+02,2.120000000000000000e+02,2.340000000000000000e+02,2.052800000000000000e+06
2.013012800000000000e+07,2.240000000000000000e+02,2.320000000000000000e+02,2.147899932861328125e+02,2.200000000000000000e+02,8.433500000000000000e+06
2.013020400000000000e+07,2.175000000000000000e+02,2.198899993896484375e+02,2.102500000000000000e+02,2.132500000000000000e+02,1.742700000000000000e+06
2.013021100000000000e+07,2.125000000000000000e+02,2.147500000000000000e+02,1.980000000000000000e+02,2.000000000000000000e+02,1.559900000000000000e+06
2.013021800000000000e+07,2.092500000000000000e+02,2.162500000000000000e+02,2.000000000000000000e+02,2.135000000000000000e+02,1.708800000000000000e+06
2.013022500000000000e+07,2.150000000000000000e+02,2.160000000000000000e+02,2.050000000000000000e+02,2.060000000000000000e+02,1.368300000000000000e+06
2.013030400000000000e+07,2.082500000000000000e+02,2.082500000000000000e+02,2.030000000000000000e+02,2.040000000000000000e+02,1.000300000000000000e+06
2.013031100000000000e+07,2.032500000000000000e+02,2.057500000000000000e+02,1.925000000000000000e+02,1.995000000000000000e+02,2.282000000000000000e+06
2.013031800000000000e+07,1.960000000000000000e+02,2.100000000000000000e+02,1.946100006103515625e+02,2.005000000000000000e+02,1.457400000000000000e+06
2.013032500000000000e+07,2.010000000000000000e+02,2.030000000000000000e+02,1.980000000000000000e+02,2.015000000000000000e+02,1.366000000000000000e+06
2.013040100000000000e+07,2.015000000000000000e+02,2.040000000000000000e+02,1.875000000000000000e+02,1.900000000000000000e+02,7.992000000000000000e+05
2.013040800000000000e+07,1.915000000000000000e+02,2.042500000000000000e+02,1.880000000000000000e+02,2.010000000000000000e+02,9.789000000000000000e+05
2.013041500000000000e+07,2.020000000000000000e+02,2.022500000000000000e+02,1.950000000000000000e+02,1.975000000000000000e+02,7.208000000000000000e+05
2.013042200000000000e+07,1.975000000000000000e+02,1.992500000000000000e+02,1.885000000000000000e+02,1.915000000000000000e+02,9.766000000000000000e+05
2.013042900000000000e+07,1.917500000000000000e+02,2.507570037841796875e+02,1.917500000000000000e+02,2.485000000000000000e+02,5.467100000000000000e+06
2.013050600000000000e+07,2.485000000000000000e+02,2.498950042724609375e+02,2.376730041503906250e+02,2.440000000000000000e+02,1.424300000000000000e+06
2.013051300000000000e+07,2.482500000000000000e+02,2.500000000000000000e+02,2.405000000000000000e+02,2.430000000000000000e+02,1.439000000000000000e+06
2.013052000000000000e+07,2.425000000000000000e+02,2.462799987792968750e+02,2.350000000000000000e+02,2.355000000000000000e+02,7.207000000000000000e+05
2.013052700000000000e+07,2.355000000000000000e+02,2.500000000000000000e+02,2.342030029296875000e+02,2.480000000000000000e+02,6.877000000000000000e+05
2.013060300000000000e+07,2.497500000000000000e+02,2.500000000000000000e+02,2.372749938964843750e+02,2.430000000000000000e+02,1.282800000000000000e+06
2.013061000000000000e+07,2.395000000000000000e+02,2.487500000000000000e+02,2.336649932861328125e+02,2.410000000000000000e+02,1.171200000000000000e+06
2.013061700000000000e+07,2.432500000000000000e+02,2.452500000000000000e+02,2.265000000000000000e+02,2.340000000000000000e+02,1.313100000000000000e+06
2.013062400000000000e+07,2.342500000000000000e+02,2.500000000000000000e+02,2.290000000000000000e+02,2.490000000000000000e+02,2.095600000000000000e+06
2.013070100000000000e+07,2.485000000000000000e+02,2.542500000000000000e+02,2.400000000000000000e+02,2.470000000000000000e+02,9.125800000000000000e+06
2.013070800000000000e+07,2.487500000000000000e+02,2.575000000000000000e+02,2.440000000000000000e+02,2.440000000000000000e+02,1.714200000000000000e+06
2.013071500000000000e+07,2.417500000000000000e+02,2.500000000000000000e+02,2.375000000000000000e+02,2.440000000000000000e+02,1.682500000000000000e+06
2.013072200000000000e+07,2.440000000000000000e+02,2.490000000000000000e+02,2.427500000000000000e+02,2.477500000000000000e+02,1.293000000000000000e+06
2.013072900000000000e+07,2.470000000000000000e+02,2.500000000000000000e+02,2.397500000000000000e+02,2.470000000000000000e+02,1.888000000000000000e+06
2.013080500000000000e+07,2.470000000000000000e+02,2.485000000000000000e+02,2.407500000000000000e+02,2.437500000000000000e+02,1.179800000000000000e+06
2.013081200000000000e+07,2.437500000000000000e+02,2.450000000000000000e+02,2.332500000000000000e+02,2.345000000000000000e+02,9.484000000000000000e+05
2.013081900000000000e+07,2.335000000000000000e+02,2.380130004882812500e+02,2.235000000000000000e+02,2.350000000000000000e+02,9.066000000000000000e+05
2.013082600000000000e+07,2.350000000000000000e+02,2.437500000000000000e+02,2.337500000000000000e+02,2.362500000000000000e+02,7.071000000000000000e+05
2.013090200000000000e+07,2.357500000000000000e+02,2.450000000000000000e+02,2.325000000000000000e+02,2.355000000000000000e+02,7.872000000000000000e+05
2.013090900000000000e+07,2.332500000000000000e+02,2.387500000000000000e+02,2.272610015869140625e+02,2.290000000000000000e+02,7.672000000000000000e+05
2.013091600000000000e+07,2.315000000000000000e+02,2.370000000000000000e+02,2.252500000000000000e+02,2.280000000000000000e+02,9.726000000000000000e+05
2.013092300000000000e+07,2.290000000000000000e+02,2.460000000000000000e+02,2.212500000000000000e+02,2.332500000000000000e+02,2.042900000000000000e+06
2.013093000000000000e+07,2.320000000000000000e+02,2.492500000000000000e+02,2.320000000000000000e+02,2.402500000000000000e+02,2.177600000000000000e+06
2.013100700000000000e+07,2.402500000000000000e+02,2.550000000000000000e+02,2.337500000000000000e+02,2.530000000000000000e+02,1.269400000000000000e+06
2.013101400000000000e+07,2.535000000000000000e+02,2.647500000000000000e+02,2.535000000000000000e+02,2.590000000000000000e+02,1.441200000000000000e+06
2.013102100000000000e+07,2.597500000000000000e+02,2.597500000000000000e+02,2.534149932861328125e+02,2.580000000000000000e+02,8.972000000000000000e+05
2.013102800000000000e+07,2.605000000000000000e+02,2.619599914550781250e+02,2.555000000000000000e+02,2.587500000000000000e+02,4.966000000000000000e+05
2.013110400000000000e+07,2.655000000000000000e+02,2.655199890136718750e+02,2.512500000000000000e+02,2.645000000000000000e+02,1.831300000000000000e+06
2.013111100000000000e+07,2.645000000000000000e+02,2.807500000000000000e+02,2.560000000000000000e+02,2.752500000000000000e+02,1.099800000000000000e+07
2.013111800000000000e+07,2.742500000000000000e+02,2.837500000000000000e+02,2.727300109863281250e+02,2.790000000000000000e+02,1.796800000000000000e+06
2.013112500000000000e+07,2.805000000000000000e+02,2.872500000000000000e+02,2.658900146484375000e+02,2.820000000000000000e+02,7.261000000000000000e+05
2.013120200000000000e+07,2.822500000000000000e+02,2.852500000000000000e+02,2.742500000000000000e+02,2.770000000000000000e+02,1.366700000000000000e+06
2.013120900000000000e+07,2.765000000000000000e+02,2.890000000000000000e+02,2.747500000000000000e+02,2.800000000000000000e+02,1.937300000000000000e+06
2.013121600000000000e+07,2.807500000000000000e+02,2.865000000000000000e+02,2.765000000000000000e+02,2.780000000000000000e+02,1.991130000000000000e+07
2.013122300000000000e+07,2.790000000000000000e+02,2.790000000000000000e+02,2.602999877929687500e+02,2.731000000000000227e+02,1.266700000000000000e+06
2.013123000000000000e+07,2.701999999999999886e+02,2.798999938964843750e+02,2.676000061035156250e+02,2.750000000000000000e+02,1.472500000000000000e+06
2.014010600000000000e+07,2.756999999999999886e+02,2.794379882812500000e+02,2.677999877929687500e+02,2.760000000000000000e+02,1.238500000000000000e+06
2.014011300000000000e+07,2.770000000000000000e+02,2.792999877929687500e+02,2.653030090332031250e+02,2.711999999999999886e+02,1.546800000000000000e+06
2.014012000000000000e+07,2.711999999999999886e+02,2.878999938964843750e+02,2.696530151367187500e+02,2.773000000000000114e+02,1.729500000000000000e+06
2.014012700000000000e+07,2.756000000000000227e+02,3.023999938964843750e+02,2.690000000000000000e+02,2.988000000000000114e+02,3.033300000000000000e+06
2.014020300000000000e+07,2.921000000000000227e+02,3.000369873046875000e+02,2.820000000000000000e+02,2.920000000000000000e+02,1.719100000000000000e+06
2.014021000000000000e+07,2.901999999999999886e+02,3.016000061035156250e+02,2.880000000000000000e+02,2.998999999999999773e+02,8.421000000000000000e+05
2.014021700000000000e+07,3.000000000000000000e+02,3.073999938964843750e+02,2.950000000000000000e+02,3.060000000000000000e+02,1.167800000000000000e+06
2.014022400000000000e+07,3.070000000000000000e+02,3.550000000000000000e+02,3.036749877929687500e+02,3.515000000000000000e+02,4.628700000000000000e+06
2.014030300000000000e+07,3.436999999999999886e+02,3.577000122070312500e+02,3.281229858398437500e+02,3.348999999999999773e+02,2.005700000000000000e+06
2.014031000000000000e+07,3.356999999999999886e+02,3.442000122070312500e+02,3.237980041503906250e+02,3.293000000000000114e+02,1.309600000000000000e+06
2.014031700000000000e+07,3.326999999999999886e+02,3.452999877929687500e+02,3.185920104980468750e+02,3.393000000000000114e+02,1.429000000000000000e+06
2.014032400000000000e+07,3.428000000000000114e+02,3.467999877929687500e+02,3.176000061035156250e+02,3.310000000000000000e+02,1.238000000000000000e+06
2.014033100000000000e+07,3.340000000000000000e+02,3.407000122070312500e+02,3.203999938964843750e+02,3.213999999999999773e+02,1.593100000000000000e+06
2.014040700000000000e+07,3.226000000000000227e+02,3.340000000000000000e+02,3.080000000000000000e+02,3.168999999999999773e+02,2.238800000000000000e+06
2.014041400000000000e+07,3.141999999999999886e+02,3.195400085449218750e+02,2.962999877929687500e+02,3.031000000000000227e+02,1.388600000000000000e+06
2.014042100000000000e+07,3.031000000000000227e+02,3.148999938964843750e+02,3.005000000000000000e+02,3.093000000000000114e+02,8.686000000000000000e+05
2.014042800000000000e+07,3.081999999999999886e+02,3.300000000000000000e+02,3.012999877929687500e+02,3.243999999999999773e+02,1.512500000000000000e+06
2.014050500000000000e+07,3.243999999999999773e+02,3.416400146484375000e+02,3.154339904785156250e+02,3.200000000000000000e+02,1.951800000000000000e+06
2.014051200000000000e+07,3.231000000000000227e+02,3.447300109863281250e+02,2.882999877929687500e+02,2.900000000000000000e+02,5.515500000000000000e+06
2.014051900000000000e+07,2.888999999999999773e+02,3.097999877929687500e+02,2.857000122070312500e+02,3.039909999999999854e+02,2.253700000000000000e+06
2.014052600000000000e+07,3.039909999999999854e+02,3.215000000000000000e+02,3.039909973144531250e+02,3.200000000000000000e+02,1.782500000000000000e+06
2.014060200000000000e+07,3.191000000000000227e+02,3.275000000000000000e+02,3.178240051269531250e+02,3.255000000000000000e+02,1.738700000000000000e+06
2.014060900000000000e+07,3.246000000000000227e+02,3.305000000000000000e+02,3.121000061035156250e+02,3.210000000000000000e+02,2.415400000000000000e+06
2.014061600000000000e+07,3.228000000000000114e+02,3.227999877929687500e+02,3.097000122070312500e+02,3.138000000000000114e+02,2.307100000000000000e+06
2.014062300000000000e+07,3.115000000000000000e+02,3.268999938964843750e+02,3.065000000000000000e+02,3.218999999999999773e+02,2.584500000000000000e+06
2.014063000000000000e+07,3.231000000000000227e+02,3.258999938964843750e+02,3.183999938964843750e+02,3.243999999999999773e+02,3.043500000000000000e+06
2.014070700000000000e+07,3.211999999999999886e+02,3.251690063476562500e+02,2.987000122070312500e+02,3.050000000000000000e+02,2.103800000000000000e+06
2.014071400000000000e+07,3.031999999999999886e+02,3.226000061035156250e+02,2.987000122070312500e+02,3.180000000000000000e+02,3.244300000000000000e+06
2.014072100000000000e+07,3.196000000000000227e+02,3.412000122070312500e+02,3.169899902343750000e+02,3.390000000000000000e+02,4.241200000000000000e+06
2.014072800000000000e+07,3.388000000000000114e+02,3.417000122070312500e+02,3.255069885253906250e+02,3.348999999999999773e+02,3.731300000000000000e+06
2.014080400000000000e+07,3.386999999999999886e+02,3.542999877929687500e+02,3.192000122070312500e+02,3.203999999999999773e+02,7.552460000000000000e+07
2.014081100000000000e+07,3.251000000000000227e+02,3.373999938964843750e+02,3.215000000000000000e+02,3.366000000000000227e+02,1.665980000000000000e+07
2.014081800000000000e+07,3.398000000000000114e+02,3.447999877929687500e+02,3.357999877929687500e+02,3.415000000000000000e+02,9.738000000000000000e+06
2.014082500000000000e+07,3.415000000000000000e+02,3.446000061035156250e+02,3.395000000000000000e+02,3.446000000000000227e+02,8.815500000000000000e+06
2.014090100000000000e+07,3.425000000000000000e+02,3.806629943847656250e+02,3.417600097656250000e+02,3.748999999999999773e+02,2.329550000000000000e+07
2.014090800000000000e+07,3.731000000000000227e+02,3.757000122070312500e+02,3.617300109863281250e+02,3.721999999999999886e+02,1.360400000000000000e+07
2.014091500000000000e+07,3.813000000000000114e+02,3.880000000000000000e+02,3.632999877929687500e+02,3.720000000000000000e+02,4.233610000000000000e+07
2.014092200000000000e+07,3.718999999999999773e+02,3.757000122070312500e+02,3.605880126953125000e+02,3.653999999999999773e+02,1.404140000000000000e+07
2.014092900000000000e+07,3.648000000000000114e+02,3.697000122070312500e+02,3.590679931640625000e+02,3.690000000000000000e+02,1.623020000000000000e+07
2.014100600000000000e+07,3.681999999999999886e+02,3.753999938964843750e+02,3.592539978027343750e+02,3.623999999999999773e+02,2.778530000000000000e+07
2.014101300000000000e+07,3.596999999999999886e+02,3.630000000000000000e+02,3.520000000000000000e+02,3.558000000000000114e+02,2.547240000000000000e+07
2.014102000000000000e+07,3.546000000000000227e+02,3.825000000000000000e+02,3.512000122070312500e+02,3.775000000000000000e+02,1.980140000000000000e+07
2.014102700000000000e+07,3.778000000000000114e+02,3.988999938964843750e+02,3.763999938964843750e+02,3.951999999999999886e+02,1.600710000000000000e+07
2.014110300000000000e+07,3.956000000000000227e+02,4.083999938964843750e+02,3.877999877929687500e+02,4.033999999999999773e+02,1.710200000000000000e+07
2.014111000000000000e+07,4.043000000000000114e+02,4.175000000000000000e+02,3.983999938964843750e+02,4.118000000000000114e+02,1.766980000000000000e+07
2.014111700000000000e+07,4.101999999999999886e+02,4.303999938964843750e+02,4.072300109863281250e+02,4.198999999999999773e+02,1.701260000000000000e+07
2.014112400000000000e+07,4.200000000000000000e+02,4.275000000000000000e+02,4.166000061035156250e+02,4.233000000000000114e+02,1.906470000000000000e+07
2.014120100000000000e+07,4.231999999999999886e+02,4.463999938964843750e+02,4.225000000000000000e+02,4.441000000000000227e+02,1.576010000000000000e+07
2.014120800000000000e+07,4.421000000000000227e+02,4.477000122070312500e+02,4.207999877929687500e+02,4.216000000000000227e+02,1.594790000000000000e+07
2.014121500000000000e+07,4.206000000000000227e+02,4.626220092773437500e+02,4.187999877929687500e+02,4.616000000000000227e+02,2.521850000000000000e+07
2.014122200000000000e+07,4.646000000000000227e+02,4.698999938964843750e+02,4.585000000000000000e+02,4.645000000000000000e+02,4.432600000000000000e+06
2.014122900000000000e+07,4.643000000000000114e+02,4.700000000000000000e+02,4.525000000000000000e+02,4.611000000000000227e+02,4.290600000000000000e+06
2.015010500000000000e+07,4.601999999999999886e+02,4.664159851074218750e+02,4.443999938964843750e+02,4.553999999999999773e+02,1.753280000000000000e+07
2.015011200000000000e+07,4.581000000000000227e+02,4.592000122070312500e+02,4.203999938964843750e+02,4.275000000000000000e+02,2.081070000000000000e+07
2.015011900000000000e+07,4.275000000000000000e+02,4.601000061035156250e+02,4.207999877929687500e+02,4.248999999999999773e+02,2.536530000000000000e+07
2.015012600000000000e+07,4.248000000000000114e+02,4.381000061035156250e+02,4.056650085449218750e+02,4.350000000000000000e+02,2.774840000000000000e+07
2.015020200000000000e+07,4.350000000000000000e+02,4.441000061035156250e+02,4.147000122070312500e+02,4.196999999999999886e+02,2.042750000000000000e+07
2.015020900000000000e+07,4.186999999999999886e+02,4.340000000000000000e+02,4.122000122070312500e+02,4.260000000000000000e+02,1.793250000000000000e+07
2.015021600000000000e+07,4.243999999999999773e+02,4.456000061035156250e+02,4.202000122070312500e+02,4.410000000000000000e+02,1.281040000000000000e+07
2.015022300000000000e+07,4.418999999999999773e+02,4.511000061035156250e+02,4.345799865722656250e+02,4.406000000000000227e+02,1.494390000000000000e+07
2.015030200000000000e+07,4.393999999999999773e+02,4.445000000000000000e+02,4.250000000000000000e+02,4.373999999999999773e+02,1.088380000000000000e+07
2.015030900000000000e+07,4.350000000000000000e+02,4.415299987792968750e+02,4.251000061035156250e+02,4.266999999999999886e+02,1.377980000000000000e+07
2.015031600000000000e+07,4.280000000000000000e+02,4.372000122070312500e+02,4.262500000000000000e+02,4.271999999999999886e+02,2.381010000000000000e+07
2.015032300000000000e+07,4.293000000000000114e+02,4.340000000000000000e+02,4.090000000000000000e+02,4.095000000000000000e+02,1.504230000000000000e+07
2.015033000000000000e+07,4.135000000000000000e+02,4.180000000000000000e+02,4.071000061035156250e+02,4.161000000000000227e+02,1.391260000000000000e+07
2.015040600000000000e+07,4.161000000000000227e+02,4.337999877929687500e+02,4.120000000000000000e+02,4.326999999999999886e+02,1.308990000000000000e+07
2.015041300000000000e+07,4.320000000000000000e+02,4.482999877929687500e+02,4.270000000000000000e+02,4.413000000000000114e+02,1.443930000000000000e+07
2.015042000000000000e+07,4.425000000000000000e+02,4.500000000000000000e+02,4.287999877929687500e+02,4.328000000000000114e+02,1.036080000000000000e+07
2.015042700000000000e+07,4.340000000000000000e+02,4.385000000000000000e+02,4.148900146484375000e+02,4.181000000000000227e+02,1.535380000000000000e+07
2.015050400000000000e+07,4.181000000000000227e+02,4.575000000000000000e+02,4.181000061035156250e+02,4.505000000000000000e+02,1.663510000000000000e+07
2.015051100000000000e+07,4.521000000000000227e+02,4.761000061035156250e+02,4.458999938964843750e+02,4.708999999999999773e+02,1.710610000000000000e+07
2.015051800000000000e+07,4.698999999999999773e+02,4.776000061035156250e+02,4.567999877929687500e+02,4.680000000000000000e+02,1.906410000000000000e+07
2.015052500000000000e+07,4.680000000000000000e+02,4.795000000000000000e+02,4.590159912109375000e+02,4.753999999999999773e+02,1.454500000000000000e+07
2.015060100000000000e+07,4.778000000000000114e+02,4.908020019531250000e+02,4.656000061035156250e+02,4.685000000000000000e+02,3.159710000000000000e+07
2.015060800000000000e+07,4.686999999999999886e+02,4.728999938964843750e+02,4.588999938964843750e+02,4.653999999999999773e+02,1.232280000000000000e+07
2.015061500000000000e+07,4.626999999999999886e+02,4.652000122070312500e+02,4.512999877929687500e+02,4.568000000000000114e+02,1.159860000000000000e+07
2.015062200000000000e+07,4.633999999999999773e+02,4.691000061035156250e+02,4.611000061035156250e+02,4.656999999999999886e+02,8.502300000000000000e+06
2.015062900000000000e+07,4.526000000000000227e+02,4.802999877929687500e+02,4.481600036621093750e+02,4.616999999999999886e+02,1.490190000000000000e+07
2.015070600000000000e+07,4.573999999999999773e+02,4.627999877929687500e+02,4.392999877929687500e+02,4.495000000000000000e+02,1.198110000000000000e+07
2.015071300000000000e+07,4.533000000000000114e+02,4.718999938964843750e+02,4.513999938964843750e+02,4.621999999999999886e+02,1.682620000000000000e+07
2.015072000000000000e+07,4.621000000000000227e+02,4.751000061035156250e+02,4.599440002441406250e+02,4.610000000000000000e+02,1.272630000000000000e+07
2.015072700000000000e+07,4.583000000000000114e+02,4.597000122070312500e+02,4.476000061035156250e+02,4.558000000000000114e+02,1.227170000000000000e+07
2.015080300000000000e+07,4.540000000000000000e+02,4.652000122070312500e+02,4.525000000000000000e+02,4.560000000000000000e+02,1.294840000000000000e+07
2.015081000000000000e+07,4.530000000000000000e+02,4.585000000000000000e+02,4.425000000000000000e+02,4.483999999999999773e+02,1.236720000000000000e+07
2.015081700000000000e+07,4.508000000000000114e+02,4.512239990234375000e+02,4.217999877929687500e+02,4.218999999999999773e+02,1.125310000000000000e+07
2.015082400000000000e+07,4.108000000000000114e+02,4.336000061035156250e+02,3.988999938964843750e+02,4.313999999999999773e+02,2.728420000000000000e+07
2.015083100000000000e+07,4.313999999999999773e+02,4.332999877929687500e+02,4.122999877929687500e+02,4.123000000000000114e+02,1.522360000000000000e+07
2.015090700000000000e+07,4.150000000000000000e+02,4.310000000000000000e+02,4.126000061035156250e+02,4.208999999999999773e+02,1.646710000000000000e+07
2.015091400000000000e+07,4.221000000000000227e+02,4.302999877929687500e+02,4.117000122070312500e+02,4.226000000000000227e+02,1.441890000000000000e+07
2.015092100000000000e+07,4.206999999999999886e+02,4.262999877929687500e+02,4.058999938964843750e+02,4.223999999999999773e+02,1.408160000000000000e+07
2.015092800000000000e+07,4.206000000000000227e+02,4.396000061035156250e+02,4.107000122070312500e+02,4.351000000000000227e+02,1.694550000000000000e+07
2.015100500000000000e+07,4.416999999999999886e+02,4.492000122070312500e+02,4.307999877929687500e+02,4.328000000000000114e+02,1.340940000000000000e+07
2.015101200000000000e+07,4.330000000000000000e+02,4.350000000000000000e+02,4.232000122070312500e+02,4.306000000000000227e+02,8.345600000000000000e+06
2.015101900000000000e+07,4.300000000000000000e+02,4.588999938964843750e+02,4.270000000000000000e+02,4.581999999999999886e+02,9.546700000000000000e+06
2.015102600000000000e+07,4.571000000000000227e+02,4.612999877929687500e+02,4.512000122070312500e+02,4.613000000000000114e+02,1.411010000000000000e+07
2.015110200000000000e+07,4.576000000000000227e+02,4.722000122070312500e+02,4.551000061035156250e+02,4.671000000000000227e+02,1.055050000000000000e+07
2.015110900000000000e+07,4.671000000000000227e+02,4.678800048828125000e+02,4.526000061035156250e+02,4.550000000000000000e+02,9.413600000000000000e+06
2.015111600000000000e+07,4.516999999999999886e+02,4.662000122070312500e+02,4.489800109863281250e+02,4.646000000000000227e+02,9.914800000000000000e+06
2.015112300000000000e+07,4.621999999999999886e+02,4.830000000000000000e+02,4.525000000000000000e+02,4.816000000000000227e+02,1.170720000000000000e+07
2.015113000000000000e+07,4.808000000000000114e+02,4.906000061035156250e+02,4.727999877929687500e+02,4.796000000000000227e+02,1.384400000000000000e+07
2.015120700000000000e+07,4.815000000000000000e+02,4.885000000000000000e+02,4.659800109863281250e+02,4.706000000000000227e+02,1.419510000000000000e+07
2.015121400000000000e+07,4.718999999999999773e+02,5.000000000000000000e+02,4.643999938964843750e+02,4.771000000000000227e+02,1.670390000000000000e+07
2.015122100000000000e+07,4.790000000000000000e+02,5.010000000000000000e+02,4.767630004882812500e+02,5.000000000000000000e+02,7.914000000000000000e+06
2.016010400000000000e+07,4.973000000000000114e+02,5.065000000000000000e+02,4.632999877929687500e+02,4.633000000000000114e+02,1.316670000000000000e+07
2.016011100000000000e+07,4.620000000000000000e+02,4.787479858398437500e+02,4.428999938964843750e+02,4.453999999999999773e+02,1.266830000000000000e+07
2.016011800000000000e+07,4.450000000000000000e+02,4.661000061035156250e+02,4.147000122070312500e+02,4.648999999999999773e+02,1.575560000000000000e+07
2.016012500000000000e+07,4.683999999999999773e+02,4.737000122070312500e+02,4.522999877929687500e+02,4.736999999999999886e+02,1.858950000000000000e+07
2.016020100000000000e+07,4.751999999999999886e+02,4.772000122070312500e+02,4.401000061035156250e+02,4.401000000000000227e+02,1.554690000000000000e+07
2.016020800000000000e+07,4.440000000000000000e+02,4.446000061035156250e+02,4.153999938964843750e+02,4.311000000000000227e+02,1.656650000000000000e+07
2.016021500000000000e+07,4.400000000000000000e+02,4.535000000000000000e+02,4.295000000000000000e+02,4.483999999999999773e+02,1.155670000000000000e+07
2.016022200000000000e+07,4.506999999999999886e+02,4.562999877929687500e+02,4.187000122070312500e+02,4.333000000000000114e+02,1.134550000000000000e+07
