2.006050800000000000e+07,2.030000000000000000e+02,2.100000000000000000e+02,1.980000000000000000e+02,1.980000000000000000e+02,8.892990400000000000e+07
2.006051500000000000e+07,1.980000000000000000e+02,2.020000000000000000e+02,1.835000000000000000e+02,1.862500000000000000e+02,2.996900000000000000e+07
2.006052200000000000e+07,1.860000000000000000e+02,1.960000000000000000e+02,1.720000000000000000e+02,1.850000000000000000e+02,4.751310000000000000e+07
2.006052900000000000e+07,1.850000000000000000e+02,1.910000000000000000e+02,1.840000000000000000e+02,1.892500000000000000e+02,8.733800000000000000e+06
2.006060500000000000e+07,1.890000000000000000e+02,1.900000000000000000e+02,1.785000000000000000e+02,1.880000000000000000e+02,1.830930000000000000e+07
2.006061200000000000e+07,1.872500000000000000e+02,1.980000000000000000e+02,1.827500000000000000e+02,1.960000000000000000e+02,1.070400960000000000e+08
2.006061900000000000e+07,1.980000000000000000e+02,1.980000000000000000e+02,1.865000000000000000e+02,1.905000000000000000e+02,2.191190000000000000e+07
2.006062600000000000e+07,1.922500000000000000e+02,1.924900054931640625e+02,1.817500000000000000e+02,1.880000000000000000e+02,2.366850000000000000e+07
2.006070300000000000e+07,1.875000000000000000e+02,1.900000000000000000e+02,1.855000000000000000e+02,1.880000000000000000e+02,1.401980000000000000e+07
2.006071000000000000e+07,1.872500000000000000e+02,1.895000000000000000e+02,1.840000000000000000e+02,1.850000000000000000e+02,9.209500000000000000e+06
2.006071700000000000e+07,1.845000000000000000e+02,1.867500000000000000e+02,1.750000000000000000e+02,1.797500000000000000e+02,8.100900000000000000e+06
2.006072400000000000e+07,1.780000000000000000e+02,1.825000000000000000e+02,1.780000000000000000e+02,1.812500000000000000e+02,4.750200000000000000e+06
2.006073100000000000e+07,1.810000000000000000e+02,1.810000000000000000e+02,1.672500000000000000e+02,1.730000000000000000e+02,2.802480000000000000e+07
2.006080700000000000e+07,1.700000000000000000e+02,1.767500000000000000e+02,1.700000000000000000e+02,1.712500000000000000e+02,1.742970000000000000e+07
2.006081400000000000e+07,1.730000000000000000e+02,1.910000000000000000e+02,1.720000000000000000e+02,1.900000000000000000e+02,4.333450000000000000e+07
2.006082100000000000e+07,1.915000000000000000e+02,1.915000000000000000e+02,1.765000000000000000e+02,1.775000000000000000e+02,2.015500000000000000e+07
2.006082800000000000e+07,1.775000000000000000e+02,1.887500000000000000e+02,1.765099945068359375e+02,1.880000000000000000e+02,1.196860000000000000e+07
2.006090400000000000e+07,1.870000000000000000e+02,1.900000000000000000e+02,1.850000000000000000e+02,1.892500000000000000e+02,1.109400000000000000e+07
2.006091100000000000e+07,1.890000000000000000e+02,1.980000000000000000e+02,1.817500000000000000e+02,1.920000000000000000e+02,4.306570000000000000e+07
2.006091800000000000e+07,1.910000000000000000e+02,1.930000000000000000e+02,1.857500000000000000e+02,1.862500000000000000e+02,2.468900000000000000e+07
2.006092500000000000e+07,1.850000000000000000e+02,1.874900054931640625e+02,1.790000000000000000e+02,1.817500000000000000e+02,3.684390000000000000e+07
2.006100200000000000e+07,1.835000000000000000e+02,1.877500000000000000e+02,1.800000000000000000e+02,1.855000000000000000e+02,2.292380000000000000e+07
2.006100900000000000e+07,1.830000000000000000e+02,1.882500000000000000e+02,1.830000000000000000e+02,1.877500000000000000e+02,1.767070000000000000e+07
2.006101600000000000e+07,1.877500000000000000e+02,1.880000000000000000e+02,1.765000000000000000e+02,1.807500000000000000e+02,2.937220000000000000e+07
2.006102300000000000e+07,1.812500000000000000e+02,1.970000000000000000e+02,1.785000000000000000e+02,1.935000000000000000e+02,4.128470000000000000e+07
2.006103000000000000e+07,1.917500000000000000e+02,1.927500000000000000e+02,1.827500000000000000e+02,1.885000000000000000e+02,4.204380000000000000e+07
2.006110600000000000e+07,1.900000000000000000e+02,1.952500000000000000e+02,1.877500000000000000e+02,1.937500000000000000e+02,1.758220000000000000e+07
2.006111300000000000e+07,1.930000000000000000e+02,2.055000000000000000e+02,1.930000000000000000e+02,2.015000000000000000e+02,3.094860000000000000e+07
2.006112000000000000e+07,2.027500000000000000e+02,2.050000000000000000e+02,1.945000000000000000e+02,1.960000000000000000e+02,2.245670000000000000e+07
2.006112700000000000e+07,1.940000000000000000e+02,1.977400054931640625e+02,1.830000000000000000e+02,1.845000000000000000e+02,4.250890000000000000e+07
2.006120400000000000e+07,1.850000000000000000e+02,1.873999938964843750e+02,1.805000000000000000e+02,1.837500000000000000e+02,3.019230000000000000e+07
2.006121100000000000e+07,1.840000000000000000e+02,1.882500000000000000e+02,1.787500000000000000e+02,1.870000000000000000e+02,3.198020000000000000e+07
2.006121800000000000e+07,1.872500000000000000e+02,1.880000000000000000e+02,1.825000000000000000e+02,1.880000000000000000e+02,1.412920000000000000e+07
2.006122500000000000e+07,1.880000000000000000e+02,1.920000000000000000e+02,1.850000000000000000e+02,1.897500000000000000e+02,3.170600000000000000e+06
2.007010100000000000e+07,1.897500000000000000e+02,1.920000000000000000e+02,1.820000000000000000e+02,1.865000000000000000e+02,2.989160000000000000e+07
2.007010800000000000e+07,1.882500000000000000e+02,1.908079986572265625e+02,1.855000000000000000e+02,1.892500000000000000e+02,2.848060000000000000e+07
2.007011500000000000e+07,1.892500000000000000e+02,1.895000000000000000e+02,1.687500000000000000e+02,1.737500000000000000e+02,8.839790400000000000e+07
2.007012200000000000e+07,1.740000000000000000e+02,1.740000000000000000e+02,1.610000000000000000e+02,1.640000000000000000e+02,5.398210000000000000e+07
2.007012900000000000e+07,1.635000000000000000e+02,1.737500000000000000e+02,1.600000000000000000e+02,1.710000000000000000e+02,6.824310400000000000e+07
2.007020500000000000e+07,1.712500000000000000e+02,1.715000000000000000e+02,1.669900054931640625e+02,1.690000000000000000e+02,1.742970000000000000e+07
2.007021200000000000e+07,1.665000000000000000e+02,1.697500000000000000e+02,1.607590026855468750e+02,1.630000000000000000e+02,2.303050000000000000e+07
2.007021900000000000e+07,1.640000000000000000e+02,1.814869995117187500e+02,1.610000000000000000e+02,1.800000000000000000e+02,1.039732000000000000e+08
2.007022600000000000e+07,1.780000000000000000e+02,1.912500000000000000e+02,1.661329956054687500e+02,1.807500000000000000e+02,1.051578960000000000e+08
2.007030500000000000e+07,1.777500000000000000e+02,1.845339965820312500e+02,1.715000000000000000e+02,1.832500000000000000e+02,6.826769600000000000e+07
2.007031200000000000e+07,1.840000000000000000e+02,1.847500000000000000e+02,1.700000000000000000e+02,1.802500000000000000e+02,4.088000000000000000e+07
2.007031900000000000e+07,1.827500000000000000e+02,1.850000000000000000e+02,1.770000000000000000e+02,1.780000000000000000e+02,4.124840000000000000e+07
2.007032600000000000e+07,1.802500000000000000e+02,1.820000000000000000e+02,1.740000000000000000e+02,1.745000000000000000e+02,2.062950000000000000e+07
2.007040200000000000e+07,1.745000000000000000e+02,1.786999969482421875e+02,1.745000000000000000e+02,1.760000000000000000e+02,2.285300000000000000e+07
2.007040900000000000e+07,1.760000000000000000e+02,1.800000000000000000e+02,1.737500000000000000e+02,1.755000000000000000e+02,2.507660000000000000e+07
2.007041600000000000e+07,1.777500000000000000e+02,1.780000000000000000e+02,1.409750061035156250e+02,1.505000000000000000e+02,1.588285920000000000e+08
2.007042300000000000e+07,1.490000000000000000e+02,1.500000000000000000e+02,1.420000000000000000e+02,1.445000000000000000e+02,5.079820000000000000e+07
2.007043000000000000e+07,1.445000000000000000e+02,1.585449981689453125e+02,1.417500000000000000e+02,1.450000000000000000e+02,5.118390000000000000e+07
2.007050700000000000e+07,1.450000000000000000e+02,1.495000000000000000e+02,1.440000000000000000e+02,1.487500000000000000e+02,3.915730000000000000e+07
2.007051400000000000e+07,1.480000000000000000e+02,1.500000000000000000e+02,1.435000000000000000e+02,1.457500000000000000e+02,3.645310000000000000e+07
2.007052100000000000e+07,1.475000000000000000e+02,1.475000000000000000e+02,1.322299957275390625e+02,1.375000000000000000e+02,5.940530000000000000e+07
2.007052800000000000e+07,1.375000000000000000e+02,1.383480072021484375e+02,1.312500000000000000e+02,1.362500000000000000e+02,3.670720000000000000e+07
2.007060400000000000e+07,1.350000000000000000e+02,1.385579986572265625e+02,1.285000000000000000e+02,1.365000000000000000e+02,6.625370000000000000e+07
2.007061100000000000e+07,1.385000000000000000e+02,1.480000000000000000e+02,1.361529998779296875e+02,1.407500000000000000e+02,8.286630400000000000e+07
2.007061800000000000e+07,1.420000000000000000e+02,1.424900054931640625e+02,1.327599945068359375e+02,1.365000000000000000e+02,3.728600000000000000e+07
2.007062500000000000e+07,1.350000000000000000e+02,1.368000030517578125e+02,1.247500000000000000e+02,1.297500000000000000e+02,4.899510000000000000e+07
2.007070200000000000e+07,1.310000000000000000e+02,1.360000000000000000e+02,1.131999969482421875e+02,1.340000000000000000e+02,4.700240000000000000e+07
2.007070900000000000e+07,1.355000000000000000e+02,1.372500000000000000e+02,1.280000000000000000e+02,1.365000000000000000e+02,5.944390000000000000e+07
2.007071600000000000e+07,1.382500000000000000e+02,1.397500000000000000e+02,1.322799987792968750e+02,1.330000000000000000e+02,6.349640000000000000e+07
2.007072300000000000e+07,1.347500000000000000e+02,1.347500000000000000e+02,1.136399993896484375e+02,1.190000000000000000e+02,7.952320000000000000e+07
2.007073000000000000e+07,1.180000000000000000e+02,1.322500000000000000e+02,1.172500000000000000e+02,1.275000000000000000e+02,5.752980000000000000e+07
2.007080600000000000e+07,1.260000000000000000e+02,1.408650054931640625e+02,1.220000000000000000e+02,1.220000000000000000e+02,7.174020000000000000e+07
2.007081300000000000e+07,1.230000000000000000e+02,1.260000000000000000e+02,1.157500000000000000e+02,1.240000000000000000e+02,4.693620000000000000e+07
2.007082000000000000e+07,1.250000000000000000e+02,1.255000000000000000e+02,1.197500000000000000e+02,1.207500000000000000e+02,2.796720000000000000e+07
2.007082700000000000e+07,1.207500000000000000e+02,1.227500000000000000e+02,1.175000000000000000e+02,1.205000000000000000e+02,1.943490000000000000e+07
2.007090300000000000e+07,1.220000000000000000e+02,1.230000000000000000e+02,1.155000000000000000e+02,1.170000000000000000e+02,2.697230000000000000e+07
2.007091000000000000e+07,1.155000000000000000e+02,1.197500000000000000e+02,1.070000000000000000e+02,1.095000000000000000e+02,4.327280000000000000e+07
2.007091700000000000e+07,1.080000000000000000e+02,1.090000000000000000e+02,9.625000000000000000e+01,9.750000000000000000e+01,1.142996000000000000e+08
2.007092400000000000e+07,9.750000000000000000e+01,1.008990020751953125e+02,8.425000000000000000e+01,9.425000000000000000e+01,1.203642960000000000e+08
2.007100100000000000e+07,9.375000000000000000e+01,1.050000000000000000e+02,9.200000000000000000e+01,1.022500000000000000e+02,8.647940000000000000e+07
2.007100800000000000e+07,1.020000000000000000e+02,1.147600021362304688e+02,9.950000000000000000e+01,1.092500000000000000e+02,9.295020000000000000e+07
2.007101500000000000e+07,1.085000000000000000e+02,1.113199996948242188e+02,9.750000000000000000e+01,1.017500000000000000e+02,6.246480000000000000e+07
2.007102200000000000e+07,1.000000000000000000e+02,1.185780029296875000e+02,9.815000152587890625e+01,1.152500000000000000e+02,9.717580800000000000e+07
2.007102900000000000e+07,1.152500000000000000e+02,1.180000000000000000e+02,1.072500000000000000e+02,1.120000000000000000e+02,5.332930000000000000e+07
2.007110500000000000e+07,1.125000000000000000e+02,1.147500000000000000e+02,1.027500000000000000e+02,1.032500000000000000e+02,2.882920000000000000e+07
2.007111200000000000e+07,1.017500000000000000e+02,1.110000000000000000e+02,1.015000000000000000e+02,1.042500000000000000e+02,2.648680000000000000e+07
2.007111900000000000e+07,1.032500000000000000e+02,1.047500000000000000e+02,9.175000000000000000e+01,9.625000000000000000e+01,3.182650000000000000e+07
2.007112600000000000e+07,9.650000000000000000e+01,9.900000000000000000e+01,8.575000000000000000e+01,8.700000000000000000e+01,3.706430000000000000e+07
2.007120300000000000e+07,9.000000000000000000e+01,9.425000000000000000e+01,7.794300079345703125e+01,8.450000000000000000e+01,5.326710000000000000e+07
2.007121000000000000e+07,8.400000000000000000e+01,8.650000000000000000e+01,7.900000000000000000e+01,8.125000000000000000e+01,5.039260000000000000e+07
2.007121700000000000e+07,8.000000000000000000e+01,8.725000000000000000e+01,7.300000000000000000e+01,8.100000000000000000e+01,5.050480000000000000e+07
2.007122400000000000e+07,8.175000000000000000e+01,8.175000000000000000e+01,7.475000000000000000e+01,7.850000000000000000e+01,1.045400000000000000e+07
2.007123100000000000e+07,7.750000000000000000e+01,8.150000000000000000e+01,7.350000000000000000e+01,7.575000000000000000e+01,2.420740000000000000e+07
2.008010700000000000e+07,7.500000000000000000e+01,7.500000000000000000e+01,6.000000000000000000e+01,6.775000000000000000e+01,6.456520000000000000e+07
2.008011400000000000e+07,7.100000000000000000e+01,7.950000000000000000e+01,6.000000000000000000e+01,7.050000000000000000e+01,1.006321920000000000e+08
2.008012100000000000e+07,6.825000000000000000e+01,7.275000000000000000e+01,6.400000000000000000e+01,6.775000000000000000e+01,5.946660000000000000e+07
2.008012800000000000e+07,6.700000000000000000e+01,7.500000000000000000e+01,6.550000000000000000e+01,7.450000000000000000e+01,2.761580000000000000e+07
2.008020400000000000e+07,7.425000000000000000e+01,7.525000000000000000e+01,6.800000000000000000e+01,6.950000000000000000e+01,2.728940000000000000e+07
2.008021100000000000e+07,6.900000000000000000e+01,7.325000000000000000e+01,6.700000000000000000e+01,6.800000000000000000e+01,2.128000000000000000e+07
2.008021800000000000e+07,6.950000000000000000e+01,7.175000000000000000e+01,6.750000000000000000e+01,6.975000000000000000e+01,1.797180000000000000e+07
2.008022500000000000e+07,7.100000000000000000e+01,7.175000000000000000e+01,6.725000000000000000e+01,6.825000000000000000e+01,1.923080000000000000e+07
2.008030300000000000e+07,6.725000000000000000e+01,6.875000000000000000e+01,6.125000000000000000e+01,6.325000000000000000e+01,2.138200000000000000e+07
2.008031000000000000e+07,6.350000000000000000e+01,6.450000000000000000e+01,5.700000000000000000e+01,5.775000000000000000e+01,1.796770000000000000e+07
2.008031700000000000e+07,5.625000000000000000e+01,6.800000000000000000e+01,5.225000000000000000e+01,6.800000000000000000e+01,3.989700000000000000e+07
2.008032400000000000e+07,6.800000000000000000e+01,7.150000000000000000e+01,5.450000000000000000e+01,5.800000000000000000e+01,5.495800000000000000e+07
2.008033100000000000e+07,5.725000000000000000e+01,6.768000030517578125e+01,5.475000000000000000e+01,5.600000000000000000e+01,2.016000000000000000e+07
2.008040700000000000e+07,5.525000000000000000e+01,6.075000000000000000e+01,5.525000000000000000e+01,6.025000000000000000e+01,3.189840000000000000e+07
2.008041400000000000e+07,6.025000000000000000e+01,6.425000000000000000e+01,5.375000000000000000e+01,6.350000000000000000e+01,3.571800000000000000e+07
2.008042100000000000e+07,6.300000000000000000e+01,6.575000000000000000e+01,6.125000000000000000e+01,6.425000000000000000e+01,1.935070000000000000e+07
2.008042800000000000e+07,6.400000000000000000e+01,6.650000000000000000e+01,6.175000000000000000e+01,6.525000000000000000e+01,1.452220000000000000e+07
2.008050500000000000e+07,6.525000000000000000e+01,6.650000000000000000e+01,6.300000000000000000e+01,6.500000000000000000e+01,1.259390000000000000e+07
2.008051200000000000e+07,6.550000000000000000e+01,6.775000000000000000e+01,6.075000000000000000e+01,6.375000000000000000e+01,1.395790000000000000e+07
2.008051900000000000e+07,6.425000000000000000e+01,6.444999694824218750e+01,6.150000000000000000e+01,6.325000000000000000e+01,1.292880000000000000e+07
2.008052600000000000e+07,6.325000000000000000e+01,6.675000000000000000e+01,6.200000000000000000e+01,6.500000000000000000e+01,1.130910000000000000e+07
2.008060200000000000e+07,6.450000000000000000e+01,6.475000000000000000e+01,5.875000000000000000e+01,6.225000000000000000e+01,2.128170000000000000e+07
2.008060900000000000e+07,6.200000000000000000e+01,6.200000000000000000e+01,4.725000000000000000e+01,5.400000000000000000e+01,3.580770000000000000e+07
2.008061600000000000e+07,5.350000000000000000e+01,5.425000000000000000e+01,3.950000000000000000e+01,4.400000000000000000e+01,2.612000000000000000e+07
2.008062300000000000e+07,4.250000000000000000e+01,4.900000000000000000e+01,3.900000000000000000e+01,4.275000000000000000e+01,5.269670000000000000e+07
2.008063000000000000e+07,4.300000000000000000e+01,4.600000000000000000e+01,3.525000000000000000e+01,3.775000000000000000e+01,3.879560000000000000e+07
2.008070700000000000e+07,3.775000000000000000e+01,3.800000000000000000e+01,2.900000000000000000e+01,3.175000000000000000e+01,4.576670000000000000e+07
2.008071400000000000e+07,3.275000000000000000e+01,4.350000000000000000e+01,3.100000000000000000e+01,4.200000000000000000e+01,4.667370000000000000e+07
2.008072100000000000e+07,4.125000000000000000e+01,4.700000000000000000e+01,3.925000000000000000e+01,4.325000000000000000e+01,3.404630000000000000e+07
2.008072800000000000e+07,4.300000000000000000e+01,4.500000000000000000e+01,3.575000000000000000e+01,4.300000000000000000e+01,2.612630000000000000e+07
2.008080400000000000e+07,4.225000000000000000e+01,6.175000000000000000e+01,4.150000000000000000e+01,5.300000000000000000e+01,4.187170000000000000e+07
2.008081100000000000e+07,5.250000000000000000e+01,5.775000000000000000e+01,4.950000000000000000e+01,5.400000000000000000e+01,3.349290000000000000e+07
2.008081800000000000e+07,5.450000000000000000e+01,5.450000000000000000e+01,4.075000000000000000e+01,4.975000000000000000e+01,3.367680000000000000e+07
2.008082500000000000e+07,4.975000000000000000e+01,5.075000000000000000e+01,4.625000000000000000e+01,4.975000000000000000e+01,1.203200000000000000e+07
2.008090100000000000e+07,4.850000000000000000e+01,5.000000000000000000e+01,4.400000000000000000e+01,4.625000000000000000e+01,2.917870000000000000e+07
2.008090800000000000e+07,4.775000000000000000e+01,4.950000000000000000e+01,4.325000000000000000e+01,4.500000000000000000e+01,2.198740000000000000e+07
2.008091500000000000e+07,4.400000000000000000e+01,5.600000000000000000e+01,4.125000000000000000e+01,4.900000000000000000e+01,6.596260000000000000e+07
2.008092200000000000e+07,4.850000000000000000e+01,5.425000000000000000e+01,4.475000000000000000e+01,4.850000000000000000e+01,2.154370000000000000e+07
2.008092900000000000e+07,4.800000000000000000e+01,5.325000000000000000e+01,4.625000000000000000e+01,5.025000000000000000e+01,4.185690000000000000e+07
2.008100600000000000e+07,4.750000000000000000e+01,5.000000000000000000e+01,3.500000000000000000e+01,3.800000000000000000e+01,4.327300000000000000e+07
2.008101300000000000e+07,3.950000000000000000e+01,4.325000000000000000e+01,3.025000000000000000e+01,3.175000000000000000e+01,3.301070000000000000e+07
2.008102000000000000e+07,3.200000000000000000e+01,3.525000000000000000e+01,2.250000000000000000e+01,2.425000000000000000e+01,2.934750000000000000e+07
2.008102700000000000e+07,2.425000000000000000e+01,3.900000000000000000e+01,2.375000000000000000e+01,3.800000000000000000e+01,1.929450000000000000e+07
2.008110300000000000e+07,3.875000000000000000e+01,4.350000000000000000e+01,3.450000000000000000e+01,3.500000000000000000e+01,1.655870000000000000e+07
2.008111000000000000e+07,3.650000000000000000e+01,3.725000000000000000e+01,2.950000000000000000e+01,3.050000000000000000e+01,1.076560000000000000e+07
2.008111700000000000e+07,3.125000000000000000e+01,3.125000000000000000e+01,2.050000000000000000e+01,2.325000000000000000e+01,2.217810000000000000e+07
2.008112400000000000e+07,2.450000000000000000e+01,2.600000000000000000e+01,2.300000000000000000e+01,2.425000000000000000e+01,6.955400000000000000e+06
2.008120100000000000e+07,2.350000000000000000e+01,2.400000000000000000e+01,2.200000000000000000e+01,2.300000000000000000e+01,4.820100000000000000e+06
2.008120800000000000e+07,2.400000000000000000e+01,2.750000000000000000e+01,2.200000000000000000e+01,2.325000000000000000e+01,1.173580000000000000e+07
2.008121500000000000e+07,2.425000000000000000e+01,3.025000000000000000e+01,2.400000000000000000e+01,2.650000000000000000e+01,9.800400000000000000e+06
2.008122200000000000e+07,2.625000000000000000e+01,2.625000000000000000e+01,2.275000000000000000e+01,2.400000000000000000e+01,4.397200000000000000e+06
2.008122900000000000e+07,2.400000000000000000e+01,2.600000000000000000e+01,2.300000000000000000e+01,2.550000000000000000e+01,3.756900000000000000e+06
2.009010500000000000e+07,2.475000000000000000e+01,3.775000000000000000e+01,2.475000000000000000e+01,3.700000000000000000e+01,2.496180000000000000e+07
2.009011200000000000e+07,3.525000000000000000e+01,3.575000000000000000e+01,2.925000000000000000e+01,3.100000000000000000e+01,1.141750000000000000e+07
2.009011900000000000e+07,3.200000000000000000e+01,3.300000000000000000e+01,2.425000000000000000e+01,2.875000000000000000e+01,1.185290000000000000e+07
2.009012600000000000e+07,3.000000000000000000e+01,3.425000000000000000e+01,2.925000000000000000e+01,3.150000000000000000e+01,1.202790000000000000e+07
2.009020200000000000e+07,3.250000000000000000e+01,3.600000000000000000e+01,2.950000000000000000e+01,3.600000000000000000e+01,5.390800000000000000e+06
2.009020900000000000e+07,3.625000000000000000e+01,3.925000000000000000e+01,3.525000000000000000e+01,3.900000000000000000e+01,5.401200000000000000e+06
2.009021600000000000e+07,3.825000000000000000e+01,3.950000000000000000e+01,3.500000000000000000e+01,3.775000000000000000e+01,7.876300000000000000e+06
2.009022300000000000e+07,3.750000000000000000e+01,3.925000000000000000e+01,3.450000000000000000e+01,3.800000000000000000e+01,1.048280000000000000e+07
2.009030200000000000e+07,3.700000000000000000e+01,3.850000000000000000e+01,3.500000000000000000e+01,3.850000000000000000e+01,1.144820000000000000e+07
2.009030900000000000e+07,3.850000000000000000e+01,4.225000000000000000e+01,3.650000000000000000e+01,4.000000000000000000e+01,1.264820000000000000e+07
2.009031600000000000e+07,4.125000000000000000e+01,4.700000000000000000e+01,3.950000000000000000e+01,3.950000000000000000e+01,3.160630000000000000e+07
2.009032300000000000e+07,4.075000000000000000e+01,5.225000000000000000e+01,4.075000000000000000e+01,5.225000000000000000e+01,1.426170000000000000e+07
2.009033000000000000e+07,5.150000000000000000e+01,5.675000000000000000e+01,4.600000000000000000e+01,5.575000000000000000e+01,5.538310000000000000e+07
2.009040600000000000e+07,5.550000000000000000e+01,5.900000000000000000e+01,5.350000000000000000e+01,5.750000000000000000e+01,1.693990000000000000e+07
2.009041300000000000e+07,5.750000000000000000e+01,5.850000000000000000e+01,5.125000000000000000e+01,5.600000000000000000e+01,1.546720000000000000e+07
2.009042000000000000e+07,5.700000000000000000e+01,8.475000000000000000e+01,5.475000000000000000e+01,8.400000000000000000e+01,5.529430000000000000e+07
2.009042700000000000e+07,8.450000000000000000e+01,9.700000000000000000e+01,8.150000000000000000e+01,9.275000000000000000e+01,3.840210000000000000e+07
2.009050400000000000e+07,9.275000000000000000e+01,9.850000000000000000e+01,9.125000000000000000e+01,9.300000000000000000e+01,3.512720000000000000e+07
2.009051100000000000e+07,9.300000000000000000e+01,9.950000000000000000e+01,8.600000000000000000e+01,8.875000000000000000e+01,4.484410000000000000e+07
2.009051800000000000e+07,8.900000000000000000e+01,9.600000000000000000e+01,8.575000000000000000e+01,9.150000000000000000e+01,4.251110000000000000e+07
2.009052500000000000e+07,9.150000000000000000e+01,9.700000000000000000e+01,8.550000000000000000e+01,9.225000000000000000e+01,1.702970000000000000e+07
2.009060100000000000e+07,9.200000000000000000e+01,9.625000000000000000e+01,8.350000000000000000e+01,8.625000000000000000e+01,8.537830400000000000e+07
2.009060800000000000e+07,8.500000000000000000e+01,9.075000000000000000e+01,8.075000000000000000e+01,8.275000000000000000e+01,1.884750000000000000e+07
2.009061500000000000e+07,8.425000000000000000e+01,8.425000000000000000e+01,7.225000000000000000e+01,7.700000000000000000e+01,3.243700000000000000e+07
2.009062200000000000e+07,7.625000000000000000e+01,7.975000000000000000e+01,7.050000000000000000e+01,7.875000000000000000e+01,6.340260000000000000e+07
2.009062900000000000e+07,7.925000000000000000e+01,8.900000000000000000e+01,7.750000000000000000e+01,8.800000000000000000e+01,5.787210000000000000e+07
2.009070600000000000e+07,8.825000000000000000e+01,8.825000000000000000e+01,7.900000000000000000e+01,8.450000000000000000e+01,2.916570000000000000e+07
2.009071300000000000e+07,8.375000000000000000e+01,9.000000000000000000e+01,8.025000000000000000e+01,8.900000000000000000e+01,2.399670000000000000e+07
2.009072000000000000e+07,8.875000000000000000e+01,9.075000000000000000e+01,8.705699920654296875e+01,8.975000000000000000e+01,2.993760000000000000e+07
2.009072700000000000e+07,9.050000000000000000e+01,9.125000000000000000e+01,8.350000000000000000e+01,8.875000000000000000e+01,1.648520000000000000e+07
2.009080300000000000e+07,8.900000000000000000e+01,9.194999694824218750e+01,8.755000305175781250e+01,9.104999999999999716e+01,1.488080000000000000e+07
2.009081000000000000e+07,9.045000000000000284e+01,9.165000152587890625e+01,8.313800048828125000e+01,8.790000000000000568e+01,1.483380000000000000e+07
2.009081700000000000e+07,8.884999999999999432e+01,8.900000000000000000e+01,8.015000152587890625e+01,8.254999999999999716e+01,2.184420000000000000e+07
2.009082400000000000e+07,8.254999999999999716e+01,8.359999847412109375e+01,7.644999694824218750e+01,7.950000000000000000e+01,3.524450000000000000e+07
2.009083100000000000e+07,7.950000000000000000e+01,8.425000000000000000e+01,7.505000305175781250e+01,8.359999999999999432e+01,2.684350000000000000e+07
2.009090700000000000e+07,8.465000000000000568e+01,8.750000000000000000e+01,8.369999694824218750e+01,8.640000000000000568e+01,2.608210000000000000e+07
2.009091400000000000e+07,8.495000000000000284e+01,8.619999694824218750e+01,7.640000152587890625e+01,7.700000000000000000e+01,4.747480000000000000e+07
2.009092100000000000e+07,7.720000000000000284e+01,8.050000000000000000e+01,7.569999694824218750e+01,7.679999999999999716e+01,2.887450000000000000e+07
2.009092800000000000e+07,7.720000000000000284e+01,7.997000122070312500e+01,6.979100036621093750e+01,7.400000000000000000e+01,2.914120000000000000e+07
2.009100500000000000e+07,7.365000000000000568e+01,8.105000305175781250e+01,7.359999847412109375e+01,7.904999999999999716e+01,2.687350000000000000e+07
2.009101200000000000e+07,7.990000000000000568e+01,8.165499877929687500e+01,7.759100341796875000e+01,8.095000000000000284e+01,2.324000000000000000e+07
2.009101900000000000e+07,8.029999999999999716e+01,8.850000000000000000e+01,7.895999908447265625e+01,8.379999999999999716e+01,4.394450000000000000e+07
2.009102600000000000e+07,8.500000000000000000e+01,8.630000305175781250e+01,7.634999847412109375e+01,7.790000000000000568e+01,6.344050000000000000e+07
2.009110200000000000e+07,7.795000000000000284e+01,8.244999694824218750e+01,7.505000305175781250e+01,8.200000000000000000e+01,2.690840000000000000e+07
2.009110900000000000e+07,8.279999999999999716e+01,8.755300140380859375e+01,8.000000000000000000e+01,8.715000000000000568e+01,3.240240000000000000e+07
2.009111600000000000e+07,8.750000000000000000e+01,9.000000000000000000e+01,8.115000152587890625e+01,8.400000000000000000e+01,3.628470000000000000e+07
2.009112300000000000e+07,8.500000000000000000e+01,8.575000000000000000e+01,8.100000000000000000e+01,8.275000000000000000e+01,2.326400000000000000e+07
2.009113000000000000e+07,8.265000000000000568e+01,8.506800079345703125e+01,8.155000305175781250e+01,8.420000000000000284e+01,1.088190000000000000e+07
2.009120700000000000e+07,8.365000000000000568e+01,8.530000305175781250e+01,7.890000152587890625e+01,8.279999999999999716e+01,2.993710000000000000e+07
2.009121400000000000e+07,8.425000000000000000e+01,8.480000305175781250e+01,8.019999694824218750e+01,8.120000000000000284e+01,2.118250000000000000e+07
2.009122100000000000e+07,8.204999999999999716e+01,8.275000000000000000e+01,7.850000000000000000e+01,7.995000000000000284e+01,9.605600000000000000e+06
2.009122800000000000e+07,7.995000000000000284e+01,8.025000000000000000e+01,7.575000000000000000e+01,7.965000000000000568e+01,1.607510000000000000e+07
2.010010400000000000e+07,7.815000000000000568e+01,8.100000000000000000e+01,7.525000000000000000e+01,7.529999999999999716e+01,5.539280000000000000e+07
2.010011100000000000e+07,7.659999999999999432e+01,8.000000000000000000e+01,6.709999847412109375e+01,6.770000000000000284e+01,4.749990000000000000e+07
2.010011800000000000e+07,6.804999999999999716e+01,7.019999694824218750e+01,6.419999694824218750e+01,6.540000000000000568e+01,2.156580000000000000e+07
2.010012500000000000e+07,6.520000000000000284e+01,6.884999847412109375e+01,6.444999694824218750e+01,6.750000000000000000e+01,3.183770000000000000e+07
2.010020100000000000e+07,6.700000000000000000e+01,7.619999694824218750e+01,6.425000000000000000e+01,6.475000000000000000e+01,2.730450000000000000e+07
2.010020800000000000e+07,6.529999999999999716e+01,6.700000000000000000e+01,6.325000000000000000e+01,6.364999999999999858e+01,1.680660000000000000e+07
2.010021500000000000e+07,6.379999999999999716e+01,6.850000000000000000e+01,6.359999847412109375e+01,6.650000000000000000e+01,2.773950000000000000e+07
2.010022200000000000e+07,6.600000000000000000e+01,6.694999694824218750e+01,6.145000076293945312e+01,6.275000000000000000e+01,3.171280000000000000e+07
2.010030100000000000e+07,6.350000000000000000e+01,7.180000305175781250e+01,6.100000000000000000e+01,7.179999999999999716e+01,2.445240000000000000e+07
2.010030800000000000e+07,6.550000000000000000e+01,7.150000000000000000e+01,6.550000000000000000e+01,7.125000000000000000e+01,2.330900000000000000e+07
2.010031500000000000e+07,7.090000000000000568e+01,7.334999847412109375e+01,6.975000000000000000e+01,7.265000000000000568e+01,3.020080000000000000e+07
2.010032200000000000e+07,7.209999999999999432e+01,7.559999847412109375e+01,7.194999694824218750e+01,7.540000000000000568e+01,2.631700000000000000e+07
2.010032900000000000e+07,7.600000000000000000e+01,7.665000152587890625e+01,7.456999969482421875e+01,7.620000000000000284e+01,2.323490000000000000e+07
2.010040500000000000e+07,7.620000000000000284e+01,7.934999847412109375e+01,7.565000152587890625e+01,7.895000000000000284e+01,2.515990000000000000e+07
2.010041200000000000e+07,8.000000000000000000e+01,8.124600219726562500e+01,7.490000152587890625e+01,7.590000000000000568e+01,4.153150000000000000e+07
2.010041900000000000e+07,7.550000000000000000e+01,7.690000152587890625e+01,6.879000091552734375e+01,7.500000000000000000e+01,3.433150000000000000e+07
2.010042600000000000e+07,7.645000000000000284e+01,7.644999694824218750e+01,6.825000000000000000e+01,7.179999999999999716e+01,3.340530000000000000e+07
2.010050300000000000e+07,7.179999999999999716e+01,7.619999694824218750e+01,6.415000152587890625e+01,6.609999999999999432e+01,3.198830000000000000e+07
2.010051000000000000e+07,6.845000000000000284e+01,7.119999694824218750e+01,6.669999694824218750e+01,6.670000000000000284e+01,2.753190000000000000e+07
2.010051700000000000e+07,6.700000000000000000e+01,6.830000305175781250e+01,5.890000152587890625e+01,6.254999999999999716e+01,4.527260000000000000e+07
2.010052400000000000e+07,6.335000000000000142e+01,6.390000152587890625e+01,5.590000152587890625e+01,5.914999999999999858e+01,3.016500000000000000e+07
2.010053100000000000e+07,5.914999999999999858e+01,6.134600067138671875e+01,5.645000076293945312e+01,5.695000000000000284e+01,1.810490000000000000e+07
2.010060700000000000e+07,5.504999999999999716e+01,6.000000000000000000e+01,5.375000000000000000e+01,5.860000000000000142e+01,2.500750000000000000e+07
2.010061400000000000e+07,5.975000000000000000e+01,6.109999847412109375e+01,5.825000000000000000e+01,6.075000000000000000e+01,2.107540000000000000e+07
2.010062100000000000e+07,6.075000000000000000e+01,6.240000152587890625e+01,5.350000000000000000e+01,5.750000000000000000e+01,2.471100000000000000e+07
2.010062800000000000e+07,5.800000000000000000e+01,5.804999923706054688e+01,5.195000076293945312e+01,5.629999999999999716e+01,2.960830000000000000e+07
2.010070500000000000e+07,5.689999999999999858e+01,6.340000152587890625e+01,5.654999923706054688e+01,6.110000000000000142e+01,2.024350000000000000e+07
2.010071200000000000e+07,6.100000000000000000e+01,6.143799972534179688e+01,5.800000000000000000e+01,5.825000000000000000e+01,1.579230000000000000e+07
2.010071900000000000e+07,5.979999999999999716e+01,6.500000000000000000e+01,5.700000000000000000e+01,6.490000000000000568e+01,1.832960000000000000e+07
2.010072600000000000e+07,6.484999999999999432e+01,6.590000152587890625e+01,6.125000000000000000e+01,6.150000000000000000e+01,1.421980000000000000e+07
2.010080200000000000e+07,6.239999999999999858e+01,6.600000000000000000e+01,6.170000076293945312e+01,6.204999999999999716e+01,1.870070000000000000e+07
2.010080900000000000e+07,6.235000000000000142e+01,6.340000152587890625e+01,5.734999847412109375e+01,5.785000000000000142e+01,1.380330000000000000e+07
2.010081600000000000e+07,5.839999999999999858e+01,5.990999984741210938e+01,5.670000076293945312e+01,5.700000000000000000e+01,1.166930000000000000e+07
2.010082300000000000e+07,5.700000000000000000e+01,5.875600051879882812e+01,5.504999923706054688e+01,5.875000000000000000e+01,1.814270000000000000e+07
2.010083000000000000e+07,5.875000000000000000e+01,6.200000000000000000e+01,5.720000076293945312e+01,6.135000000000000142e+01,1.278970000000000000e+07
2.010090600000000000e+07,6.110000000000000142e+01,6.365000152587890625e+01,6.070000076293945312e+01,6.314999999999999858e+01,1.542790000000000000e+07
2.010091300000000000e+07,6.320000000000000284e+01,6.819999694824218750e+01,6.320000076293945312e+01,6.629999999999999716e+01,2.959400000000000000e+07
2.010092000000000000e+07,6.650000000000000000e+01,6.705000305175781250e+01,6.390000152587890625e+01,6.559999999999999432e+01,1.665890000000000000e+07
2.010092700000000000e+07,6.609999999999999432e+01,6.700000000000000000e+01,6.475000000000000000e+01,6.650000000000000000e+01,3.133850000000000000e+07
2.010100400000000000e+07,6.670000000000000284e+01,6.868000030517578125e+01,6.569999694824218750e+01,6.779999999999999716e+01,2.445700000000000000e+07
2.010101100000000000e+07,6.820000000000000284e+01,7.200000000000000000e+01,6.780000305175781250e+01,7.150000000000000000e+01,2.090380000000000000e+07
2.010101800000000000e+07,7.140000000000000568e+01,7.900000000000000000e+01,7.034999847412109375e+01,7.500000000000000000e+01,3.537300000000000000e+07
2.010102500000000000e+07,7.650000000000000000e+01,7.894999694824218750e+01,7.300000000000000000e+01,7.634999999999999432e+01,2.665690000000000000e+07
2.010110100000000000e+07,7.634999999999999432e+01,7.690000152587890625e+01,7.434999847412109375e+01,7.495000000000000284e+01,2.789940000000000000e+07
2.010110800000000000e+07,7.475000000000000000e+01,7.559999847412109375e+01,7.000000000000000000e+01,7.125000000000000000e+01,1.928310000000000000e+07
2.010111500000000000e+07,7.109999999999999432e+01,7.240000152587890625e+01,6.869999694824218750e+01,7.045000000000000284e+01,1.671540000000000000e+07
2.010112200000000000e+07,7.104999999999999716e+01,7.540000152587890625e+01,6.975000000000000000e+01,7.409999999999999432e+01,2.241300000000000000e+07
2.010112900000000000e+07,7.434999999999999432e+01,7.494999694824218750e+01,7.025000000000000000e+01,7.470000000000000284e+01,1.151850000000000000e+07
2.010120600000000000e+07,7.495000000000000284e+01,7.684999847412109375e+01,7.044999694824218750e+01,7.079999999999999716e+01,1.689090000000000000e+07
2.010121300000000000e+07,7.145000000000000284e+01,7.294999694824218750e+01,7.075000000000000000e+01,7.195000000000000284e+01,1.473600000000000000e+07
2.010122000000000000e+07,7.225000000000000000e+01,7.225000000000000000e+01,6.959999847412109375e+01,7.175000000000000000e+01,9.010400000000000000e+06
2.010122700000000000e+07,7.175000000000000000e+01,7.344999694824218750e+01,7.000000000000000000e+01,7.295000000000000284e+01,4.483200000000000000e+06
2.011011000000000000e+07,7.409999999999999432e+01,7.465000152587890625e+01,6.769999694824218750e+01,6.795000000000000284e+01,3.004360000000000000e+07
2.011011700000000000e+07,6.865000000000000568e+01,7.005000305175781250e+01,6.650000000000000000e+01,6.800000000000000000e+01,1.917420000000000000e+07
2.011012400000000000e+07,6.825000000000000000e+01,6.900000000000000000e+01,6.440000152587890625e+01,6.554999999999999716e+01,2.346460000000000000e+07
2.011013100000000000e+07,6.545000000000000284e+01,6.794999694824218750e+01,6.475000000000000000e+01,6.504999999999999716e+01,2.361820000000000000e+07
2.011020700000000000e+07,6.525000000000000000e+01,6.709999847412109375e+01,6.430000305175781250e+01,6.470000000000000284e+01,1.933480000000000000e+07
2.011021400000000000e+07,6.525000000000000000e+01,6.525000000000000000e+01,6.190000152587890625e+01,6.200000000000000000e+01,1.713620000000000000e+07
2.011022100000000000e+07,6.220000000000000284e+01,6.350000000000000000e+01,6.034999847412109375e+01,6.279999999999999716e+01,2.087090000000000000e+07
2.011022800000000000e+07,6.279999999999999716e+01,6.340000152587890625e+01,5.954999923706054688e+01,6.114999999999999858e+01,2.676940000000000000e+07
2.011030700000000000e+07,6.129999999999999716e+01,6.190000152587890625e+01,5.809999847412109375e+01,5.970000000000000284e+01,1.654000000000000000e+07
2.011031400000000000e+07,6.000000000000000000e+01,6.195000076293945312e+01,5.584999847412109375e+01,5.985000000000000142e+01,2.936720000000000000e+07
2.011032100000000000e+07,6.000000000000000000e+01,6.388700103759765625e+01,5.915000152587890625e+01,6.270000000000000284e+01,1.939650000000000000e+07
2.011032800000000000e+07,6.300000000000000000e+01,6.440000152587890625e+01,5.840000152587890625e+01,6.170000000000000284e+01,2.129300000000000000e+07
2.011040400000000000e+07,6.175000000000000000e+01,6.390000152587890625e+01,6.050000000000000000e+01,6.345000000000000284e+01,2.140100000000000000e+07
2.011041100000000000e+07,6.354999999999999716e+01,7.000000000000000000e+01,6.304999923706054688e+01,6.670000000000000284e+01,2.926510000000000000e+07
2.011041800000000000e+07,6.695000000000000284e+01,6.880000305175781250e+01,6.440000152587890625e+01,6.820000000000000284e+01,2.897760000000000000e+07
2.011050900000000000e+07,7.075000000000000000e+01,7.319999694824218750e+01,6.990000152587890625e+01,7.250000000000000000e+01,1.669250000000000000e+07
2.011051600000000000e+07,7.215000000000000568e+01,7.315000152587890625e+01,7.069999694824218750e+01,7.240000000000000568e+01,1.489070000000000000e+07
2.011052300000000000e+07,7.209999999999999432e+01,7.600000000000000000e+01,7.073300170898437500e+01,7.415000000000000568e+01,2.494620000000000000e+07
2.011060600000000000e+07,7.109999999999999432e+01,7.215000152587890625e+01,6.705000305175781250e+01,6.784999999999999432e+01,1.829460000000000000e+07
2.011061300000000000e+07,6.800000000000000000e+01,7.005000305175781250e+01,6.600000000000000000e+01,6.895000000000000284e+01,1.855620000000000000e+07
2.011062000000000000e+07,6.865000000000000568e+01,7.215000152587890625e+01,6.734999847412109375e+01,7.050000000000000000e+01,1.506860000000000000e+07
2.011062700000000000e+07,6.990000000000000568e+01,7.194999694824218750e+01,6.669999694824218750e+01,6.995000000000000284e+01,1.788460000000000000e+07
2.011070400000000000e+07,7.015000000000000568e+01,7.109999847412109375e+01,6.800000000000000000e+01,6.890000000000000568e+01,1.890380000000000000e+07
2.011071100000000000e+07,6.840000000000000568e+01,6.900000000000000000e+01,6.534999847412109375e+01,6.550000000000000000e+01,1.246730000000000000e+07
2.011071800000000000e+07,6.525000000000000000e+01,6.965000152587890625e+01,6.320000076293945312e+01,6.704999999999999716e+01,1.651180000000000000e+07
2.011072500000000000e+07,6.745000000000000284e+01,6.790000152587890625e+01,6.455000305175781250e+01,6.675000000000000000e+01,1.016000000000000000e+07
2.011080100000000000e+07,6.790000000000000568e+01,6.808799743652343750e+01,5.779999923706054688e+01,6.139999999999999858e+01,1.814500000000000000e+07
2.011080800000000000e+07,6.054999999999999716e+01,6.334999847412109375e+01,5.334999847412109375e+01,6.089999999999999858e+01,2.851630000000000000e+07
2.011081500000000000e+07,6.089999999999999858e+01,6.200000000000000000e+01,5.379999923706054688e+01,5.654999999999999716e+01,1.228550000000000000e+07
2.011082200000000000e+07,5.564999999999999858e+01,5.945000076293945312e+01,5.345000076293945312e+01,5.450000000000000000e+01,9.319300000000000000e+06
2.011090500000000000e+07,5.354999999999999716e+01,5.675000000000000000e+01,5.029999923706054688e+01,5.345000000000000284e+01,1.304070000000000000e+07
2.011091200000000000e+07,5.295000000000000284e+01,6.125000000000000000e+01,5.079999923706054688e+01,5.960000000000000142e+01,2.262150000000000000e+07
2.011091900000000000e+07,5.870000000000000284e+01,6.284999847412109375e+01,5.415000152587890625e+01,5.595000000000000284e+01,1.954560000000000000e+07
2.011092600000000000e+07,5.470000000000000284e+01,5.990000152587890625e+01,5.470000076293945312e+01,5.635000000000000142e+01,1.333580000000000000e+07
2.011100300000000000e+07,5.564999999999999858e+01,6.295000076293945312e+01,5.454899978637695312e+01,6.279999999999999716e+01,3.579250000000000000e+07
2.011101000000000000e+07,6.289999999999999858e+01,6.680000305175781250e+01,6.254999923706054688e+01,6.500000000000000000e+01,1.978410000000000000e+07
2.011101700000000000e+07,6.520000000000000284e+01,6.984999847412109375e+01,6.179999923706054688e+01,6.890000000000000568e+01,2.425390000000000000e+07
2.011102400000000000e+07,6.795000000000000284e+01,6.984999847412109375e+01,6.555000305175781250e+01,6.750000000000000000e+01,2.661140000000000000e+07
2.011103100000000000e+07,6.734999999999999432e+01,6.830000305175781250e+01,6.279999923706054688e+01,6.459999999999999432e+01,1.999080000000000000e+07
2.011110700000000000e+07,6.454999999999999716e+01,6.665000152587890625e+01,6.179999923706054688e+01,6.350000000000000000e+01,1.835490000000000000e+07
2.011111400000000000e+07,6.300000000000000000e+01,6.559999847412109375e+01,6.009999847412109375e+01,6.070000000000000284e+01,1.747060000000000000e+07
2.011112100000000000e+07,6.085000000000000142e+01,6.084999847412109375e+01,5.550000000000000000e+01,5.670000000000000284e+01,1.517430000000000000e+07
2.011112800000000000e+07,5.700000000000000000e+01,6.494999694824218750e+01,5.634999847412109375e+01,6.440000000000000568e+01,2.307370000000000000e+07
2.011120500000000000e+07,6.445000000000000284e+01,6.519999694824218750e+01,5.779999923706054688e+01,5.900000000000000000e+01,1.837840000000000000e+07
2.011121200000000000e+07,5.910000000000000142e+01,5.979999923706054688e+01,5.620000076293945312e+01,5.660000000000000142e+01,1.936960000000000000e+07
2.011121900000000000e+07,5.645000000000000284e+01,5.775000000000000000e+01,5.565000152587890625e+01,5.660000000000000142e+01,7.600600000000000000e+06
2.011122600000000000e+07,5.660000000000000142e+01,5.929999923706054688e+01,5.615000152587890625e+01,5.854999999999999716e+01,2.589500000000000000e+06
2.012010200000000000e+07,5.854999999999999716e+01,6.100000000000000000e+01,5.650000000000000000e+01,5.854999999999999716e+01,8.247100000000000000e+06
2.012010900000000000e+07,5.600000000000000000e+01,6.405000305175781250e+01,5.586999893188476562e+01,6.260000000000000142e+01,2.889900000000000000e+07
2.012011600000000000e+07,6.250000000000000000e+01,6.594999694824218750e+01,6.051300048828125000e+01,6.584999999999999432e+01,1.640570000000000000e+07
2.012012300000000000e+07,6.559999999999999432e+01,6.850000000000000000e+01,6.436299896240234375e+01,6.695000000000000284e+01,1.449070000000000000e+07
2.012013000000000000e+07,6.640000000000000568e+01,7.134999847412109375e+01,6.550000000000000000e+01,7.070000000000000284e+01,2.166610000000000000e+07
2.012020600000000000e+07,7.054999999999999716e+01,7.155000305175781250e+01,6.809999847412109375e+01,6.950000000000000000e+01,1.627850000000000000e+07
2.012021300000000000e+07,6.984999999999999432e+01,7.134999847412109375e+01,6.809999847412109375e+01,7.079999999999999716e+01,1.223430000000000000e+07
2.012022000000000000e+07,7.120000000000000284e+01,7.503800201416015625e+01,6.990000152587890625e+01,7.425000000000000000e+01,2.476910000000000000e+07
2.012022700000000000e+07,7.379999999999999716e+01,7.525000000000000000e+01,7.334999847412109375e+01,7.440000000000000568e+01,1.388720000000000000e+07
2.012030500000000000e+07,7.390000000000000568e+01,7.431099700927734375e+01,7.001300048828125000e+01,7.084999999999999432e+01,1.489540000000000000e+07
2.012031200000000000e+07,7.079999999999999716e+01,7.819999694824218750e+01,7.066000366210937500e+01,7.575000000000000000e+01,2.041410000000000000e+07
2.012031900000000000e+07,7.550000000000000000e+01,8.044999694824218750e+01,7.434999847412109375e+01,7.850000000000000000e+01,3.671700000000000000e+07
2.012032600000000000e+07,7.900000000000000000e+01,8.390000152587890625e+01,7.900000000000000000e+01,8.079999999999999716e+01,2.591200000000000000e+07
2.012040200000000000e+07,8.120000000000000284e+01,8.220999908447265625e+01,7.780000305175781250e+01,7.959999999999999432e+01,2.891080000000000000e+07
2.012040900000000000e+07,7.959999999999999432e+01,8.000000000000000000e+01,7.650000000000000000e+01,7.929999999999999716e+01,2.838500000000000000e+07
2.012041600000000000e+07,7.915000000000000568e+01,8.284999847412109375e+01,7.850000000000000000e+01,8.104999999999999716e+01,2.637460000000000000e+07
2.012042300000000000e+07,8.070000000000000284e+01,8.294999694824218750e+01,7.919999694824218750e+01,8.225000000000000000e+01,3.413010000000000000e+07
2.012043000000000000e+07,8.225000000000000000e+01,8.575000000000000000e+01,7.975000000000000000e+01,8.040000000000000568e+01,3.641600000000000000e+07
2.012050700000000000e+07,8.040000000000000568e+01,8.105000305175781250e+01,7.477799987792968750e+01,8.079999999999999716e+01,3.293510000000000000e+07
2.012051400000000000e+07,7.984999999999999432e+01,8.003700256347656250e+01,7.190000152587890625e+01,7.190000000000000568e+01,2.270130000000000000e+07
2.012052100000000000e+07,7.209999999999999432e+01,7.500000000000000000e+01,7.144999694824218750e+01,7.459999999999999432e+01,1.777870000000000000e+07
2.012052800000000000e+07,7.420000000000000284e+01,7.800000000000000000e+01,7.419999694824218750e+01,7.579999999999999716e+01,1.974970000000000000e+07
2.012060400000000000e+07,7.579999999999999716e+01,7.805000305175781250e+01,7.425000000000000000e+01,7.759999999999999432e+01,1.672290000000000000e+07
2.012061100000000000e+07,7.915000000000000568e+01,8.034999847412109375e+01,7.690000152587890625e+01,7.900000000000000000e+01,2.114580000000000000e+07
2.012061800000000000e+07,7.945000000000000284e+01,8.465000152587890625e+01,7.840000152587890625e+01,8.265000000000000568e+01,2.008850000000000000e+07
2.012062500000000000e+07,8.254999999999999716e+01,8.694999694824218750e+01,8.084999847412109375e+01,8.650000000000000000e+01,3.372940000000000000e+07
2.012070200000000000e+07,8.659999999999999432e+01,8.800000000000000000e+01,8.455000305175781250e+01,8.650000000000000000e+01,2.053020000000000000e+07
2.012070900000000000e+07,8.679999999999999716e+01,8.990000152587890625e+01,8.612300109863281250e+01,8.915000000000000568e+01,1.844930000000000000e+07
2.012071600000000000e+07,8.925000000000000000e+01,9.094999694824218750e+01,8.644999694824218750e+01,9.000000000000000000e+01,1.440260000000000000e+07
2.012072300000000000e+07,8.950000000000000000e+01,9.315000152587890625e+01,8.700000000000000000e+01,9.275000000000000000e+01,1.224310000000000000e+07
2.012073000000000000e+07,9.275000000000000000e+01,9.505000305175781250e+01,9.098799896240234375e+01,9.340000000000000568e+01,1.457650000000000000e+07
2.012080600000000000e+07,9.329999999999999716e+01,9.490000152587890625e+01,9.215000152587890625e+01,9.429999999999999716e+01,1.007970000000000000e+07
2.012081300000000000e+07,9.440000000000000568e+01,9.644999694824218750e+01,9.384999847412109375e+01,9.465000000000000568e+01,9.467900000000000000e+06
2.012082000000000000e+07,9.484999999999999432e+01,9.519999694824218750e+01,9.294999694824218750e+01,9.475000000000000000e+01,1.338520000000000000e+07
2.012082700000000000e+07,9.475000000000000000e+01,9.701499938964843750e+01,9.130000305175781250e+01,9.650000000000000000e+01,1.417720000000000000e+07
2.012090300000000000e+07,9.604999999999999716e+01,1.004000015258789062e+02,9.425000000000000000e+01,1.004000000000000057e+02,3.014080000000000000e+07
2.012091000000000000e+07,1.000000000000000000e+02,1.013600006103515625e+02,9.619999694824218750e+01,9.950000000000000000e+01,3.367840000000000000e+07
2.012091700000000000e+07,1.007999999999999972e+02,1.045999984741210938e+02,9.805000305175781250e+01,1.040000000000000000e+02,3.643370000000000000e+07
2.012092400000000000e+07,1.035000000000000000e+02,1.037720031738281250e+02,1.013000030517578125e+02,1.024000000000000057e+02,1.024950000000000000e+07
2.012100100000000000e+07,1.022000000000000028e+02,1.060000000000000000e+02,1.018000030517578125e+02,1.059000000000000057e+02,2.602760000000000000e+07
2.012100800000000000e+07,1.054000000000000057e+02,1.093349990844726562e+02,1.043000030517578125e+02,1.085999999999999943e+02,2.146090000000000000e+07
2.012101500000000000e+07,1.080000000000000000e+02,1.128000030517578125e+02,1.080000000000000000e+02,1.115000000000000000e+02,3.171650000000000000e+07
2.012102200000000000e+07,1.117999999999999972e+02,1.200000000000000000e+02,1.078199996948242188e+02,1.165999999999999943e+02,4.620910000000000000e+07
2.012102900000000000e+07,1.150999999999999943e+02,1.248000030517578125e+02,1.150999984741210938e+02,1.200000000000000000e+02,3.464500000000000000e+07
2.012110500000000000e+07,1.205999999999999943e+02,1.223000030517578125e+02,1.160000000000000000e+02,1.175999999999999943e+02,1.564960000000000000e+07
2.012111200000000000e+07,1.175999999999999943e+02,1.205999984741210938e+02,1.113199996948242188e+02,1.137000000000000028e+02,2.282480000000000000e+07
2.012111900000000000e+07,1.140999999999999943e+02,1.168000030517578125e+02,1.125999984741210938e+02,1.150999999999999943e+02,1.756300000000000000e+07
2.012112600000000000e+07,1.125000000000000000e+02,1.190000000000000000e+02,1.120000000000000000e+02,1.179000000000000057e+02,2.227240000000000000e+07
2.012120300000000000e+07,1.180000000000000000e+02,1.185550003051757812e+02,1.126999969482421875e+02,1.149000000000000057e+02,1.489270000000000000e+07
2.012121000000000000e+07,1.142000000000000028e+02,1.166399993896484375e+02,1.125999984741210938e+02,1.147000000000000028e+02,2.850500000000000000e+07
2.012121700000000000e+07,1.150000000000000000e+02,1.173000030517578125e+02,1.134000015258789062e+02,1.147000000000000028e+02,1.694320000000000000e+07
2.012122400000000000e+07,1.142000000000000028e+02,1.155000000000000000e+02,1.128639984130859375e+02,1.135999999999999943e+02,4.539700000000000000e+06
2.012123100000000000e+07,1.130999999999999943e+02,1.183079986572265625e+02,1.119919967651367188e+02,1.179000000000000057e+02,1.177340000000000000e+07
2.013010700000000000e+07,1.180999999999999943e+02,1.180999984741210938e+02,1.034400024414062500e+02,1.062000000000000028e+02,4.937520000000000000e+07
2.013011400000000000e+07,1.064000000000000057e+02,1.075999984741210938e+02,1.004000015258789062e+02,1.015000000000000000e+02,3.432930000000000000e+07
2.013012100000000000e+07,1.015999999999999943e+02,1.064000015258789062e+02,9.994999694824218750e+01,1.052999999999999972e+02,2.592450000000000000e+07
2.013012800000000000e+07,1.007999999999999972e+02,1.039110031127929688e+02,1.003000030517578125e+02,1.025000000000000000e+02,3.195500000000000000e+07
2.013020400000000000e+07,1.027999999999999972e+02,1.028000030517578125e+02,9.540000152587890625e+01,9.940000000000000568e+01,4.745550000000000000e+07
2.013021100000000000e+07,9.945000000000000284e+01,9.984999847412109375e+01,9.419999694824218750e+01,9.670000000000000284e+01,3.117220000000000000e+07
2.013021800000000000e+07,9.709999999999999432e+01,9.794999694824218750e+01,9.475000000000000000e+01,9.670000000000000284e+01,2.598610000000000000e+07
2.013022500000000000e+07,9.725000000000000000e+01,9.750000000000000000e+01,9.236100006103515625e+01,9.459999999999999432e+01,4.068140000000000000e+07
2.013030400000000000e+07,8.900000000000000000e+01,8.900000000000000000e+01,8.025000000000000000e+01,8.420000000000000284e+01,1.090056000000000000e+08
2.013031100000000000e+07,8.400000000000000000e+01,8.600000000000000000e+01,7.997399902343750000e+01,8.500000000000000000e+01,6.282550000000000000e+07
2.013031800000000000e+07,8.365000000000000568e+01,8.519999694824218750e+01,8.155000305175781250e+01,8.170000000000000284e+01,3.747400000000000000e+07
2.013032500000000000e+07,8.225000000000000000e+01,8.405000305175781250e+01,8.040000152587890625e+01,8.279999999999999716e+01,3.126660000000000000e+07
2.013040100000000000e+07,8.279999999999999716e+01,8.475000000000000000e+01,7.833200073242187500e+01,7.895000000000000284e+01,3.356480000000000000e+07
2.013040800000000000e+07,7.895000000000000284e+01,8.459999847412109375e+01,7.819999694824218750e+01,8.334999999999999432e+01,3.745250000000000000e+07
2.013041500000000000e+07,8.329999999999999716e+01,8.867600250244140625e+01,7.940000152587890625e+01,8.479999999999999716e+01,3.869720000000000000e+07
2.013042200000000000e+07,8.545000000000000284e+01,8.644999694824218750e+01,8.290000152587890625e+01,8.390000000000000568e+01,2.712650000000000000e+07
2.013042900000000000e+07,8.420000000000000284e+01,8.650000000000000000e+01,8.034999847412109375e+01,8.629999999999999716e+01,3.160600000000000000e+07
2.013050600000000000e+07,8.629999999999999716e+01,9.175000000000000000e+01,8.615399932861328125e+01,9.154999999999999716e+01,2.840930000000000000e+07
2.013051300000000000e+07,9.165000000000000568e+01,9.669999694824218750e+01,9.000000000000000000e+01,9.625000000000000000e+01,3.056150000000000000e+07
2.013052000000000000e+07,9.629999999999999716e+01,9.769999694824218750e+01,9.157599639892578125e+01,9.350000000000000000e+01,2.578410000000000000e+07
2.013052700000000000e+07,9.350000000000000000e+01,9.530000305175781250e+01,9.084999847412109375e+01,9.404999999999999716e+01,1.592730000000000000e+07
2.013060300000000000e+07,9.404999999999999716e+01,9.501399993896484375e+01,8.965000152587890625e+01,9.179999999999999716e+01,1.777110000000000000e+07
2.013061000000000000e+07,9.195000000000000284e+01,9.292900085449218750e+01,8.672200012207031250e+01,8.825000000000000000e+01,2.095870000000000000e+07
2.013061700000000000e+07,8.875000000000000000e+01,8.934999847412109375e+01,8.541999816894531250e+01,8.765000000000000568e+01,1.965690000000000000e+07
2.013062400000000000e+07,8.750000000000000000e+01,9.814800262451171875e+01,8.694999694824218750e+01,9.540000000000000568e+01,3.275610000000000000e+07
2.013070100000000000e+07,9.600000000000000000e+01,9.844999694824218750e+01,9.409999847412109375e+01,9.729999999999999716e+01,2.165010000000000000e+07
2.013070800000000000e+07,9.790000000000000568e+01,1.043000030517578125e+02,9.711399841308593750e+01,1.029000000000000057e+02,2.788710000000000000e+07
2.013071500000000000e+07,1.032999999999999972e+02,1.054000015258789062e+02,1.021999969482421875e+02,1.050000000000000000e+02,2.266660000000000000e+07
2.013072200000000000e+07,1.047000000000000028e+02,1.088000030517578125e+02,1.039700012207031250e+02,1.070000000000000000e+02,1.655130000000000000e+07
2.013072900000000000e+07,1.074000000000000057e+02,1.098000030517578125e+02,1.070000000000000000e+02,1.087000000000000028e+02,1.629080000000000000e+07
2.013080500000000000e+07,1.090999999999999943e+02,1.094000015258789062e+02,1.071999969482421875e+02,1.080000000000000000e+02,1.499900000000000000e+07
2.013081200000000000e+07,1.080000000000000000e+02,1.095999984741210938e+02,1.041999969482421875e+02,1.052999999999999972e+02,1.702460000000000000e+07
2.013081900000000000e+07,1.062000000000000028e+02,1.100000000000000000e+02,1.034410018920898438e+02,1.092999999999999972e+02,1.654830000000000000e+07
2.013082600000000000e+07,1.092999999999999972e+02,1.093000030517578125e+02,1.017210006713867188e+02,1.070999999999999943e+02,1.305120000000000000e+07
2.013090200000000000e+07,1.070000000000000000e+02,1.090999984741210938e+02,1.000999984741210938e+02,1.015000000000000000e+02,1.802230000000000000e+07
2.013090900000000000e+07,1.010000000000000000e+02,1.072659988403320312e+02,1.005400009155273438e+02,1.020000000000000000e+02,2.042070000000000000e+07
2.013091600000000000e+07,1.029000000000000057e+02,1.078000030517578125e+02,9.909999847412109375e+01,9.909999999999999432e+01,3.179900000000000000e+07
2.013092300000000000e+07,1.002999999999999972e+02,1.033000030517578125e+02,9.925000000000000000e+01,1.009000000000000057e+02,1.468420000000000000e+07
2.013093000000000000e+07,1.000000000000000000e+02,1.075000000000000000e+02,9.990000152587890625e+01,1.035000000000000000e+02,2.406860000000000000e+07
2.013100700000000000e+07,1.032000000000000028e+02,1.075220031738281250e+02,1.006999969482421875e+02,1.072000000000000028e+02,1.495640000000000000e+07
2.013101400000000000e+07,1.070999999999999943e+02,1.112419967651367188e+02,1.061999969482421875e+02,1.100000000000000000e+02,1.268830000000000000e+07
2.013102100000000000e+07,1.132000000000000028e+02,1.135000000000000000e+02,9.719999694824218750e+01,9.945000000000000284e+01,4.493080000000000000e+07
2.013102800000000000e+07,9.854999999999999716e+01,1.029000015258789062e+02,9.659999847412109375e+01,1.017999999999999972e+02,2.765540000000000000e+07
2.013110400000000000e+07,1.024000000000000057e+02,1.040000000000000000e+02,1.000999984741210938e+02,1.030999999999999943e+02,1.784130000000000000e+07
2.013111100000000000e+07,1.032000000000000028e+02,1.041750030517578125e+02,9.730000305175781250e+01,9.820000000000000284e+01,1.785360000000000000e+07
2.013111800000000000e+07,9.754999999999999716e+01,9.884999847412109375e+01,9.269999694824218750e+01,9.684999999999999432e+01,2.968230000000000000e+07
2.013112500000000000e+07,9.750000000000000000e+01,9.830000305175781250e+01,9.505599975585937500e+01,9.675000000000000000e+01,1.715920000000000000e+07
2.013120200000000000e+07,9.359999999999999432e+01,9.500000000000000000e+01,8.730000305175781250e+01,8.770000000000000284e+01,4.038550000000000000e+07
2.013120900000000000e+07,8.770000000000000284e+01,8.940000152587890625e+01,8.387999725341796875e+01,8.520000000000000284e+01,2.914770000000000000e+07
2.013121600000000000e+07,8.500000000000000000e+01,8.630000305175781250e+01,7.815000152587890625e+01,8.034999999999999432e+01,3.612090000000000000e+07
2.013122300000000000e+07,8.059999999999999432e+01,8.330000305175781250e+01,8.034999847412109375e+01,8.184999999999999432e+01,9.159500000000000000e+06
2.013123000000000000e+07,8.234999999999999432e+01,8.350000000000000000e+01,7.084999847412109375e+01,7.809999999999999432e+01,6.607110000000000000e+07
2.014010600000000000e+07,7.834999999999999432e+01,8.180000305175781250e+01,7.473000335693359375e+01,8.154999999999999716e+01,7.860180000000000000e+07
2.014011300000000000e+07,8.400000000000000000e+01,8.690000152587890625e+01,8.100000000000000000e+01,8.204999999999999716e+01,1.158322960000000000e+08
2.014012000000000000e+07,8.220000000000000284e+01,8.280000305175781250e+01,7.644999694824218750e+01,7.659999999999999432e+01,2.419550000000000000e+07
2.014012700000000000e+07,7.684999999999999432e+01,7.725000000000000000e+01,7.337500000000000000e+01,7.404999999999999716e+01,2.572980000000000000e+07
2.014020300000000000e+07,7.415000000000000568e+01,7.555000305175781250e+01,7.159999847412109375e+01,7.390000000000000568e+01,1.998540000000000000e+07
2.014021000000000000e+07,7.454999999999999716e+01,7.959999847412109375e+01,7.359999847412109375e+01,7.440000000000000568e+01,2.327180000000000000e+07
2.014021700000000000e+07,7.450000000000000000e+01,7.584999847412109375e+01,7.375000000000000000e+01,7.495000000000000284e+01,1.703370000000000000e+07
2.014022400000000000e+07,7.475000000000000000e+01,7.594999694824218750e+01,7.290000152587890625e+01,7.570000000000000284e+01,1.770940000000000000e+07
2.014030300000000000e+07,7.490000000000000568e+01,8.141699981689453125e+01,7.325000000000000000e+01,7.965000000000000568e+01,2.710200000000000000e+07
2.014031000000000000e+07,7.975000000000000000e+01,7.980000305175781250e+01,7.544999694824218750e+01,7.600000000000000000e+01,2.024350000000000000e+07
2.014031700000000000e+07,7.654999999999999716e+01,7.714900207519531250e+01,7.394999694824218750e+01,7.445000000000000284e+01,3.206890000000000000e+07
2.014032400000000000e+07,7.454999999999999716e+01,7.905000305175781250e+01,7.359999847412109375e+01,7.754999999999999716e+01,2.072080000000000000e+07
2.014033100000000000e+07,7.829999999999999716e+01,8.205000305175781250e+01,7.759999847412109375e+01,7.909999999999999432e+01,1.834430000000000000e+07
2.014040700000000000e+07,7.865000000000000568e+01,8.034999847412109375e+01,7.605000305175781250e+01,7.650000000000000000e+01,2.130120000000000000e+07
2.014041400000000000e+07,7.579999999999999716e+01,8.240000152587890625e+01,7.490000152587890625e+01,7.940000000000000568e+01,2.393310000000000000e+07
2.014042100000000000e+07,7.940000000000000568e+01,8.130000305175781250e+01,7.900000000000000000e+01,7.950000000000000000e+01,1.235600000000000000e+07
2.014042800000000000e+07,7.870000000000000284e+01,8.075000000000000000e+01,7.850099945068359375e+01,8.015000000000000568e+01,1.063440000000000000e+07
2.014050500000000000e+07,8.015000000000000568e+01,8.225000000000000000e+01,7.831300354003906250e+01,8.159999999999999432e+01,1.264070000000000000e+07
2.014051200000000000e+07,8.200000000000000000e+01,8.211000061035156250e+01,7.687100219726562500e+01,7.890000000000000568e+01,1.284020000000000000e+07
2.014051900000000000e+07,7.895000000000000284e+01,7.972799682617187500e+01,7.719999694824218750e+01,7.784999999999999432e+01,8.871100000000000000e+06
2.014052600000000000e+07,7.784999999999999432e+01,7.869999694824218750e+01,7.548000335693359375e+01,7.615000000000000568e+01,1.026420000000000000e+07
2.014060200000000000e+07,7.654999999999999716e+01,7.765299987792968750e+01,7.259999847412109375e+01,7.300000000000000000e+01,1.454060000000000000e+07
2.014060900000000000e+07,7.359999999999999432e+01,7.400000000000000000e+01,7.055000305175781250e+01,7.125000000000000000e+01,1.295950000000000000e+07
2.014061600000000000e+07,7.200000000000000000e+01,7.409999847412109375e+01,7.078600311279296875e+01,7.079999999999999716e+01,3.533290000000000000e+07
2.014062300000000000e+07,7.104999999999999716e+01,7.191400146484375000e+01,6.615000152587890625e+01,6.725000000000000000e+01,1.726070000000000000e+07
2.014063000000000000e+07,6.715000000000000568e+01,7.019999694824218750e+01,6.700000000000000000e+01,6.820000000000000284e+01,1.342680000000000000e+07
2.014070700000000000e+07,6.820000000000000284e+01,6.865000152587890625e+01,6.215000152587890625e+01,6.245000000000000284e+01,1.335940000000000000e+07
2.014071400000000000e+07,6.300000000000000000e+01,6.540000152587890625e+01,6.145000076293945312e+01,6.445000000000000284e+01,1.500890000000000000e+07
2.014072100000000000e+07,6.459999999999999432e+01,6.619999694824218750e+01,6.390000152587890625e+01,6.409999999999999432e+01,8.398800000000000000e+06
2.014072800000000000e+07,6.409999999999999432e+01,6.840000152587890625e+01,6.409999847412109375e+01,6.575000000000000000e+01,1.178920000000000000e+07
2.014080400000000000e+07,6.590000000000000568e+01,6.709999847412109375e+01,6.440000152587890625e+01,6.534999999999999432e+01,8.472300000000000000e+06
2.014081100000000000e+07,6.579999999999999716e+01,6.612000274658203125e+01,6.395000076293945312e+01,6.454999999999999716e+01,7.321800000000000000e+06
2.014081800000000000e+07,6.450000000000000000e+01,6.725000000000000000e+01,6.259999847412109375e+01,6.615000000000000568e+01,3.568320000000000000e+07
2.014082500000000000e+07,6.615000000000000568e+01,6.840000152587890625e+01,6.466000366210937500e+01,6.645000000000000284e+01,1.547690000000000000e+07
2.014090100000000000e+07,6.604999999999999716e+01,6.890399932861328125e+01,6.605000305175781250e+01,6.720000000000000284e+01,1.333200000000000000e+07
2.014090800000000000e+07,6.725000000000000000e+01,6.738899993896484375e+01,6.300000000000000000e+01,6.379999999999999716e+01,1.159830000000000000e+07
2.014091500000000000e+07,6.354999999999999716e+01,6.500000000000000000e+01,6.152999877929687500e+01,6.339999999999999858e+01,3.435440000000000000e+07
2.014092200000000000e+07,6.350000000000000000e+01,6.465000152587890625e+01,5.865000152587890625e+01,6.004999999999999716e+01,1.977370000000000000e+07
2.014092900000000000e+07,6.014999999999999858e+01,6.350000000000000000e+01,5.720000076293945312e+01,6.175000000000000000e+01,7.518289600000000000e+07
2.014100600000000000e+07,6.195000000000000284e+01,6.357500076293945312e+01,5.775000000000000000e+01,5.779999999999999716e+01,1.928160000000000000e+07
2.014101300000000000e+07,5.750000000000000000e+01,6.165000152587890625e+01,5.684999847412109375e+01,6.025000000000000000e+01,1.952500000000000000e+07
2.014102000000000000e+07,6.010000000000000142e+01,6.640000152587890625e+01,5.770000076293945312e+01,6.085000000000000142e+01,2.671860000000000000e+07
2.014102700000000000e+07,6.054999999999999716e+01,6.494999694824218750e+01,5.995000076293945312e+01,6.490000000000000568e+01,2.067980000000000000e+07
2.014110300000000000e+07,6.479999999999999716e+01,6.730000305175781250e+01,6.315999984741210938e+01,6.654999999999999716e+01,2.407910000000000000e+07
2.014111000000000000e+07,6.604999999999999716e+01,6.980000305175781250e+01,6.544999694824218750e+01,6.925000000000000000e+01,1.714770000000000000e+07
2.014111700000000000e+07,6.909999999999999432e+01,7.156300354003906250e+01,6.825000000000000000e+01,7.100000000000000000e+01,1.773320000000000000e+07
2.014112400000000000e+07,7.134999999999999432e+01,7.275000000000000000e+01,7.000000000000000000e+01,7.200000000000000000e+01,1.683490000000000000e+07
2.014120100000000000e+07,7.229999999999999716e+01,7.380000305175781250e+01,6.944999694824218750e+01,7.245000000000000284e+01,2.994340000000000000e+07
2.014120800000000000e+07,7.309999999999999432e+01,7.455000305175781250e+01,7.140200042724609375e+01,7.204999999999999716e+01,2.272820000000000000e+07
2.014121500000000000e+07,7.170000000000000284e+01,7.495999908447265625e+01,7.084999847412109375e+01,7.395000000000000284e+01,1.815070000000000000e+07
2.014122200000000000e+07,7.470000000000000284e+01,7.550000000000000000e+01,7.305000305175781250e+01,7.409999999999999432e+01,7.323000000000000000e+06
2.014122900000000000e+07,7.600000000000000000e+01,7.600000000000000000e+01,7.350000000000000000e+01,7.550000000000000000e+01,6.346200000000000000e+06
2.015010500000000000e+07,7.559999999999999432e+01,7.819999694824218750e+01,7.259999847412109375e+01,7.625000000000000000e+01,3.007210000000000000e+07
2.015011200000000000e+07,7.634999999999999432e+01,7.719999694824218750e+01,6.800000000000000000e+01,7.154999999999999716e+01,4.276810000000000000e+07
2.015011900000000000e+07,7.129999999999999716e+01,7.425000000000000000e+01,7.130000305175781250e+01,7.334999999999999432e+01,1.196560000000000000e+07
2.015012600000000000e+07,7.365000000000000568e+01,7.643399810791015625e+01,7.300000000000000000e+01,7.525000000000000000e+01,2.765190000000000000e+07
2.015020200000000000e+07,7.590000000000000568e+01,7.780000305175781250e+01,7.452400207519531250e+01,7.734999999999999432e+01,1.304280000000000000e+07
2.015020900000000000e+07,7.745000000000000284e+01,7.959999847412109375e+01,7.575399780273437500e+01,7.890000000000000568e+01,1.380290000000000000e+07
2.015021600000000000e+07,7.920000000000000284e+01,8.269400024414062500e+01,7.800000000000000000e+01,7.995000000000000284e+01,1.535450000000000000e+07
2.015022300000000000e+07,8.050000000000000000e+01,8.159999847412109375e+01,7.944999694824218750e+01,8.140000000000000568e+01,1.199050000000000000e+07
2.015030200000000000e+07,8.109999999999999432e+01,8.200000000000000000e+01,7.986599731445312500e+01,8.125000000000000000e+01,1.129210000000000000e+07
2.015030900000000000e+07,8.104999999999999716e+01,8.150000000000000000e+01,7.655000305175781250e+01,7.859999999999999432e+01,1.236970000000000000e+07
2.015031600000000000e+07,7.829999999999999716e+01,8.025000000000000000e+01,7.655000305175781250e+01,7.945000000000000284e+01,1.115740000000000000e+07
2.015032300000000000e+07,7.950000000000000000e+01,7.969999694824218750e+01,7.544999694824218750e+01,7.570000000000000284e+01,1.264250000000000000e+07
2.015033000000000000e+07,7.595000000000000284e+01,7.790000152587890625e+01,7.434999847412109375e+01,7.720000000000000284e+01,1.387770000000000000e+07
2.015040600000000000e+07,7.720000000000000284e+01,7.869999694824218750e+01,7.675000000000000000e+01,7.865000000000000568e+01,1.642200000000000000e+07
2.015041300000000000e+07,7.879999999999999716e+01,8.900000000000000000e+01,7.819999694824218750e+01,8.759999999999999432e+01,3.468830000000000000e+07
2.015042000000000000e+07,8.800000000000000000e+01,9.055000305175781250e+01,8.740000152587890625e+01,8.950000000000000000e+01,2.862480000000000000e+07
2.015042700000000000e+07,9.025000000000000000e+01,9.184999847412109375e+01,8.760199737548828125e+01,8.879999999999999716e+01,1.964880000000000000e+07
2.015050400000000000e+07,8.879999999999999716e+01,9.465000152587890625e+01,8.765000152587890625e+01,9.375000000000000000e+01,1.814900000000000000e+07
2.015051100000000000e+07,9.390000000000000568e+01,9.505000305175781250e+01,9.159999847412109375e+01,9.404999999999999716e+01,1.770680000000000000e+07
2.015051800000000000e+07,9.445000000000000284e+01,9.634999847412109375e+01,9.365000152587890625e+01,9.465000000000000568e+01,1.013910000000000000e+07
2.015052500000000000e+07,9.465000000000000568e+01,9.680000305175781250e+01,9.369999694824218750e+01,9.484999999999999432e+01,7.861900000000000000e+06
2.015060100000000000e+07,9.550000000000000000e+01,9.580000305175781250e+01,9.252200317382812500e+01,9.354999999999999716e+01,9.634700000000000000e+06
2.015060800000000000e+07,9.350000000000000000e+01,9.405000305175781250e+01,9.142600250244140625e+01,9.340000000000000568e+01,1.136100000000000000e+07
2.015061500000000000e+07,9.365000000000000568e+01,9.365000152587890625e+01,8.930000305175781250e+01,8.975000000000000000e+01,3.044630000000000000e+07
2.015062200000000000e+07,9.029999999999999716e+01,9.350000000000000000e+01,8.980000305175781250e+01,9.065000000000000568e+01,1.591070000000000000e+07
2.015062900000000000e+07,8.909999999999999432e+01,9.100000000000000000e+01,8.688099670410156250e+01,8.940000000000000568e+01,9.786000000000000000e+06
2.015070600000000000e+07,8.984999999999999432e+01,8.994999694824218750e+01,8.384999847412109375e+01,8.579999999999999716e+01,1.672180000000000000e+07
2.015071300000000000e+07,8.625000000000000000e+01,9.109999847412109375e+01,8.625000000000000000e+01,8.800000000000000000e+01,1.120100000000000000e+07
2.015072000000000000e+07,8.875000000000000000e+01,9.005000305175781250e+01,8.669999694824218750e+01,8.695000000000000284e+01,6.328000000000000000e+06
2.015072700000000000e+07,8.704999999999999716e+01,8.815000152587890625e+01,8.584999847412109375e+01,8.784999999999999432e+01,8.421800000000000000e+06
2.015080300000000000e+07,8.725000000000000000e+01,9.050000000000000000e+01,8.659999847412109375e+01,8.884999999999999432e+01,7.485000000000000000e+06
2.015081000000000000e+07,8.875000000000000000e+01,8.955000305175781250e+01,8.505000305175781250e+01,8.790000000000000568e+01,8.969500000000000000e+06
2.015081700000000000e+07,8.895000000000000284e+01,8.909999847412109375e+01,8.094999694824218750e+01,8.109999999999999432e+01,7.244500000000000000e+06
2.015082400000000000e+07,7.965000000000000568e+01,8.190000152587890625e+01,7.490000152587890625e+01,7.570000000000000284e+01,1.284390000000000000e+07
2.015083100000000000e+07,7.570000000000000284e+01,7.659999847412109375e+01,7.300000000000000000e+01,7.390000000000000568e+01,1.170310000000000000e+07
2.015090700000000000e+07,7.359999999999999432e+01,7.644999694824218750e+01,7.355000305175781250e+01,7.545000000000000284e+01,7.469600000000000000e+06
2.015091400000000000e+07,7.520000000000000284e+01,7.694999694824218750e+01,7.369999694824218750e+01,7.550000000000000000e+01,8.787600000000000000e+06
2.015092100000000000e+07,7.550000000000000000e+01,7.969999694824218750e+01,7.365000152587890625e+01,7.900000000000000000e+01,1.503880000000000000e+07
2.015092800000000000e+07,7.929999999999999716e+01,8.084999847412109375e+01,7.744999694824218750e+01,7.979999999999999716e+01,8.390400000000000000e+06
2.015100500000000000e+07,8.079999999999999716e+01,8.205000305175781250e+01,7.944999694824218750e+01,8.025000000000000000e+01,6.260100000000000000e+06
2.015101200000000000e+07,8.029999999999999716e+01,8.400000000000000000e+01,7.951599884033203125e+01,8.334999999999999432e+01,7.788000000000000000e+06
2.015101900000000000e+07,8.300000000000000000e+01,8.759999847412109375e+01,8.115000152587890625e+01,8.700000000000000000e+01,1.390590000000000000e+07
2.015102600000000000e+07,8.759999999999999432e+01,8.969999694824218750e+01,8.540000152587890625e+01,8.945000000000000284e+01,8.680000000000000000e+06
2.015110200000000000e+07,8.895000000000000284e+01,9.000000000000000000e+01,8.719999694824218750e+01,8.909999999999999432e+01,1.184380000000000000e+07
2.015110900000000000e+07,8.765000000000000568e+01,8.994999694824218750e+01,8.250000000000000000e+01,8.350000000000000000e+01,1.154810000000000000e+07
2.015111600000000000e+07,8.200000000000000000e+01,8.459999847412109375e+01,8.075000000000000000e+01,8.265000000000000568e+01,1.435890000000000000e+07
2.015112300000000000e+07,8.295000000000000284e+01,8.330000305175781250e+01,7.984999847412109375e+01,8.279999999999999716e+01,2.772110000000000000e+07
2.015113000000000000e+07,8.259999999999999432e+01,8.590000152587890625e+01,7.844999694824218750e+01,8.009999999999999432e+01,1.460600000000000000e+07
2.015120700000000000e+07,7.850000000000000000e+01,8.065000152587890625e+01,7.629000091552734375e+01,7.709999999999999432e+01,1.700100000000000000e+07
2.015121400000000000e+07,7.615000000000000568e+01,7.700000000000000000e+01,7.225000000000000000e+01,7.295000000000000284e+01,1.849720000000000000e+07
2.015122100000000000e+07,7.265000000000000568e+01,7.465000152587890625e+01,7.255000305175781250e+01,7.340000000000000568e+01,1.129040000000000000e+07
2.016010400000000000e+07,7.250000000000000000e+01,7.284999847412109375e+01,6.480000305175781250e+01,6.484999999999999432e+01,2.030010000000000000e+07
2.016011100000000000e+07,6.490000000000000568e+01,7.844999694824218750e+01,6.375000000000000000e+01,7.659999999999999432e+01,3.655310000000000000e+07
2.016011800000000000e+07,7.750000000000000000e+01,7.840000152587890625e+01,7.523699951171875000e+01,7.800000000000000000e+01,1.355060000000000000e+07
2.016012500000000000e+07,7.750000000000000000e+01,7.938500213623046875e+01,7.598999786376953125e+01,7.840000000000000568e+01,9.096800000000000000e+06
2.016020100000000000e+07,7.890000000000000568e+01,8.055000305175781250e+01,7.719999694824218750e+01,7.845000000000000284e+01,1.250240000000000000e+07
2.016020800000000000e+07,7.829999999999999716e+01,7.890000152587890625e+01,7.175000000000000000e+01,7.465000000000000568e+01,1.123270000000000000e+07
2.016021500000000000e+07,7.559999999999999432e+01,7.915000152587890625e+01,7.405000305175781250e+01,7.884999999999999432e+01,1.064300000000000000e+07
2.016022200000000000e+07,7.804999999999999716e+01,8.009999847412109375e+01,7.484999847412109375e+01,7.834999999999999432e+01,1.483490000000000000e+07
