2.005121900000000000e+07,4.950260000000000105e+02,4.985090026855468750e+02,4.790580139160156250e+02,4.870419999999999732e+02,0.000000000000000000e+00
2.005122600000000000e+07,4.870419999999999732e+02,4.970220031738281250e+02,4.870419921875000000e+02,4.940280000000000200e+02,0.000000000000000000e+00
2.006010200000000000e+07,4.940280000000000200e+02,5.637910156250000000e+02,4.930299987792968750e+02,5.389400000000000546e+02,0.000000000000000000e+00
2.006010900000000000e+07,5.389400000000000546e+02,5.887420043945312500e+02,5.388400268554687500e+02,5.813569999999999709e+02,0.000000000000000000e+00
2.006011600000000000e+07,5.888410000000000082e+02,6.257689819335937500e+02,5.706480102539062500e+02,6.182839999999999918e+02,0.000000000000000000e+00
2.006012300000000000e+07,6.187820000000000391e+02,6.486240234375000000e+02,6.108989868164062500e+02,6.207789999999999964e+02,0.000000000000000000e+00
2.006013000000000000e+07,6.287630000000000337e+02,6.337529907226562500e+02,6.038120117187500000e+02,6.247709999999999582e+02,0.000000000000000000e+00
2.006020600000000000e+07,6.240220000000000482e+02,6.428350219726562500e+02,6.089019775390625000e+02,6.167870000000000346e+02,0.000000000000000000e+00
2.006021300000000000e+07,6.167870000000000346e+02,6.187819824218750000e+02,5.789609985351562500e+02,5.928339999999999463e+02,0.000000000000000000e+00
2.006022000000000000e+07,5.958279999999999745e+02,6.367479858398437500e+02,5.958280029296875000e+02,6.237730000000000246e+02,0.000000000000000000e+00
2.006022700000000000e+07,6.237730000000000246e+02,6.587050170898437500e+02,6.147910156250000000e+02,6.477259999999999991e+02,0.000000000000000000e+00
2.006030600000000000e+07,6.542129999999999654e+02,6.866489868164062500e+02,6.310079956054687500e+02,6.796630000000000109e+02,0.000000000000000000e+00
2.006031300000000000e+07,6.796630000000000109e+02,7.372999877929687500e+02,6.637479858398437500e+02,7.235760000000000218e+02,0.000000000000000000e+00
2.006032000000000000e+07,7.086059999999999945e+02,7.185869750976562500e+02,6.892440185546875000e+02,7.026169999999999618e+02,0.000000000000000000e+00
2.006032700000000000e+07,7.106019999999999754e+02,7.834589843750000000e+02,6.941350097656250000e+02,7.714829999999999472e+02,0.000000000000000000e+00
2.006040300000000000e+07,7.784690000000000509e+02,7.919420166015625000e+02,7.585079956054687500e+02,7.664919999999999618e+02,0.000000000000000000e+00
2.006041000000000000e+07,7.585080000000000382e+02,8.034199829101562500e+02,7.486270141601562500e+02,7.944370000000000118e+02,0.000000000000000000e+00
2.006041700000000000e+07,7.944370000000000118e+02,8.383510131835937500e+02,7.944370117187500000e+02,8.084099999999999682e+02,0.000000000000000000e+00
2.006042400000000000e+07,8.059149999999999636e+02,8.213839721679687500e+02,7.491270141601562500e+02,7.884489999999999554e+02,0.000000000000000000e+00
2.006050100000000000e+07,7.884489999999999554e+02,8.323629760742187500e+02,7.627189941406250000e+02,8.099070000000000391e+02,0.000000000000000000e+00
2.006050800000000000e+07,8.143980000000000246e+02,8.677930297851562500e+02,6.374959716796875000e+02,8.218830000000000382e+02,0.000000000000000000e+00
2.006051500000000000e+07,8.034199999999999591e+02,8.283610229492187500e+02,7.385469970703125000e+02,7.944370000000000118e+02,0.000000000000000000e+00
2.006052200000000000e+07,7.814629999999999654e+02,8.563150024414062500e+02,7.535170288085937500e+02,8.438400000000000318e+02,0.000000000000000000e+00
2.006052900000000000e+07,8.438400000000000318e+02,8.682949829101562500e+02,8.064130249023437500e+02,8.273719999999999573e+02,0.000000000000000000e+00
2.006060500000000000e+07,8.273719999999999573e+02,8.533209838867187500e+02,7.634979858398437500e+02,7.874510000000000218e+02,0.000000000000000000e+00
2.006061200000000000e+07,7.485280000000000200e+02,8.433410034179687500e+02,7.485280151367187500e+02,8.403469999999999800e+02,0.000000000000000000e+00
2.006061900000000000e+07,8.481660000000000537e+02,8.553179931640625000e+02,8.054149780273437500e+02,8.238790000000000191e+02,0.000000000000000000e+00
2.006062600000000000e+07,8.263740000000000236e+02,8.503270263671875000e+02,8.168930053710937500e+02,8.203859999999999673e+02,0.000000000000000000e+00
2.006070300000000000e+07,8.243790000000000191e+02,8.727880249023437500e+02,8.206500244140625000e+02,8.657930000000000064e+02,0.000000000000000000e+00
2.006071000000000000e+07,8.593089999999999691e+02,8.962390136718750000e+02,8.518239746093750000e+02,8.662949999999999591e+02,0.000000000000000000e+00
2.006071700000000000e+07,8.642999999999999545e+02,8.887509765625000000e+02,8.523229980468750000e+02,8.633020000000000209e+02,0.000000000000000000e+00
2.006072400000000000e+07,8.633020000000000209e+02,8.930009765625000000e+02,8.633020019531250000e+02,8.872530000000000427e+02,0.000000000000000000e+00
2.006073100000000000e+07,8.922480000000000473e+02,9.176900024414062500e+02,8.735839843750000000e+02,8.882490000000000236e+02,0.000000000000000000e+00
2.006080700000000000e+07,8.752809999999999491e+02,9.441450195312500000e+02,8.687880249023437500e+02,9.426480000000000246e+02,0.000000000000000000e+00
2.006081400000000000e+07,9.551219999999999573e+02,9.750839843750000000e+02,9.151970214843750000e+02,9.151970000000000027e+02,0.000000000000000000e+00
2.006082100000000000e+07,9.132060000000000173e+02,9.286760253906250000e+02,8.782680053710937500e+02,9.166950000000000500e+02,0.000000000000000000e+00
2.006082800000000000e+07,9.166950000000000500e+02,9.333159790039062500e+02,8.802670288085937500e+02,9.231870000000000118e+02,0.000000000000000000e+00
2.006090400000000000e+07,9.196900000000000546e+02,9.431409912109375000e+02,8.864739990234375000e+02,8.952430000000000518e+02,0.000000000000000000e+00
2.006091100000000000e+07,8.897459999999999809e+02,8.982299804687500000e+02,8.318629760742187500e+02,8.982300000000000182e+02,0.000000000000000000e+00
2.006091800000000000e+07,8.947409999999999854e+02,9.032249755859375000e+02,7.984290161132812500e+02,8.014239999999999782e+02,0.000000000000000000e+00
2.006092500000000000e+07,8.138990000000000009e+02,8.483309936523437500e+02,7.913530273437500000e+02,8.318630000000000564e+02,0.000000000000000000e+00
2.006100200000000000e+07,8.188890000000000100e+02,8.583109741210937500e+02,7.889479980468750000e+02,8.143980000000000246e+02,0.000000000000000000e+00
2.006100900000000000e+07,7.879049999999999727e+02,8.242890014648437500e+02,7.677540283203125000e+02,7.838750000000000000e+02,3.430150000000000000e+07
2.006101600000000000e+07,7.838750000000000000e+02,8.382830200195312500e+02,7.817990112304687500e+02,8.010030000000000427e+02,3.240380000000000000e+07
2.006102300000000000e+07,7.964690000000000509e+02,8.103229980468750000e+02,7.737990112304687500e+02,8.100710000000000264e+02,1.524680000000000000e+07
2.006103000000000000e+07,8.060410000000000537e+02,8.312290039062500000e+02,8.060410156250000000e+02,8.312290000000000418e+02,3.231410000000000000e+07
2.006110600000000000e+07,8.271989999999999554e+02,8.831190185546875000e+02,8.241770019531250000e+02,8.659900000000000091e+02,1.845360000000000000e+07
2.006111300000000000e+07,8.715320000000000391e+02,8.866450195312500000e+02,8.564180297851562500e+02,8.745539999999999736e+02,1.496570000000000000e+07
2.006112000000000000e+07,8.664940000000000282e+02,8.780809936523437500e+02,8.481749877929687500e+02,8.559139999999999873e+02,1.211600000000000000e+07
2.006112700000000000e+07,8.513809999999999718e+02,8.559140014648437500e+02,8.040250244140625000e+02,8.151090000000000373e+02,1.699070000000000000e+07
2.006120400000000000e+07,8.115819999999999936e+02,8.629669799804687500e+02,8.075520019531250000e+02,8.483579999999999472e+02,1.378420000000000000e+07
2.006121100000000000e+07,8.498690000000000282e+02,8.547059936523437500e+02,7.868969726562500000e+02,8.282069999999999936e+02,2.704450000000000000e+07
2.006121800000000000e+07,8.201470000000000482e+02,8.396519775390625000e+02,8.045300292968750000e+02,8.201470000000000482e+02,7.090000000000000000e+06
2.006122500000000000e+07,8.201470000000000482e+02,8.552089843750000000e+02,8.085599975585937500e+02,8.221609999999999445e+02,1.866100000000000000e+06
2.007010100000000000e+07,8.221609999999999445e+02,8.282069702148437500e+02,7.294669799804687500e+02,7.380309999999999491e+02,2.080070000000000000e+07
2.007010800000000000e+07,7.385349999999999682e+02,7.536480102539062500e+02,7.007509765625000000e+02,7.410539999999999736e+02,2.747940000000000000e+07
2.007011500000000000e+07,7.465950000000000273e+02,7.617089843750000000e+02,7.133460083007812500e+02,7.334969999999999573e+02,1.146430000000000000e+07
2.007012200000000000e+07,7.309779999999999518e+02,7.556630249023437500e+02,6.962180175781250000e+02,7.047820000000000391e+02,4.759180000000000000e+07
2.007012900000000000e+07,7.032699999999999818e+02,7.158250122070312500e+02,6.755629882812500000e+02,7.083079999999999927e+02,3.643860000000000000e+07
2.007020500000000000e+07,7.052859999999999445e+02,7.148569946289062500e+02,6.808530273437500000e+02,6.836230000000000473e+02,2.621680000000000000e+07
2.007021200000000000e+07,6.790900000000000318e+02,7.052860107421875000e+02,6.498699951171875000e+02,6.740520000000000209e+02,1.409810000000000000e+07
2.007021900000000000e+07,6.770739999999999554e+02,7.506250000000000000e+02,6.669979858398437500e+02,7.450839999999999463e+02,2.984820000000000000e+07
2.007022600000000000e+07,7.511290000000000191e+02,7.591900024414062500e+02,7.002479858398437500e+02,7.410539999999999736e+02,2.777100000000000000e+07
2.007030500000000000e+07,7.284600000000000364e+02,7.491140136718750000e+02,7.042780151367187500e+02,7.390389999999999873e+02,2.127400000000000000e+07
2.007031200000000000e+07,7.329930000000000518e+02,7.884489746093750000e+02,7.128430175781250000e+02,7.858110000000000355e+02,1.886540000000000000e+07
2.007031900000000000e+07,7.536480000000000246e+02,7.768220214843750000e+02,7.455880126953125000e+02,7.702730000000000246e+02,1.022220000000000000e+07
2.007032600000000000e+07,7.758150000000000546e+02,8.055380249023437500e+02,7.586859741210937500e+02,7.929429999999999836e+02,3.040830000000000000e+07
2.007040200000000000e+07,7.843780000000000427e+02,8.035219726562500000e+02,7.736680297851562500e+02,7.889130000000000109e+02,1.340140000000000000e+07
2.007040900000000000e+07,7.889130000000000109e+02,8.045300292968750000e+02,7.712800292968750000e+02,7.954619999999999891e+02,2.788130000000000000e+07
2.007041600000000000e+07,7.924389999999999645e+02,8.317340087890625000e+02,7.924390258789062500e+02,8.225879999999999654e+02,2.316620000000000000e+07
2.007042300000000000e+07,8.292150000000000318e+02,8.362670288085937500e+02,7.939810180664062500e+02,8.045299999999999727e+02,1.544630000000000000e+07
2.007043000000000000e+07,7.995000000000000000e+02,8.090000000000000000e+02,7.670000000000000000e+02,7.750000000000000000e+02,2.192170000000000000e+07
2.007050700000000000e+07,7.750000000000000000e+02,7.795000000000000000e+02,7.553800048828125000e+02,7.695000000000000000e+02,9.887900000000000000e+06
2.007051400000000000e+07,7.790000000000000000e+02,8.210000000000000000e+02,7.650000000000000000e+02,8.165000000000000000e+02,2.760930000000000000e+07
2.007052100000000000e+07,8.240000000000000000e+02,8.320000000000000000e+02,7.910000000000000000e+02,8.015000000000000000e+02,1.708210000000000000e+07
2.007052800000000000e+07,8.015000000000000000e+02,8.210000000000000000e+02,7.775000000000000000e+02,7.860000000000000000e+02,1.900450000000000000e+07
2.007060400000000000e+07,7.830000000000000000e+02,7.935000000000000000e+02,7.340000000000000000e+02,7.475000000000000000e+02,2.137580000000000000e+07
2.007061100000000000e+07,7.490000000000000000e+02,7.760000000000000000e+02,7.450000000000000000e+02,7.635000000000000000e+02,1.821930000000000000e+07
2.007061800000000000e+07,7.620000000000000000e+02,7.645000000000000000e+02,7.270000000000000000e+02,7.295000000000000000e+02,1.262520000000000000e+07
2.007062500000000000e+07,7.280000000000000000e+02,7.425000000000000000e+02,5.465000000000000000e+02,7.265000000000000000e+02,1.908670000000000000e+07
2.007070200000000000e+07,7.210000000000000000e+02,7.445000000000000000e+02,7.130000000000000000e+02,7.400000000000000000e+02,1.286900000000000000e+07
2.007070900000000000e+07,7.420000000000000000e+02,1.464699951171875000e+03,7.260000000000000000e+02,7.375000000000000000e+02,1.347550000000000000e+07
2.007071600000000000e+07,7.300000000000000000e+02,1.128000000000000000e+03,7.145000000000000000e+02,7.215000000000000000e+02,8.472900000000000000e+06
2.007072300000000000e+07,7.190000000000000000e+02,7.325000000000000000e+02,6.620599975585937500e+02,6.700000000000000000e+02,1.514510000000000000e+07
2.007073000000000000e+07,6.665000000000000000e+02,6.930000000000000000e+02,6.550000000000000000e+02,6.685000000000000000e+02,2.040330000000000000e+07
2.007080600000000000e+07,6.660000000000000000e+02,6.715000000000000000e+02,6.050000000000000000e+02,6.210000000000000000e+02,2.467030000000000000e+07
2.007081300000000000e+07,6.205000000000000000e+02,6.595000000000000000e+02,6.010000000000000000e+02,6.225000000000000000e+02,2.519090000000000000e+07
2.007082000000000000e+07,6.275000000000000000e+02,6.910000000000000000e+02,6.070000000000000000e+02,6.345000000000000000e+02,1.246050000000000000e+07
2.007082700000000000e+07,6.345000000000000000e+02,6.695000000000000000e+02,6.345000000000000000e+02,6.650000000000000000e+02,5.522800000000000000e+06
2.007090300000000000e+07,6.690000000000000000e+02,6.915000000000000000e+02,5.767199707031250000e+02,6.325000000000000000e+02,2.735280000000000000e+07
2.007091000000000000e+07,6.300000000000000000e+02,6.380000000000000000e+02,5.995000000000000000e+02,6.015000000000000000e+02,2.458390000000000000e+07
2.007091700000000000e+07,5.970000000000000000e+02,6.405000000000000000e+02,5.840000000000000000e+02,6.050000000000000000e+02,3.308420000000000000e+07
2.007092400000000000e+07,6.060000000000000000e+02,6.170000000000000000e+02,5.690000000000000000e+02,6.100000000000000000e+02,2.627980000000000000e+07
2.007100100000000000e+07,6.115000000000000000e+02,6.280000000000000000e+02,6.040000000000000000e+02,6.105000000000000000e+02,2.455780000000000000e+07
2.007100800000000000e+07,6.060000000000000000e+02,6.340000000000000000e+02,6.010000000000000000e+02,6.085000000000000000e+02,1.570860000000000000e+07
2.007101500000000000e+07,6.075000000000000000e+02,6.495000000000000000e+02,5.920000000000000000e+02,6.235000000000000000e+02,3.028400000000000000e+07
2.007102200000000000e+07,6.070000000000000000e+02,6.540000000000000000e+02,6.010000000000000000e+02,6.460000000000000000e+02,1.438810000000000000e+07
2.007102900000000000e+07,6.490000000000000000e+02,7.040000000000000000e+02,6.490000000000000000e+02,6.840000000000000000e+02,1.963980000000000000e+07
2.007110500000000000e+07,6.780000000000000000e+02,7.335000000000000000e+02,6.750000000000000000e+02,6.985000000000000000e+02,1.334700000000000000e+07
2.007111200000000000e+07,6.890000000000000000e+02,7.125000000000000000e+02,6.445000000000000000e+02,6.550000000000000000e+02,1.543520000000000000e+07
2.007111900000000000e+07,6.610000000000000000e+02,7.015000000000000000e+02,6.265000000000000000e+02,6.950000000000000000e+02,1.536970000000000000e+07
2.007112600000000000e+07,7.045000000000000000e+02,7.130000000000000000e+02,6.740000000000000000e+02,6.825000000000000000e+02,1.319310000000000000e+07
2.007120300000000000e+07,6.790000000000000000e+02,7.035000000000000000e+02,6.600000000000000000e+02,6.950000000000000000e+02,1.410940000000000000e+07
2.007121000000000000e+07,6.980000000000000000e+02,7.030000000000000000e+02,6.550000000000000000e+02,6.690000000000000000e+02,1.245700000000000000e+07
2.007121700000000000e+07,6.585000000000000000e+02,6.935000000000000000e+02,6.000000000000000000e+02,6.050000000000000000e+02,1.643080000000000000e+07
2.007122400000000000e+07,6.085000000000000000e+02,6.105499877929687500e+02,5.900000000000000000e+02,6.005000000000000000e+02,2.245200000000000000e+06
2.007123100000000000e+07,6.100000000000000000e+02,6.100000000000000000e+02,5.860000000000000000e+02,5.960000000000000000e+02,8.075900000000000000e+06
2.008010700000000000e+07,6.250000000000000000e+02,6.320000000000000000e+02,5.940000000000000000e+02,5.990000000000000000e+02,1.522840000000000000e+07
2.008011400000000000e+07,5.950000000000000000e+02,6.085000000000000000e+02,5.285000000000000000e+02,5.460000000000000000e+02,2.270480000000000000e+07
2.008012100000000000e+07,5.355000000000000000e+02,5.375000000000000000e+02,4.617500000000000000e+02,5.145000000000000000e+02,2.307190000000000000e+07
2.008012800000000000e+07,5.020000000000000000e+02,5.160000000000000000e+02,4.900000000000000000e+02,5.130000000000000000e+02,1.147290000000000000e+07
2.008020400000000000e+07,5.200000000000000000e+02,5.250000000000000000e+02,4.865000000000000000e+02,4.997500000000000000e+02,9.686500000000000000e+06
2.008021100000000000e+07,4.930000000000000000e+02,5.250000000000000000e+02,4.822500000000000000e+02,5.085000000000000000e+02,9.833900000000000000e+06
2.008021800000000000e+07,5.150000000000000000e+02,5.340000000000000000e+02,5.040000000000000000e+02,5.130000000000000000e+02,1.091270000000000000e+07
2.008022500000000000e+07,5.210000000000000000e+02,5.960000000000000000e+02,5.100000000000000000e+02,5.810000000000000000e+02,2.429800000000000000e+07
2.008030300000000000e+07,5.700000000000000000e+02,5.810000000000000000e+02,5.090000000000000000e+02,5.170000000000000000e+02,2.896470000000000000e+07
2.008031000000000000e+07,5.105000000000000000e+02,5.260000000000000000e+02,5.035000000000000000e+02,5.150000000000000000e+02,1.855980000000000000e+07
2.008031700000000000e+07,5.040000000000000000e+02,5.435000000000000000e+02,5.025000000000000000e+02,5.135000000000000000e+02,2.454940000000000000e+07
2.008032400000000000e+07,5.135000000000000000e+02,5.395000000000000000e+02,5.085000000000000000e+02,5.280000000000000000e+02,1.286950000000000000e+07
2.008033100000000000e+07,5.280000000000000000e+02,5.640000000000000000e+02,5.200000000000000000e+02,5.610000000000000000e+02,1.379940000000000000e+07
2.008040700000000000e+07,5.610000000000000000e+02,6.050000000000000000e+02,5.530000000000000000e+02,5.885000000000000000e+02,1.221820000000000000e+07
2.008041400000000000e+07,5.790000000000000000e+02,6.185000000000000000e+02,5.675000000000000000e+02,6.115000000000000000e+02,9.528200000000000000e+06
2.008042100000000000e+07,6.100000000000000000e+02,6.500000000000000000e+02,6.000000000000000000e+02,6.325000000000000000e+02,1.039790000000000000e+07
2.008042800000000000e+07,6.270000000000000000e+02,6.345000000000000000e+02,5.880000000000000000e+02,5.995000000000000000e+02,9.901300000000000000e+06
2.008050500000000000e+07,5.995000000000000000e+02,6.255000000000000000e+02,5.895000000000000000e+02,5.985000000000000000e+02,7.606400000000000000e+06
2.008051200000000000e+07,5.990000000000000000e+02,6.580000000000000000e+02,5.920000000000000000e+02,6.455000000000000000e+02,1.163680000000000000e+07
2.008051900000000000e+07,6.460000000000000000e+02,7.360000000000000000e+02,6.460000000000000000e+02,6.970000000000000000e+02,1.357710000000000000e+07
2.008052600000000000e+07,6.970000000000000000e+02,7.055000000000000000e+02,6.630000000000000000e+02,6.770000000000000000e+02,1.061810000000000000e+07
2.008060200000000000e+07,6.720000000000000000e+02,6.880000000000000000e+02,6.575000000000000000e+02,6.670000000000000000e+02,1.263650000000000000e+07
2.008060900000000000e+07,6.650000000000000000e+02,7.910000000000000000e+02,6.650000000000000000e+02,7.855000000000000000e+02,1.789810000000000000e+07
2.008061600000000000e+07,7.880000000000000000e+02,7.905000000000000000e+02,7.035000000000000000e+02,7.185000000000000000e+02,2.552360000000000000e+07
2.008062300000000000e+07,7.220000000000000000e+02,7.650000000000000000e+02,7.144000244140625000e+02,7.365000000000000000e+02,1.560310000000000000e+07
2.008063000000000000e+07,7.535000000000000000e+02,7.770000000000000000e+02,7.235000000000000000e+02,7.580000000000000000e+02,1.278320000000000000e+07
2.008070700000000000e+07,7.615000000000000000e+02,7.700000000000000000e+02,7.310000000000000000e+02,7.500000000000000000e+02,1.926310000000000000e+07
2.008071400000000000e+07,7.550000000000000000e+02,7.800000000000000000e+02,6.740000000000000000e+02,6.940000000000000000e+02,2.332250000000000000e+07
2.008072100000000000e+07,6.905000000000000000e+02,7.430000000000000000e+02,6.805000000000000000e+02,7.100000000000000000e+02,2.112270000000000000e+07
2.008072800000000000e+07,7.060000000000000000e+02,7.450000000000000000e+02,6.970000000000000000e+02,7.090000000000000000e+02,1.676900000000000000e+07
2.008080400000000000e+07,7.100000000000000000e+02,7.300000000000000000e+02,6.695000000000000000e+02,6.950000000000000000e+02,2.117600000000000000e+07
2.008081100000000000e+07,7.000000000000000000e+02,7.320000000000000000e+02,6.800000000000000000e+02,6.910000000000000000e+02,1.863830000000000000e+07
2.008081800000000000e+07,6.890000000000000000e+02,7.450000000000000000e+02,6.835000000000000000e+02,7.370000000000000000e+02,1.908240000000000000e+07
2.008082500000000000e+07,7.370000000000000000e+02,7.730000000000000000e+02,7.245000000000000000e+02,7.465000000000000000e+02,2.882440000000000000e+07
2.008090100000000000e+07,7.480000000000000000e+02,7.480000000000000000e+02,6.990000000000000000e+02,7.065000000000000000e+02,2.230080000000000000e+07
2.008090800000000000e+07,7.210000000000000000e+02,7.750000000000000000e+02,7.135000000000000000e+02,7.605000000000000000e+02,1.620220000000000000e+07
2.008091500000000000e+07,7.595000000000000000e+02,8.495000000000000000e+02,7.045000000000000000e+02,8.210000000000000000e+02,4.508510000000000000e+07
2.008092200000000000e+07,8.210000000000000000e+02,8.210000000000000000e+02,7.550000000000000000e+02,7.695000000000000000e+02,2.126920000000000000e+07
2.008092900000000000e+07,7.650000000000000000e+02,7.755000000000000000e+02,5.625000000000000000e+02,7.265000000000000000e+02,2.254220000000000000e+07
2.008100600000000000e+07,7.230000000000000000e+02,7.255000000000000000e+02,5.690000000000000000e+02,5.825000000000000000e+02,2.340390000000000000e+07
2.008101300000000000e+07,6.050000000000000000e+02,6.435000000000000000e+02,5.520000000000000000e+02,5.870000000000000000e+02,1.805450000000000000e+07
2.008102000000000000e+07,6.045000000000000000e+02,6.405000000000000000e+02,5.050000000000000000e+02,5.375000000000000000e+02,1.724330000000000000e+07
2.008102700000000000e+07,5.210000000000000000e+02,5.960000000000000000e+02,5.040000000000000000e+02,5.755000000000000000e+02,1.204730000000000000e+07
2.008110300000000000e+07,5.800000000000000000e+02,6.410000000000000000e+02,5.715000000000000000e+02,6.340000000000000000e+02,9.241800000000000000e+06
2.008111000000000000e+07,6.525000000000000000e+02,6.645000000000000000e+02,5.745000000000000000e+02,5.785000000000000000e+02,7.523200000000000000e+06
2.008111700000000000e+07,5.740000000000000000e+02,5.960000000000000000e+02,5.090000000000000000e+02,5.150000000000000000e+02,7.744700000000000000e+06
2.008112400000000000e+07,5.245000000000000000e+02,6.335000000000000000e+02,5.175000000000000000e+02,6.110000000000000000e+02,8.871200000000000000e+06
2.008120100000000000e+07,6.150000000000000000e+02,6.200000000000000000e+02,5.080000000000000000e+02,5.095000000000000000e+02,1.125130000000000000e+07
2.008120800000000000e+07,5.410000000000000000e+02,5.590000000000000000e+02,5.040000000000000000e+02,5.405000000000000000e+02,9.573400000000000000e+06
2.008121500000000000e+07,5.305000000000000000e+02,5.615000000000000000e+02,4.020750122070312500e+02,5.340000000000000000e+02,1.182550000000000000e+07
2.008122200000000000e+07,5.370000000000000000e+02,5.800000000000000000e+02,5.260000000000000000e+02,5.580000000000000000e+02,3.186300000000000000e+06
2.008122900000000000e+07,5.670000000000000000e+02,6.000000000000000000e+02,5.430000000000000000e+02,5.760000000000000000e+02,3.615900000000000000e+06
2.009010500000000000e+07,5.795000000000000000e+02,6.445000000000000000e+02,5.710000000000000000e+02,5.805000000000000000e+02,9.140400000000000000e+06
2.009011200000000000e+07,5.825000000000000000e+02,5.860000000000000000e+02,5.075000000000000000e+02,5.435000000000000000e+02,9.741300000000000000e+06
2.009011900000000000e+07,5.530000000000000000e+02,5.560000000000000000e+02,5.265000000000000000e+02,5.400000000000000000e+02,8.522500000000000000e+06
2.009012600000000000e+07,5.440000000000000000e+02,5.780000000000000000e+02,5.310000000000000000e+02,5.565000000000000000e+02,6.793200000000000000e+06
2.009020200000000000e+07,5.575000000000000000e+02,5.870000000000000000e+02,5.355000000000000000e+02,5.650000000000000000e+02,2.777700000000000000e+06
2.009020900000000000e+07,5.675000000000000000e+02,5.850000000000000000e+02,5.515000000000000000e+02,5.585000000000000000e+02,6.349400000000000000e+06
2.009021600000000000e+07,5.550000000000000000e+02,5.550000000000000000e+02,5.070000000000000000e+02,5.130000000000000000e+02,8.707700000000000000e+06
2.009022300000000000e+07,5.200000000000000000e+02,5.255000000000000000e+02,4.947500000000000000e+02,5.190000000000000000e+02,9.327200000000000000e+06
2.009030200000000000e+07,5.150000000000000000e+02,5.280000000000000000e+02,4.752500000000000000e+02,4.832500000000000000e+02,1.231950000000000000e+07
2.009030900000000000e+07,4.862500000000000000e+02,5.135000000000000000e+02,4.620000000000000000e+02,5.090000000000000000e+02,1.043910000000000000e+07
2.009031600000000000e+07,5.130000000000000000e+02,5.420000000000000000e+02,5.095000000000000000e+02,5.360000000000000000e+02,8.657000000000000000e+06
2.009032300000000000e+07,5.425000000000000000e+02,5.595000000000000000e+02,5.165000000000000000e+02,5.170000000000000000e+02,9.534500000000000000e+06
2.009033000000000000e+07,5.090000000000000000e+02,5.330000000000000000e+02,4.935000000000000000e+02,5.185000000000000000e+02,1.051640000000000000e+07
2.009040600000000000e+07,5.220000000000000000e+02,5.450000000000000000e+02,5.145000000000000000e+02,5.275000000000000000e+02,6.500600000000000000e+06
2.009041300000000000e+07,5.275000000000000000e+02,5.410000000000000000e+02,5.130000000000000000e+02,5.390000000000000000e+02,8.532100000000000000e+06
2.009042000000000000e+07,5.360000000000000000e+02,5.455000000000000000e+02,5.130000000000000000e+02,5.180000000000000000e+02,1.391700000000000000e+07
2.009042700000000000e+07,5.170000000000000000e+02,5.380000000000000000e+02,4.987500000000000000e+02,5.120000000000000000e+02,1.209740000000000000e+07
2.009050400000000000e+07,5.120000000000000000e+02,5.325000000000000000e+02,4.642500000000000000e+02,4.685000000000000000e+02,1.667250000000000000e+07
2.009051100000000000e+07,4.735000000000000000e+02,5.040000000000000000e+02,4.725000000000000000e+02,4.882500000000000000e+02,1.165540000000000000e+07
2.009051800000000000e+07,4.820000000000000000e+02,5.020000000000000000e+02,4.750000000000000000e+02,4.877500000000000000e+02,1.081930000000000000e+07
2.009052500000000000e+07,4.877500000000000000e+02,4.967500000000000000e+02,4.712500000000000000e+02,4.897500000000000000e+02,7.902700000000000000e+06
2.009060100000000000e+07,4.975000000000000000e+02,4.975000000000000000e+02,4.697500000000000000e+02,4.717500000000000000e+02,1.163350000000000000e+07
2.009060800000000000e+07,4.692500000000000000e+02,4.790000000000000000e+02,4.490000000000000000e+02,4.732500000000000000e+02,1.284180000000000000e+07
2.009061500000000000e+07,4.707500000000000000e+02,4.752500000000000000e+02,4.550000000000000000e+02,4.612500000000000000e+02,2.154030000000000000e+07
2.009062200000000000e+07,4.612500000000000000e+02,4.612500000000000000e+02,4.195000000000000000e+02,4.472500000000000000e+02,2.120540000000000000e+07
2.009062900000000000e+07,4.482500000000000000e+02,4.512500000000000000e+02,4.297500000000000000e+02,4.350000000000000000e+02,8.448700000000000000e+06
2.009070600000000000e+07,4.350000000000000000e+02,4.412500000000000000e+02,4.222500000000000000e+02,4.312500000000000000e+02,1.085180000000000000e+07
2.009071300000000000e+07,4.292500000000000000e+02,4.350000000000000000e+02,4.170000000000000000e+02,4.207500000000000000e+02,8.296600000000000000e+06
2.009072000000000000e+07,4.247500000000000000e+02,4.270000000000000000e+02,3.937500000000000000e+02,4.055000000000000000e+02,1.072390000000000000e+07
2.009072700000000000e+07,4.087500000000000000e+02,4.155000000000000000e+02,3.992500000000000000e+02,4.002500000000000000e+02,7.898400000000000000e+06
2.009080300000000000e+07,3.990000000000000000e+02,4.463999938964843750e+02,3.990000000000000000e+02,4.463999999999999773e+02,1.355660000000000000e+07
2.009081000000000000e+07,4.470000000000000000e+02,4.606000061035156250e+02,4.375000000000000000e+02,4.521999999999999886e+02,1.062000000000000000e+07
2.009081700000000000e+07,4.540000000000000000e+02,4.818999938964843750e+02,4.397000122070312500e+02,4.741000000000000227e+02,9.416100000000000000e+06
2.009082400000000000e+07,4.778999999999999773e+02,4.853999938964843750e+02,4.641000061035156250e+02,4.795000000000000000e+02,7.379900000000000000e+06
2.009083100000000000e+07,4.795000000000000000e+02,4.802999877929687500e+02,4.480000000000000000e+02,4.580000000000000000e+02,8.597000000000000000e+06
2.009090700000000000e+07,4.615000000000000000e+02,4.920000000000000000e+02,4.557000122070312500e+02,4.838999999999999773e+02,9.687100000000000000e+06
2.009091400000000000e+07,4.800000000000000000e+02,4.965000000000000000e+02,4.712999877929687500e+02,4.756999999999999886e+02,9.788000000000000000e+06
2.009092100000000000e+07,4.755000000000000000e+02,5.220800170898437500e+02,4.633999938964843750e+02,4.681000000000000227e+02,6.973000000000000000e+06
2.009092800000000000e+07,4.666000000000000227e+02,4.765000000000000000e+02,4.502999877929687500e+02,4.508000000000000114e+02,7.745200000000000000e+06
2.009100500000000000e+07,4.523999999999999773e+02,4.701000061035156250e+02,4.505000000000000000e+02,4.633999999999999773e+02,6.605800000000000000e+06
2.009101200000000000e+07,4.661999999999999886e+02,4.792999877929687500e+02,4.531000061035156250e+02,4.548000000000000114e+02,9.298100000000000000e+06
2.009101900000000000e+07,4.575000000000000000e+02,4.757999877929687500e+02,4.508999938964843750e+02,4.718999999999999773e+02,8.182000000000000000e+06
2.009102600000000000e+07,4.705000000000000000e+02,4.777000122070312500e+02,4.632000122070312500e+02,4.650000000000000000e+02,9.937900000000000000e+06
2.009110200000000000e+07,4.651999999999999886e+02,4.780000000000000000e+02,4.540000000000000000e+02,4.648999999999999773e+02,9.210100000000000000e+06
2.009110900000000000e+07,4.661999999999999886e+02,4.676000061035156250e+02,4.448999938964843750e+02,4.511999999999999886e+02,1.136510000000000000e+07
2.009111600000000000e+07,4.531000000000000227e+02,4.647999877929687500e+02,4.250000000000000000e+02,4.278000000000000114e+02,1.375410000000000000e+07
2.009112300000000000e+07,4.278999999999999773e+02,4.378940124511718750e+02,4.083999938964843750e+02,4.203999999999999773e+02,1.029390000000000000e+07
2.009113000000000000e+07,4.218000000000000114e+02,4.300000000000000000e+02,4.088999938964843750e+02,4.180000000000000000e+02,1.511040000000000000e+07
2.009120700000000000e+07,4.185000000000000000e+02,4.262529907226562500e+02,4.057999877929687500e+02,4.133999999999999773e+02,8.608800000000000000e+06
2.009121400000000000e+07,4.143999999999999773e+02,4.277999877929687500e+02,4.033999938964843750e+02,4.058000000000000114e+02,1.542980000000000000e+07
2.009122100000000000e+07,4.068999999999999773e+02,4.166000061035156250e+02,4.010000000000000000e+02,4.098000000000000114e+02,4.145400000000000000e+06
2.010010400000000000e+07,4.160000000000000000e+02,4.517999877929687500e+02,4.136000061035156250e+02,4.416000000000000227e+02,1.894990000000000000e+07
2.010011100000000000e+07,4.486999999999999886e+02,4.500000000000000000e+02,4.235000000000000000e+02,4.303999999999999773e+02,1.237600000000000000e+07
2.010011800000000000e+07,4.330000000000000000e+02,4.430000000000000000e+02,4.071000061035156250e+02,4.213999999999999773e+02,1.587780000000000000e+07
2.010012500000000000e+07,4.210000000000000000e+02,4.233999938964843750e+02,4.092000122070312500e+02,4.111999999999999886e+02,9.728900000000000000e+06
2.010020100000000000e+07,4.116999999999999886e+02,4.187000122070312500e+02,3.780000000000000000e+02,4.075000000000000000e+02,1.132170000000000000e+07
2.010020800000000000e+07,4.105000000000000000e+02,4.173999938964843750e+02,4.002999877929687500e+02,4.100000000000000000e+02,1.013630000000000000e+07
2.010021500000000000e+07,4.096999999999999886e+02,4.213999938964843750e+02,4.071000061035156250e+02,4.210000000000000000e+02,7.102700000000000000e+06
2.010022200000000000e+07,4.226999999999999886e+02,4.266000061035156250e+02,3.887999877929687500e+02,3.998999999999999773e+02,2.582490000000000000e+07
2.010030100000000000e+07,4.006000000000000227e+02,4.055000000000000000e+02,3.617999877929687500e+02,3.618000000000000114e+02,1.805460000000000000e+07
2.010030800000000000e+07,3.768000000000000114e+02,4.100000000000000000e+02,3.729490051269531250e+02,3.888999999999999773e+02,1.484910000000000000e+07
2.010031500000000000e+07,3.881999999999999886e+02,3.882000122070312500e+02,3.605000000000000000e+02,3.633000000000000114e+02,1.527750000000000000e+07
2.010032200000000000e+07,3.633999999999999773e+02,3.882000122070312500e+02,3.540000000000000000e+02,3.708999999999999773e+02,1.644440000000000000e+07
2.010032900000000000e+07,3.731000000000000227e+02,3.852000122070312500e+02,3.693999938964843750e+02,3.780000000000000000e+02,1.056430000000000000e+07
2.010040500000000000e+07,3.780000000000000000e+02,3.855000000000000000e+02,3.687999877929687500e+02,3.846000000000000227e+02,9.399900000000000000e+06
2.010041200000000000e+07,3.851000000000000227e+02,3.880000000000000000e+02,3.810000000000000000e+02,3.831000000000000227e+02,1.028780000000000000e+07
2.010041900000000000e+07,3.836999999999999886e+02,3.872999877929687500e+02,3.623999938964843750e+02,3.663000000000000114e+02,1.141630000000000000e+07
2.010042600000000000e+07,3.691000000000000227e+02,3.720000000000000000e+02,3.538999938964843750e+02,3.618000000000000114e+02,2.251140000000000000e+07
2.010050300000000000e+07,3.618000000000000114e+02,3.780000000000000000e+02,3.363999938964843750e+02,3.421000000000000227e+02,1.898130000000000000e+07
2.010051000000000000e+07,3.491000000000000227e+02,3.563999938964843750e+02,3.267999877929687500e+02,3.296999999999999886e+02,2.878190000000000000e+07
2.010051700000000000e+07,3.300000000000000000e+02,3.387000122070312500e+02,3.215000000000000000e+02,3.265000000000000000e+02,2.785180000000000000e+07
2.010052400000000000e+07,3.266999999999999886e+02,3.393999938964843750e+02,3.227000122070312500e+02,3.356000000000000227e+02,4.626200000000000000e+07
2.010053100000000000e+07,3.356000000000000227e+02,3.458999938964843750e+02,3.303999938964843750e+02,3.330000000000000000e+02,1.352280000000000000e+07
2.010060700000000000e+07,3.271999999999999886e+02,3.692000122070312500e+02,3.272000122070312500e+02,3.678999999999999773e+02,2.123100000000000000e+07
2.010061400000000000e+07,3.735000000000000000e+02,3.963999938964843750e+02,3.682000122070312500e+02,3.886000000000000227e+02,2.402320000000000000e+07
2.010062100000000000e+07,3.950000000000000000e+02,3.950000000000000000e+02,3.710000000000000000e+02,3.813000000000000114e+02,1.521170000000000000e+07
2.010062800000000000e+07,3.810000000000000000e+02,3.842000122070312500e+02,3.663999938964843750e+02,3.760000000000000000e+02,9.572800000000000000e+06
2.010070500000000000e+07,3.753999999999999773e+02,3.940000000000000000e+02,3.747000122070312500e+02,3.931000000000000227e+02,9.877900000000000000e+06
2.010071200000000000e+07,3.913000000000000114e+02,3.912999877929687500e+02,3.763999938964843750e+02,3.768000000000000114e+02,1.215960000000000000e+07
2.010071900000000000e+07,3.776999999999999886e+02,3.825000000000000000e+02,3.632999877929687500e+02,3.736000000000000227e+02,1.543160000000000000e+07
2.010072600000000000e+07,3.780000000000000000e+02,3.895000000000000000e+02,3.741000061035156250e+02,3.840000000000000000e+02,1.107400000000000000e+07
2.010080200000000000e+07,3.856000000000000227e+02,3.975000000000000000e+02,3.807000122070312500e+02,3.848999999999999773e+02,8.139800000000000000e+06
2.010080900000000000e+07,3.896000000000000227e+02,3.907000122070312500e+02,3.747999877929687500e+02,3.888999999999999773e+02,8.127100000000000000e+06
2.010081600000000000e+07,3.901999999999999886e+02,4.062999877929687500e+02,3.883999938964843750e+02,3.986999999999999886e+02,8.613100000000000000e+06
2.010082300000000000e+07,4.006999999999999886e+02,4.062000122070312500e+02,3.792000122070312500e+02,3.931000000000000227e+02,1.133920000000000000e+07
2.010083000000000000e+07,3.931000000000000227e+02,4.126099853515625000e+02,3.885000000000000000e+02,4.063999999999999773e+02,7.012500000000000000e+06
2.010090600000000000e+07,4.090000000000000000e+02,4.180000000000000000e+02,3.838999938964843750e+02,4.130000000000000000e+02,7.676000000000000000e+06
2.010091300000000000e+07,4.140000000000000000e+02,4.176329956054687500e+02,3.692999877929687500e+02,3.940000000000000000e+02,1.175780000000000000e+07
2.010092000000000000e+07,3.973000000000000114e+02,4.028999938964843750e+02,3.882999877929687500e+02,3.946999999999999886e+02,9.897900000000000000e+06
2.010092700000000000e+07,3.958999999999999773e+02,4.037000122070312500e+02,3.805000000000000000e+02,3.841000000000000227e+02,1.070390000000000000e+07
2.010100400000000000e+07,3.826000000000000227e+02,3.888999938964843750e+02,3.777000122070312500e+02,3.805000000000000000e+02,1.133840000000000000e+07
2.010101100000000000e+07,3.833999999999999773e+02,3.867000122070312500e+02,3.712999877929687500e+02,3.736999999999999886e+02,1.007550000000000000e+07
2.010101800000000000e+07,3.711000000000000227e+02,3.828999938964843750e+02,3.681000061035156250e+02,3.781000000000000227e+02,7.850200000000000000e+06
2.010102500000000000e+07,3.810000000000000000e+02,3.830000000000000000e+02,3.717000122070312500e+02,3.806999999999999886e+02,7.898900000000000000e+06
2.010110100000000000e+07,3.838000000000000114e+02,3.842000122070312500e+02,3.752000122070312500e+02,3.771000000000000227e+02,5.759700000000000000e+06
2.010110800000000000e+07,3.768999999999999773e+02,3.822000122070312500e+02,3.625000000000000000e+02,3.656000000000000227e+02,6.597200000000000000e+06
2.010111500000000000e+07,3.643000000000000114e+02,3.757999877929687500e+02,3.618999938964843750e+02,3.706000000000000227e+02,4.523400000000000000e+06
2.010112200000000000e+07,3.721000000000000227e+02,3.776000061035156250e+02,3.685000000000000000e+02,3.706999999999999886e+02,4.971500000000000000e+06
2.010112900000000000e+07,3.713000000000000114e+02,3.730000000000000000e+02,3.483999938964843750e+02,3.691000000000000227e+02,8.529200000000000000e+06
2.010120600000000000e+07,3.698999999999999773e+02,3.922000122070312500e+02,3.665000000000000000e+02,3.858000000000000114e+02,6.267200000000000000e+06
2.010121300000000000e+07,3.870000000000000000e+02,3.897999877929687500e+02,3.572000122070312500e+02,3.591999999999999886e+02,1.099300000000000000e+07
2.010122000000000000e+07,3.618000000000000114e+02,3.851000061035156250e+02,3.591000061035156250e+02,3.775000000000000000e+02,5.181300000000000000e+06
2.010122700000000000e+07,3.775000000000000000e+02,3.843999938964843750e+02,3.658999938964843750e+02,3.810000000000000000e+02,3.212000000000000000e+06
2.011011000000000000e+07,3.808999999999999773e+02,4.015000000000000000e+02,3.727999877929687500e+02,4.011000000000000227e+02,1.164360000000000000e+07
2.011011700000000000e+07,4.023000000000000114e+02,4.113999938964843750e+02,3.887000122070312500e+02,3.886999999999999886e+02,9.498500000000000000e+06
2.011012400000000000e+07,3.903000000000000114e+02,4.017999877929687500e+02,3.872999877929687500e+02,3.916000000000000227e+02,7.373900000000000000e+06
2.011013100000000000e+07,3.906000000000000227e+02,3.982999877929687500e+02,3.861000061035156250e+02,3.963999999999999773e+02,7.064300000000000000e+06
2.011020700000000000e+07,3.963999999999999773e+02,4.050000000000000000e+02,3.932000122070312500e+02,4.038999999999999773e+02,5.585300000000000000e+06
2.011021400000000000e+07,4.031000000000000227e+02,4.065000000000000000e+02,3.895000000000000000e+02,4.010000000000000000e+02,6.481200000000000000e+06
2.011022100000000000e+07,4.000000000000000000e+02,4.040199890136718750e+02,3.918999938964843750e+02,3.935000000000000000e+02,8.471900000000000000e+06
2.011022800000000000e+07,3.921000000000000227e+02,4.103999938964843750e+02,3.921000061035156250e+02,4.093000000000000114e+02,8.040600000000000000e+06
2.011030700000000000e+07,4.075000000000000000e+02,4.146000061035156250e+02,3.392000122070312500e+02,3.963000000000000114e+02,6.733800000000000000e+06
2.011031400000000000e+07,3.970000000000000000e+02,4.250000000000000000e+02,3.970000000000000000e+02,4.200000000000000000e+02,1.894150000000000000e+07
2.011032100000000000e+07,4.246999999999999886e+02,4.247000122070312500e+02,3.191400146484375000e+02,3.873999999999999773e+02,1.830290000000000000e+07
2.011032800000000000e+07,3.876999999999999886e+02,4.085000000000000000e+02,3.079899902343750000e+02,4.070000000000000000e+02,8.832000000000000000e+06
2.011040400000000000e+07,4.066000000000000227e+02,4.288999938964843750e+02,3.982000122070312500e+02,4.206999999999999886e+02,1.126340000000000000e+07
2.011041100000000000e+07,4.210000000000000000e+02,4.450000000000000000e+02,4.190000000000000000e+02,4.421999999999999886e+02,9.624000000000000000e+06
2.011041800000000000e+07,4.413999999999999773e+02,4.958999938964843750e+02,4.343999938964843750e+02,4.501000000000000227e+02,9.671600000000000000e+06
2.011050900000000000e+07,4.441999999999999886e+02,4.790000000000000000e+02,4.377999877929687500e+02,4.618000000000000114e+02,1.369300000000000000e+07
2.011051600000000000e+07,4.600000000000000000e+02,4.622000122070312500e+02,4.445000000000000000e+02,4.546000000000000227e+02,7.966700000000000000e+06
2.011052300000000000e+07,4.505000000000000000e+02,4.666000061035156250e+02,4.477000122070312500e+02,4.616000000000000227e+02,7.657300000000000000e+06
2.011060600000000000e+07,4.731000000000000227e+02,4.948999938964843750e+02,4.695000000000000000e+02,4.811999999999999886e+02,9.593800000000000000e+06
2.011061300000000000e+07,4.811999999999999886e+02,4.850000000000000000e+02,4.661000061035156250e+02,4.831000000000000227e+02,8.444800000000000000e+06
2.011062000000000000e+07,4.826000000000000227e+02,4.950000000000000000e+02,4.762999877929687500e+02,4.913999999999999773e+02,6.269100000000000000e+06
2.011062700000000000e+07,4.918000000000000114e+02,5.070000000000000000e+02,4.795270080566406250e+02,4.981000000000000227e+02,8.315000000000000000e+06
2.011070400000000000e+07,4.986999999999999886e+02,5.060000000000000000e+02,4.753999938964843750e+02,4.871000000000000227e+02,7.035800000000000000e+06
2.011071100000000000e+07,4.861000000000000227e+02,4.962000122070312500e+02,4.747999877929687500e+02,4.948000000000000114e+02,7.533400000000000000e+06
2.011071800000000000e+07,4.921000000000000227e+02,5.204749755859375000e+02,4.910000000000000000e+02,5.175000000000000000e+02,4.571300000000000000e+06
2.011072500000000000e+07,5.145000000000000000e+02,5.365000000000000000e+02,5.125000000000000000e+02,5.350000000000000000e+02,3.841600000000000000e+06
2.011080100000000000e+07,5.360000000000000000e+02,5.410000000000000000e+02,4.772999877929687500e+02,4.851000000000000227e+02,8.901500000000000000e+06
2.011080800000000000e+07,4.830000000000000000e+02,4.911000061035156250e+02,4.447000122070312500e+02,4.808000000000000114e+02,1.352230000000000000e+07
2.011081500000000000e+07,4.828000000000000114e+02,4.885000000000000000e+02,4.547000122070312500e+02,4.696999999999999886e+02,5.964400000000000000e+06
2.011082200000000000e+07,4.660000000000000000e+02,4.998999938964843750e+02,4.660000000000000000e+02,4.876999999999999886e+02,3.999000000000000000e+06
2.011090500000000000e+07,5.205000000000000000e+02,5.360000000000000000e+02,5.125000000000000000e+02,5.285000000000000000e+02,3.797600000000000000e+06
2.011091200000000000e+07,5.180000000000000000e+02,5.420000000000000000e+02,5.125000000000000000e+02,5.125000000000000000e+02,6.106200000000000000e+06
2.011091900000000000e+07,5.095000000000000000e+02,5.285000000000000000e+02,4.852999877929687500e+02,4.910000000000000000e+02,7.816400000000000000e+06
2.011092600000000000e+07,4.861999999999999886e+02,5.060000000000000000e+02,4.782000122070312500e+02,4.798999999999999773e+02,6.223100000000000000e+06
2.011100300000000000e+07,4.727570000000000050e+02,4.793999938964843750e+02,4.525000000000000000e+02,4.665000000000000000e+02,8.131400000000000000e+06
2.011101000000000000e+07,4.670000000000000000e+02,4.762999877929687500e+02,4.602000122070312500e+02,4.703000000000000114e+02,5.325900000000000000e+06
2.011101700000000000e+07,4.705000000000000000e+02,5.565000000000000000e+02,4.522000122070312500e+02,5.365000000000000000e+02,1.535600000000000000e+07
2.011102400000000000e+07,5.375000000000000000e+02,5.440000000000000000e+02,5.135000000000000000e+02,5.430000000000000000e+02,7.817400000000000000e+06
2.011103100000000000e+07,5.395000000000000000e+02,5.660000000000000000e+02,5.205000000000000000e+02,5.415000000000000000e+02,6.806600000000000000e+06
2.011110700000000000e+07,5.375000000000000000e+02,5.740000000000000000e+02,5.335000000000000000e+02,5.715000000000000000e+02,4.505200000000000000e+06
2.011111400000000000e+07,5.730000000000000000e+02,5.890000000000000000e+02,5.535170288085937500e+02,5.685000000000000000e+02,7.294900000000000000e+06
2.011112100000000000e+07,5.610000000000000000e+02,5.700000000000000000e+02,5.389060058593750000e+02,5.515000000000000000e+02,5.461400000000000000e+06
2.011112800000000000e+07,5.535000000000000000e+02,5.655000000000000000e+02,5.302620239257812500e+02,5.345000000000000000e+02,5.798200000000000000e+06
2.011120500000000000e+07,5.380000000000000000e+02,5.555000000000000000e+02,5.320000000000000000e+02,5.505000000000000000e+02,5.670300000000000000e+06
2.011121200000000000e+07,5.495000000000000000e+02,5.585000000000000000e+02,5.210000000000000000e+02,5.270000000000000000e+02,6.342300000000000000e+06
2.011121900000000000e+07,5.265000000000000000e+02,5.465000000000000000e+02,5.185000000000000000e+02,5.430000000000000000e+02,4.188500000000000000e+06
2.011122600000000000e+07,5.430000000000000000e+02,5.500000000000000000e+02,5.387860107421875000e+02,5.450000000000000000e+02,8.993000000000000000e+05
2.012010200000000000e+07,5.450000000000000000e+02,5.690000000000000000e+02,5.395000000000000000e+02,5.560000000000000000e+02,4.468500000000000000e+06
2.012010900000000000e+07,5.560000000000000000e+02,5.680000000000000000e+02,5.260000000000000000e+02,5.305000000000000000e+02,5.177000000000000000e+06
2.012011600000000000e+07,5.280000000000000000e+02,5.405000000000000000e+02,5.255000000000000000e+02,5.320000000000000000e+02,3.895500000000000000e+06
2.012012300000000000e+07,5.315000000000000000e+02,5.370000000000000000e+02,5.040000000000000000e+02,5.265000000000000000e+02,6.113200000000000000e+06
2.012013000000000000e+07,5.235000000000000000e+02,5.450000000000000000e+02,5.235000000000000000e+02,5.405000000000000000e+02,5.481300000000000000e+06
2.012020600000000000e+07,5.400000000000000000e+02,5.430000000000000000e+02,5.085000000000000000e+02,5.160000000000000000e+02,5.291300000000000000e+06
2.012021300000000000e+07,5.150000000000000000e+02,5.310000000000000000e+02,5.119060058593750000e+02,5.155000000000000000e+02,4.984900000000000000e+06
2.012022000000000000e+07,5.250000000000000000e+02,5.345000000000000000e+02,4.970000000000000000e+02,5.190000000000000000e+02,6.544700000000000000e+06
2.012022700000000000e+07,5.185000000000000000e+02,5.220000000000000000e+02,5.030000000000000000e+02,5.100000000000000000e+02,4.874400000000000000e+06
2.012030500000000000e+07,5.070000000000000000e+02,5.245000000000000000e+02,4.933999938964843750e+02,5.190000000000000000e+02,6.548500000000000000e+06
2.012031200000000000e+07,5.190000000000000000e+02,5.375000000000000000e+02,5.120000000000000000e+02,5.275000000000000000e+02,8.429300000000000000e+06
2.012031900000000000e+07,5.265000000000000000e+02,5.380000000000000000e+02,5.120000000000000000e+02,5.280000000000000000e+02,6.425700000000000000e+06
2.012032600000000000e+07,5.280000000000000000e+02,5.480000000000000000e+02,5.196699829101562500e+02,5.445000000000000000e+02,6.855400000000000000e+06
2.012040200000000000e+07,5.495000000000000000e+02,5.545000000000000000e+02,5.360000000000000000e+02,5.410000000000000000e+02,5.295900000000000000e+06
2.012040900000000000e+07,5.410000000000000000e+02,5.450000000000000000e+02,5.275000000000000000e+02,5.305000000000000000e+02,4.985300000000000000e+06
2.012041600000000000e+07,5.280000000000000000e+02,5.460000000000000000e+02,5.200000000000000000e+02,5.265000000000000000e+02,7.258100000000000000e+06
2.012042300000000000e+07,5.240000000000000000e+02,5.510000000000000000e+02,5.222670288085937500e+02,5.455000000000000000e+02,7.804800000000000000e+06
2.012043000000000000e+07,5.460000000000000000e+02,5.840000000000000000e+02,5.390000000000000000e+02,5.640000000000000000e+02,8.716300000000000000e+06
2.012050700000000000e+07,5.640000000000000000e+02,5.725000000000000000e+02,5.505000000000000000e+02,5.715000000000000000e+02,5.112400000000000000e+06
2.012051400000000000e+07,5.660000000000000000e+02,5.790000000000000000e+02,5.625000000000000000e+02,5.680000000000000000e+02,5.553200000000000000e+06
2.012052100000000000e+07,5.670000000000000000e+02,5.670000000000000000e+02,5.410000000000000000e+02,5.605000000000000000e+02,7.064000000000000000e+06
2.012052800000000000e+07,5.630000000000000000e+02,5.655000000000000000e+02,5.341099853515625000e+02,5.420000000000000000e+02,4.827400000000000000e+06
2.012060400000000000e+07,5.420000000000000000e+02,5.520599975585937500e+02,5.365000000000000000e+02,5.455000000000000000e+02,3.056200000000000000e+06
2.012061100000000000e+07,5.515000000000000000e+02,5.605000000000000000e+02,5.335000000000000000e+02,5.545000000000000000e+02,5.846200000000000000e+06
2.012061800000000000e+07,5.565000000000000000e+02,5.670000000000000000e+02,5.465000000000000000e+02,5.660000000000000000e+02,5.008000000000000000e+06
2.012062500000000000e+07,5.650000000000000000e+02,5.675000000000000000e+02,5.510000000000000000e+02,5.605000000000000000e+02,5.964800000000000000e+06
2.012070200000000000e+07,5.620000000000000000e+02,5.730000000000000000e+02,5.570000000000000000e+02,5.655000000000000000e+02,4.425000000000000000e+06
2.012070900000000000e+07,5.665000000000000000e+02,5.690000000000000000e+02,5.510000000000000000e+02,5.665000000000000000e+02,4.949400000000000000e+06
2.012071600000000000e+07,5.665000000000000000e+02,5.750000000000000000e+02,5.225000000000000000e+02,5.265000000000000000e+02,5.979600000000000000e+06
2.012072300000000000e+07,5.225000000000000000e+02,5.245000000000000000e+02,3.900000000000000000e+02,4.755000000000000000e+02,1.916370000000000000e+07
2.012073000000000000e+07,4.723999999999999773e+02,4.896000061035156250e+02,4.647999877929687500e+02,4.860000000000000000e+02,7.379300000000000000e+06
2.012080600000000000e+07,4.855000000000000000e+02,4.892000122070312500e+02,4.722000122070312500e+02,4.843000000000000114e+02,5.789900000000000000e+06
2.012081300000000000e+07,4.830000000000000000e+02,4.832000122070312500e+02,4.622439880371093750e+02,4.828000000000000114e+02,5.022700000000000000e+06
2.012082000000000000e+07,4.820000000000000000e+02,4.842000122070312500e+02,4.578999938964843750e+02,4.630000000000000000e+02,3.985700000000000000e+06
2.012082700000000000e+07,4.630000000000000000e+02,4.715000000000000000e+02,4.580000000000000000e+02,4.660000000000000000e+02,3.056600000000000000e+06
2.012090300000000000e+07,4.646000000000000227e+02,4.906000061035156250e+02,4.640000000000000000e+02,4.858000000000000114e+02,4.427800000000000000e+06
2.012091000000000000e+07,4.868999999999999773e+02,5.125000000000000000e+02,4.833999938964843750e+02,5.055000000000000000e+02,3.542200000000000000e+06
2.012091700000000000e+07,5.075000000000000000e+02,5.250000000000000000e+02,4.915000000000000000e+02,5.225000000000000000e+02,5.633600000000000000e+06
2.012092400000000000e+07,5.245000000000000000e+02,5.255000000000000000e+02,5.050000000000000000e+02,5.070000000000000000e+02,6.706600000000000000e+06
2.012100100000000000e+07,5.050000000000000000e+02,5.210000000000000000e+02,5.050000000000000000e+02,5.185000000000000000e+02,2.606000000000000000e+06
2.012100800000000000e+07,5.165000000000000000e+02,5.280000000000000000e+02,5.145000000000000000e+02,5.225000000000000000e+02,2.935700000000000000e+06
2.012101500000000000e+07,5.250000000000000000e+02,5.530000000000000000e+02,5.220000000000000000e+02,5.325000000000000000e+02,3.359500000000000000e+06
2.012102200000000000e+07,5.275000000000000000e+02,5.650000000000000000e+02,5.000000000000000000e+02,5.570000000000000000e+02,7.684000000000000000e+06
2.012102900000000000e+07,5.575000000000000000e+02,5.771799926757812500e+02,5.532000122070312500e+02,5.665000000000000000e+02,3.930000000000000000e+06
2.012110500000000000e+07,5.660000000000000000e+02,5.660599975585937500e+02,5.390000000000000000e+02,5.410000000000000000e+02,6.946200000000000000e+06
2.012111200000000000e+07,5.395000000000000000e+02,5.470000000000000000e+02,5.200000000000000000e+02,5.245000000000000000e+02,3.445700000000000000e+06
2.012111900000000000e+07,5.280000000000000000e+02,5.425000000000000000e+02,5.185000000000000000e+02,5.405000000000000000e+02,2.338600000000000000e+06
2.012112600000000000e+07,5.365000000000000000e+02,5.495000000000000000e+02,5.255000000000000000e+02,5.410000000000000000e+02,2.478800000000000000e+06
2.012120300000000000e+07,5.430000000000000000e+02,5.520000000000000000e+02,5.315000000000000000e+02,5.520000000000000000e+02,2.443700000000000000e+06
2.012121000000000000e+07,5.520000000000000000e+02,5.695000000000000000e+02,5.465000000000000000e+02,5.595000000000000000e+02,2.602200000000000000e+06
2.012121700000000000e+07,5.580000000000000000e+02,5.720000000000000000e+02,5.460000000000000000e+02,5.500000000000000000e+02,3.470000000000000000e+06
2.012122400000000000e+07,5.490000000000000000e+02,5.540000000000000000e+02,5.395000000000000000e+02,5.445000000000000000e+02,5.039000000000000000e+05
2.012123100000000000e+07,5.435000000000000000e+02,5.625000000000000000e+02,5.387399902343750000e+02,5.600000000000000000e+02,1.628100000000000000e+06
2.013010700000000000e+07,5.595000000000000000e+02,5.710000000000000000e+02,5.555000000000000000e+02,5.625000000000000000e+02,2.036700000000000000e+06
2.013011400000000000e+07,5.640000000000000000e+02,5.645000000000000000e+02,5.465000000000000000e+02,5.625000000000000000e+02,2.363400000000000000e+06
2.013012100000000000e+07,5.625000000000000000e+02,5.970000000000000000e+02,5.605000000000000000e+02,5.875000000000000000e+02,2.503700000000000000e+06
2.013012800000000000e+07,5.900000000000000000e+02,6.055000000000000000e+02,5.800000000000000000e+02,5.975000000000000000e+02,3.468300000000000000e+06
2.013020400000000000e+07,6.000000000000000000e+02,6.250000000000000000e+02,5.965000000000000000e+02,6.145000000000000000e+02,2.870400000000000000e+06
2.013021100000000000e+07,6.180000000000000000e+02,6.200000000000000000e+02,5.890000000000000000e+02,6.090000000000000000e+02,2.767800000000000000e+06
2.013021800000000000e+07,6.070000000000000000e+02,6.605000000000000000e+02,6.030000000000000000e+02,6.320000000000000000e+02,5.111500000000000000e+06
2.013022500000000000e+07,6.330000000000000000e+02,6.356849975585937500e+02,6.085000000000000000e+02,6.160000000000000000e+02,5.119400000000000000e+06
2.013030400000000000e+07,6.120000000000000000e+02,6.390000000000000000e+02,6.120000000000000000e+02,6.220000000000000000e+02,3.876900000000000000e+06
2.013031100000000000e+07,6.195000000000000000e+02,6.225000000000000000e+02,5.805000000000000000e+02,5.805000000000000000e+02,7.577000000000000000e+06
2.013031800000000000e+07,5.800000000000000000e+02,6.359400024414062500e+02,5.780189819335937500e+02,6.270000000000000000e+02,6.737200000000000000e+06
2.013032500000000000e+07,6.200000000000000000e+02,6.225000000000000000e+02,6.015000000000000000e+02,6.115000000000000000e+02,3.328400000000000000e+06
2.013040100000000000e+07,6.115000000000000000e+02,6.405780029296875000e+02,6.085000000000000000e+02,6.215000000000000000e+02,2.440900000000000000e+06
2.013040800000000000e+07,6.250000000000000000e+02,6.320000000000000000e+02,6.145000000000000000e+02,6.250000000000000000e+02,2.832300000000000000e+06
2.013041500000000000e+07,6.280000000000000000e+02,6.309600219726562500e+02,6.050000000000000000e+02,6.095000000000000000e+02,3.359400000000000000e+06
2.013042200000000000e+07,6.125000000000000000e+02,6.205000000000000000e+02,5.850000000000000000e+02,6.160000000000000000e+02,4.087700000000000000e+06
2.013042900000000000e+07,6.155000000000000000e+02,6.230000000000000000e+02,6.085000000000000000e+02,6.190000000000000000e+02,2.890800000000000000e+06
2.013050600000000000e+07,6.190000000000000000e+02,6.212849731445312500e+02,5.955000000000000000e+02,6.065000000000000000e+02,2.526200000000000000e+06
2.013051300000000000e+07,6.050000000000000000e+02,6.080000000000000000e+02,5.685000000000000000e+02,5.785000000000000000e+02,3.417000000000000000e+06
2.013052000000000000e+07,5.895000000000000000e+02,6.030000000000000000e+02,5.735000000000000000e+02,5.790000000000000000e+02,3.710300000000000000e+06
2.013052700000000000e+07,5.790000000000000000e+02,5.920000000000000000e+02,5.635000000000000000e+02,5.725000000000000000e+02,2.274700000000000000e+06
2.013060300000000000e+07,5.705000000000000000e+02,5.735000000000000000e+02,5.460000000000000000e+02,5.585000000000000000e+02,3.166300000000000000e+06
2.013061000000000000e+07,5.550000000000000000e+02,5.615000000000000000e+02,5.400000000000000000e+02,5.495000000000000000e+02,3.516800000000000000e+06
2.013061700000000000e+07,5.505000000000000000e+02,5.580000000000000000e+02,5.355000000000000000e+02,5.375000000000000000e+02,3.590800000000000000e+06
2.013062400000000000e+07,5.455000000000000000e+02,5.855000000000000000e+02,5.275000000000000000e+02,5.825000000000000000e+02,5.206900000000000000e+06
2.013070100000000000e+07,5.845000000000000000e+02,6.245000000000000000e+02,5.805000000000000000e+02,6.140000000000000000e+02,3.585500000000000000e+06
2.013070800000000000e+07,6.190000000000000000e+02,6.310000000000000000e+02,6.035000000000000000e+02,6.100000000000000000e+02,2.798000000000000000e+06
2.013071500000000000e+07,6.095000000000000000e+02,6.520000000000000000e+02,6.055000000000000000e+02,6.515000000000000000e+02,3.434200000000000000e+06
2.013072200000000000e+07,6.515000000000000000e+02,6.635000000000000000e+02,6.395000000000000000e+02,6.455000000000000000e+02,3.471300000000000000e+06
2.013072900000000000e+07,6.405000000000000000e+02,6.560000000000000000e+02,6.271400146484375000e+02,6.535000000000000000e+02,3.797500000000000000e+06
2.013080500000000000e+07,6.710000000000000000e+02,6.820000000000000000e+02,6.635000000000000000e+02,6.775000000000000000e+02,3.929500000000000000e+06
2.013081200000000000e+07,6.760000000000000000e+02,6.875000000000000000e+02,6.595000000000000000e+02,6.610000000000000000e+02,3.726200000000000000e+06
2.013081900000000000e+07,6.630000000000000000e+02,6.885000000000000000e+02,6.560000000000000000e+02,6.860000000000000000e+02,2.601200000000000000e+06
2.013082600000000000e+07,6.860000000000000000e+02,7.045000000000000000e+02,6.770000000000000000e+02,6.980000000000000000e+02,3.149100000000000000e+06
2.013090200000000000e+07,7.005000000000000000e+02,7.220000000000000000e+02,6.960000000000000000e+02,7.165000000000000000e+02,3.576100000000000000e+06
2.013090900000000000e+07,7.160000000000000000e+02,7.200000000000000000e+02,6.895000000000000000e+02,6.910000000000000000e+02,3.747200000000000000e+06
2.013091600000000000e+07,6.920000000000000000e+02,7.000000000000000000e+02,6.802500000000000000e+02,6.860000000000000000e+02,4.418900000000000000e+06
2.013092300000000000e+07,6.860000000000000000e+02,6.950000000000000000e+02,6.741199951171875000e+02,6.900000000000000000e+02,4.038000000000000000e+06
2.013093000000000000e+07,6.750000000000000000e+02,6.895000000000000000e+02,6.728900146484375000e+02,6.755000000000000000e+02,4.305400000000000000e+06
2.013100700000000000e+07,6.755000000000000000e+02,6.770000000000000000e+02,6.485000000000000000e+02,6.500000000000000000e+02,3.061200000000000000e+06
2.013101400000000000e+07,6.470000000000000000e+02,6.635000000000000000e+02,6.240000000000000000e+02,6.470000000000000000e+02,6.923900000000000000e+06
2.013102100000000000e+07,6.465000000000000000e+02,6.735000000000000000e+02,6.465000000000000000e+02,6.715000000000000000e+02,3.881100000000000000e+06
2.013102800000000000e+07,6.715000000000000000e+02,6.745000000000000000e+02,6.270000000000000000e+02,6.415000000000000000e+02,4.399600000000000000e+06
2.013110400000000000e+07,6.445000000000000000e+02,6.530000000000000000e+02,6.255000000000000000e+02,6.305000000000000000e+02,3.114900000000000000e+06
2.013111100000000000e+07,6.295000000000000000e+02,6.800000000000000000e+02,6.265000000000000000e+02,6.625000000000000000e+02,4.642200000000000000e+06
2.013111800000000000e+07,6.680000000000000000e+02,6.915000000000000000e+02,6.615000000000000000e+02,6.835000000000000000e+02,3.226900000000000000e+06
2.013112500000000000e+07,6.870000000000000000e+02,6.975000000000000000e+02,6.839000244140625000e+02,6.915000000000000000e+02,2.770100000000000000e+06
2.013120200000000000e+07,6.910000000000000000e+02,7.990000000000000000e+02,6.830000000000000000e+02,7.645000000000000000e+02,6.947800000000000000e+06
2.013120900000000000e+07,7.660000000000000000e+02,7.965000000000000000e+02,7.640000000000000000e+02,7.785000000000000000e+02,3.500700000000000000e+06
2.013121600000000000e+07,7.780000000000000000e+02,8.045000000000000000e+02,7.687999877929687500e+02,7.890000000000000000e+02,4.570800000000000000e+06
2.013122300000000000e+07,7.900000000000000000e+02,8.020000000000000000e+02,7.820000000000000000e+02,7.985000000000000000e+02,7.162000000000000000e+05
2.013123000000000000e+07,7.970000000000000000e+02,8.050000000000000000e+02,7.900000000000000000e+02,8.000000000000000000e+02,1.315100000000000000e+06
2.014010600000000000e+07,8.025000000000000000e+02,8.230000000000000000e+02,7.780000000000000000e+02,8.200000000000000000e+02,3.087500000000000000e+06
2.014011300000000000e+07,8.175000000000000000e+02,8.240000000000000000e+02,8.070000000000000000e+02,8.115000000000000000e+02,3.036800000000000000e+06
2.014012000000000000e+07,8.075000000000000000e+02,8.150000000000000000e+02,7.914429931640625000e+02,8.005000000000000000e+02,2.457300000000000000e+06
2.014012700000000000e+07,8.010000000000000000e+02,8.295000000000000000e+02,7.835000000000000000e+02,8.125000000000000000e+02,4.052400000000000000e+06
2.014020300000000000e+07,8.105000000000000000e+02,8.240000000000000000e+02,7.815000000000000000e+02,7.950000000000000000e+02,3.564600000000000000e+06
2.014021000000000000e+07,7.945000000000000000e+02,8.080000000000000000e+02,7.510000000000000000e+02,7.950000000000000000e+02,3.478300000000000000e+06
2.014021700000000000e+07,7.950000000000000000e+02,8.210000000000000000e+02,7.820000000000000000e+02,8.110000000000000000e+02,4.393800000000000000e+06
2.014022400000000000e+07,8.065000000000000000e+02,8.160000000000000000e+02,7.950000000000000000e+02,8.060000000000000000e+02,4.422700000000000000e+06
2.014030300000000000e+07,8.025000000000000000e+02,8.285000000000000000e+02,7.954000244140625000e+02,8.120000000000000000e+02,5.071300000000000000e+06
2.014031000000000000e+07,8.110000000000000000e+02,8.135000000000000000e+02,7.545000000000000000e+02,7.710000000000000000e+02,6.276000000000000000e+06
2.014031700000000000e+07,7.700000000000000000e+02,7.985000000000000000e+02,7.650000000000000000e+02,7.705000000000000000e+02,5.853100000000000000e+06
2.014032400000000000e+07,7.710000000000000000e+02,7.715000000000000000e+02,7.460000000000000000e+02,7.650000000000000000e+02,4.215800000000000000e+06
2.014033100000000000e+07,7.660000000000000000e+02,7.800000000000000000e+02,7.385000000000000000e+02,7.425000000000000000e+02,6.362000000000000000e+06
2.014040700000000000e+07,7.360000000000000000e+02,7.565000000000000000e+02,7.265000000000000000e+02,7.400000000000000000e+02,5.486400000000000000e+06
2.014041400000000000e+07,7.350000000000000000e+02,7.595000000000000000e+02,7.255000000000000000e+02,7.530000000000000000e+02,3.603200000000000000e+06
2.014042100000000000e+07,7.530000000000000000e+02,7.600000000000000000e+02,6.505000000000000000e+02,6.605000000000000000e+02,9.534900000000000000e+06
2.014042800000000000e+07,6.755000000000000000e+02,6.855000000000000000e+02,6.565000000000000000e+02,6.840000000000000000e+02,7.138000000000000000e+06
2.014050500000000000e+07,6.840000000000000000e+02,6.910000000000000000e+02,6.410000000000000000e+02,6.600000000000000000e+02,5.675500000000000000e+06
2.014051200000000000e+07,6.630000000000000000e+02,6.640000000000000000e+02,6.030000000000000000e+02,6.085000000000000000e+02,9.799100000000000000e+06
2.014051900000000000e+07,6.110000000000000000e+02,6.145000000000000000e+02,5.835000000000000000e+02,6.070000000000000000e+02,1.000810000000000000e+07
2.014052600000000000e+07,6.070000000000000000e+02,6.405000000000000000e+02,6.070000000000000000e+02,6.290000000000000000e+02,5.039500000000000000e+06
2.014060200000000000e+07,6.290000000000000000e+02,6.435000000000000000e+02,6.265000000000000000e+02,6.365000000000000000e+02,4.342700000000000000e+06
2.014060900000000000e+07,6.360000000000000000e+02,6.445000000000000000e+02,6.245000000000000000e+02,6.290000000000000000e+02,3.176000000000000000e+06
2.014061600000000000e+07,6.260000000000000000e+02,6.460000000000000000e+02,6.185000000000000000e+02,6.450000000000000000e+02,4.549300000000000000e+06
2.014062300000000000e+07,6.435000000000000000e+02,6.455000000000000000e+02,6.290000000000000000e+02,6.395000000000000000e+02,3.601100000000000000e+06
2.014063000000000000e+07,6.380000000000000000e+02,6.940000000000000000e+02,6.360000000000000000e+02,6.905000000000000000e+02,6.731800000000000000e+06
2.014070700000000000e+07,6.870000000000000000e+02,6.885000000000000000e+02,6.750000000000000000e+02,6.800000000000000000e+02,6.670500000000000000e+06
2.014071400000000000e+07,6.830000000000000000e+02,7.325000000000000000e+02,6.805000000000000000e+02,7.000000000000000000e+02,6.566300000000000000e+06
2.014072100000000000e+07,7.005000000000000000e+02,7.230000000000000000e+02,6.680000000000000000e+02,6.685000000000000000e+02,5.832000000000000000e+06
2.014072800000000000e+07,6.690000000000000000e+02,7.135000000000000000e+02,6.640000000000000000e+02,6.885000000000000000e+02,5.672900000000000000e+06
2.014080400000000000e+07,6.885000000000000000e+02,7.410000000000000000e+02,6.275000000000000000e+02,6.510000000000000000e+02,1.077070000000000000e+07
2.014081100000000000e+07,6.495000000000000000e+02,6.520000000000000000e+02,6.299849853515625000e+02,6.390000000000000000e+02,5.939800000000000000e+06
2.014081800000000000e+07,6.425000000000000000e+02,6.470000000000000000e+02,6.280000000000000000e+02,6.360000000000000000e+02,3.150100000000000000e+06
2.014082500000000000e+07,6.360000000000000000e+02,6.430000000000000000e+02,6.215000000000000000e+02,6.275000000000000000e+02,2.573000000000000000e+06
2.014090100000000000e+07,6.260000000000000000e+02,6.470000000000000000e+02,6.255000000000000000e+02,6.435000000000000000e+02,2.922500000000000000e+06
2.014090800000000000e+07,6.415000000000000000e+02,6.640000000000000000e+02,6.395000000000000000e+02,6.545000000000000000e+02,4.828300000000000000e+06
2.014091500000000000e+07,6.525000000000000000e+02,6.539749755859375000e+02,6.330000000000000000e+02,6.440000000000000000e+02,4.015700000000000000e+06
2.014092200000000000e+07,6.390000000000000000e+02,6.485000000000000000e+02,6.330000000000000000e+02,6.395000000000000000e+02,3.704000000000000000e+06
2.014092900000000000e+07,6.380000000000000000e+02,6.495000000000000000e+02,6.150000000000000000e+02,6.185000000000000000e+02,4.364700000000000000e+06
2.014100600000000000e+07,6.200000000000000000e+02,6.320000000000000000e+02,6.035000000000000000e+02,6.110000000000000000e+02,3.074400000000000000e+06
2.014101300000000000e+07,6.075000000000000000e+02,6.105000000000000000e+02,5.680000000000000000e+02,5.870000000000000000e+02,4.141900000000000000e+06
2.014102000000000000e+07,5.880000000000000000e+02,6.010000000000000000e+02,5.835000000000000000e+02,5.895000000000000000e+02,3.705600000000000000e+06
2.014102700000000000e+07,5.915000000000000000e+02,5.985000000000000000e+02,5.765000000000000000e+02,5.945000000000000000e+02,4.507200000000000000e+06
2.014110300000000000e+07,5.945000000000000000e+02,5.951079711914062500e+02,5.725000000000000000e+02,5.730000000000000000e+02,2.885200000000000000e+06
2.014111000000000000e+07,5.770000000000000000e+02,5.920000000000000000e+02,5.710000000000000000e+02,5.835000000000000000e+02,3.305100000000000000e+06
2.014111700000000000e+07,5.795000000000000000e+02,6.060000000000000000e+02,5.750000000000000000e+02,5.965000000000000000e+02,3.880100000000000000e+06
2.014112400000000000e+07,5.935000000000000000e+02,6.120000000000000000e+02,5.870000000000000000e+02,6.095000000000000000e+02,2.389100000000000000e+06
2.014120100000000000e+07,6.045000000000000000e+02,6.135000000000000000e+02,5.755000000000000000e+02,5.835000000000000000e+02,3.702200000000000000e+06
2.014120800000000000e+07,5.805000000000000000e+02,5.840200195312500000e+02,4.887000122070312500e+02,5.085000000000000000e+02,5.254200000000000000e+06
2.014121500000000000e+07,5.015000000000000000e+02,5.083099975585937500e+02,4.331000061035156250e+02,4.410000000000000000e+02,1.106910000000000000e+07
2.014122200000000000e+07,4.431999999999999886e+02,4.573999938964843750e+02,4.367999877929687500e+02,4.520000000000000000e+02,2.178800000000000000e+06
2.014122900000000000e+07,4.493000000000000114e+02,4.631000061035156250e+02,4.481000061035156250e+02,4.545000000000000000e+02,2.471100000000000000e+06
2.015010500000000000e+07,4.500000000000000000e+02,4.542879943847656250e+02,3.738999938964843750e+02,3.785000000000000000e+02,1.118220000000000000e+07
2.015011200000000000e+07,3.808999999999999773e+02,3.827900085449218750e+02,3.528999938964843750e+02,3.580000000000000000e+02,1.688820000000000000e+07
2.015011900000000000e+07,3.621999999999999886e+02,3.786000061035156250e+02,3.483710021972656250e+02,3.746000000000000227e+02,1.423550000000000000e+07
2.015012600000000000e+07,3.696000000000000227e+02,3.766000061035156250e+02,3.592000122070312500e+02,3.605000000000000000e+02,1.454640000000000000e+07
2.015020200000000000e+07,3.596000000000000227e+02,3.857999877929687500e+02,3.572999877929687500e+02,3.833000000000000114e+02,1.150070000000000000e+07
2.015020900000000000e+07,3.826999999999999886e+02,4.262000122070312500e+02,3.791000061035156250e+02,4.221000000000000227e+02,1.770520000000000000e+07
2.015021600000000000e+07,4.200000000000000000e+02,4.262999877929687500e+02,3.976300048828125000e+02,4.060000000000000000e+02,2.449840000000000000e+07
2.015022300000000000e+07,4.081000000000000227e+02,4.512999877929687500e+02,3.857669982910156250e+02,4.136000000000000227e+02,2.895570000000000000e+07
2.015030200000000000e+07,4.088000000000000114e+02,4.127999877929687500e+02,3.922999877929687500e+02,3.951000000000000227e+02,1.527850000000000000e+07
2.015030900000000000e+07,3.938000000000000114e+02,4.002000122070312500e+02,3.712000122070312500e+02,3.773000000000000114e+02,1.268630000000000000e+07
2.015031600000000000e+07,3.761999999999999886e+02,3.806000061035156250e+02,3.573999938964843750e+02,3.791999999999999886e+02,1.151570000000000000e+07
2.015032300000000000e+07,3.793999999999999773e+02,3.970000000000000000e+02,3.652999877929687500e+02,3.683000000000000114e+02,8.119500000000000000e+06
2.015033000000000000e+07,3.700000000000000000e+02,3.727999877929687500e+02,3.473999938964843750e+02,3.588999999999999773e+02,8.614300000000000000e+06
2.015040600000000000e+07,3.588999999999999773e+02,4.146000061035156250e+02,3.588999938964843750e+02,3.955000000000000000e+02,1.229250000000000000e+07
2.015041300000000000e+07,3.935000000000000000e+02,4.352999877929687500e+02,3.932000122070312500e+02,4.058000000000000114e+02,1.239740000000000000e+07
2.015042000000000000e+07,4.053000000000000114e+02,4.083999938964843750e+02,3.872999877929687500e+02,3.996000000000000227e+02,9.448000000000000000e+06
2.015042700000000000e+07,3.940000000000000000e+02,4.132999877929687500e+02,3.872000122070312500e+02,4.041999999999999886e+02,1.318800000000000000e+07
2.015050400000000000e+07,4.041999999999999886e+02,4.263999938964843750e+02,3.936000061035156250e+02,4.150000000000000000e+02,1.112910000000000000e+07
2.015051100000000000e+07,4.130000000000000000e+02,4.358999938964843750e+02,4.052000122070312500e+02,4.148999999999999773e+02,7.956200000000000000e+06
2.015051800000000000e+07,4.121000000000000227e+02,4.255000000000000000e+02,3.962000122070312500e+02,3.993999999999999773e+02,7.774000000000000000e+06
2.015052500000000000e+07,3.993999999999999773e+02,4.013999938964843750e+02,3.926000061035156250e+02,3.953999999999999773e+02,6.047300000000000000e+06
2.015060100000000000e+07,3.953000000000000114e+02,3.967000122070312500e+02,3.727999877929687500e+02,3.755000000000000000e+02,6.990000000000000000e+06
2.015060800000000000e+07,3.783000000000000114e+02,3.816000061035156250e+02,3.687000122070312500e+02,3.760000000000000000e+02,5.703600000000000000e+06
2.015061500000000000e+07,3.741999999999999886e+02,3.756000061035156250e+02,3.562000122070312500e+02,3.595000000000000000e+02,7.704300000000000000e+06
2.015062200000000000e+07,3.670000000000000000e+02,3.730000000000000000e+02,3.600000000000000000e+02,3.660000000000000000e+02,7.643300000000000000e+06
2.015062900000000000e+07,3.578000000000000114e+02,3.646000061035156250e+02,3.482000122070312500e+02,3.568000000000000114e+02,7.067000000000000000e+06
2.015070600000000000e+07,3.538000000000000114e+02,3.592999877929687500e+02,2.473999938964843750e+02,2.670000000000000000e+02,2.287520000000000000e+07
2.015071300000000000e+07,2.678000000000000114e+02,2.692000122070312500e+02,2.460000000000000000e+02,2.568000000000000114e+02,1.087100000000000000e+07
2.015072000000000000e+07,2.616000000000000227e+02,2.766000061035156250e+02,2.533999938964843750e+02,2.546999999999999886e+02,9.174100000000000000e+06
2.015072700000000000e+07,2.595000000000000000e+02,2.997999877929687500e+02,2.478000030517578125e+02,2.983000000000000114e+02,1.275270000000000000e+07
2.015080300000000000e+07,2.963999999999999773e+02,3.283999938964843750e+02,2.959299926757812500e+02,3.188999999999999773e+02,1.016810000000000000e+07
2.015081000000000000e+07,3.198999999999999773e+02,3.352000122070312500e+02,3.086000061035156250e+02,3.113000000000000114e+02,8.494500000000000000e+06
2.015081700000000000e+07,3.131999999999999886e+02,3.187000122070312500e+02,2.778999938964843750e+02,2.873000000000000114e+02,8.856300000000000000e+06
2.015082400000000000e+07,2.833999999999999773e+02,2.932000122070312500e+02,2.682000122070312500e+02,2.926000000000000227e+02,8.736900000000000000e+06
2.015083100000000000e+07,2.926000000000000227e+02,2.926000061035156250e+02,2.668999938964843750e+02,2.746000000000000227e+02,7.999700000000000000e+06
2.015090700000000000e+07,2.773000000000000114e+02,2.797000122070312500e+02,2.548999938964843750e+02,2.596999999999999886e+02,8.384200000000000000e+06
2.015091400000000000e+07,2.595000000000000000e+02,2.792000122070312500e+02,2.585000000000000000e+02,2.791999999999999886e+02,1.056990000000000000e+07
2.015092100000000000e+07,2.766000000000000227e+02,2.807000122070312500e+02,2.370769958496093750e+02,2.425999999999999943e+02,8.177000000000000000e+06
2.015092800000000000e+07,2.420999999999999943e+02,2.576000061035156250e+02,2.301000061035156250e+02,2.513000000000000114e+02,8.765200000000000000e+06
2.015100500000000000e+07,2.550000000000000000e+02,2.897000122070312500e+02,2.478999938964843750e+02,2.851999999999999886e+02,1.106140000000000000e+07
2.015101200000000000e+07,2.865000000000000000e+02,2.942999877929687500e+02,2.736000061035156250e+02,2.803000000000000114e+02,6.865400000000000000e+06
2.015101900000000000e+07,2.781999999999999886e+02,2.912999877929687500e+02,2.662000122070312500e+02,2.833000000000000114e+02,7.399200000000000000e+06
2.015102600000000000e+07,2.816999999999999886e+02,2.846199951171875000e+02,2.533399963378906250e+02,2.606000000000000227e+02,1.014570000000000000e+07
2.015110200000000000e+07,2.576999999999999886e+02,2.893999938964843750e+02,2.577000122070312500e+02,2.716999999999999886e+02,1.066090000000000000e+07
2.015110900000000000e+07,2.701999999999999886e+02,2.770000000000000000e+02,2.245000000000000000e+02,2.310999999999999943e+02,9.768200000000000000e+06
2.015111600000000000e+07,2.296999999999999886e+02,2.362799987792968750e+02,2.133999938964843750e+02,2.340000000000000000e+02,9.385600000000000000e+06
2.015112300000000000e+07,2.320000000000000000e+02,2.481000061035156250e+02,2.276000061035156250e+02,2.340000000000000000e+02,6.407700000000000000e+06
2.015113000000000000e+07,2.320999999999999943e+02,2.650000000000000000e+02,2.185000000000000000e+02,2.298000000000000114e+02,1.443120000000000000e+07
2.015120700000000000e+07,2.331999999999999886e+02,2.331999969482421875e+02,2.086999969482421875e+02,2.120999999999999943e+02,8.222800000000000000e+06
2.015121400000000000e+07,2.201999999999999886e+02,2.358999938964843750e+02,2.056000061035156250e+02,2.205999999999999943e+02,1.325410000000000000e+07
2.015122100000000000e+07,2.211999999999999886e+02,2.546000061035156250e+02,2.186790008544921875e+02,2.523000000000000114e+02,4.519300000000000000e+06
2.015122800000000000e+07,2.523000000000000114e+02,2.571000061035156250e+02,2.303999938964843750e+02,2.314000000000000057e+02,4.458900000000000000e+06
2.016010400000000000e+07,2.400000000000000000e+02,2.431799926757812500e+02,2.118000030517578125e+02,2.134000000000000057e+02,1.243590000000000000e+07
2.016011100000000000e+07,2.123000000000000114e+02,2.243000030517578125e+02,2.090000000000000000e+02,2.118000000000000114e+02,1.146630000000000000e+07
2.016011800000000000e+07,2.115999999999999943e+02,2.356999969482421875e+02,2.051000061035156250e+02,2.320999999999999943e+02,9.300300000000000000e+06
2.016012500000000000e+07,2.350999999999999943e+02,2.600000000000000000e+02,2.168000030517578125e+02,2.524000000000000057e+02,9.784000000000000000e+06
2.016020100000000000e+07,2.528000000000000114e+02,2.687000122070312500e+02,2.451999969482421875e+02,2.641999999999999886e+02,8.821200000000000000e+06
2.016020800000000000e+07,2.625000000000000000e+02,2.642999877929687500e+02,2.113000030517578125e+02,2.274000000000000057e+02,1.030410000000000000e+07
2.016021500000000000e+07,2.323000000000000114e+02,2.481000061035156250e+02,2.296000061035156250e+02,2.413000000000000114e+02,6.536500000000000000e+06
2.016022200000000000e+07,2.415999999999999943e+02,2.618999938964843750e+02,2.220000000000000000e+02,2.314000000000000057e+02,8.162500000000000000e+06
