2.006061900000000000e+07,1.365000000000000000e+02,1.365000000000000000e+02,1.365000000000000000e+02,1.365000000000000000e+02,0.000000000000000000e+00
2.006062600000000000e+07,1.365000000000000000e+02,1.365000000000000000e+02,1.365000000000000000e+02,1.365000000000000000e+02,0.000000000000000000e+00
2.006070300000000000e+07,1.365000000000000000e+02,1.365000000000000000e+02,1.365000000000000000e+02,1.365000000000000000e+02,0.000000000000000000e+00
2.006071000000000000e+07,1.365000000000000000e+02,1.365000000000000000e+02,1.365000000000000000e+02,1.365000000000000000e+02,0.000000000000000000e+00
2.006071700000000000e+07,1.365000000000000000e+02,1.365000000000000000e+02,1.365000000000000000e+02,1.365000000000000000e+02,0.000000000000000000e+00
2.006072400000000000e+07,1.365000000000000000e+02,1.385010070800781250e+02,1.350000000000000000e+02,1.385010000000000048e+02,0.000000000000000000e+00
2.006073100000000000e+07,1.385010000000000048e+02,1.385010070800781250e+02,1.385010070800781250e+02,1.385010000000000048e+02,0.000000000000000000e+00
2.006080700000000000e+07,1.385010000000000048e+02,1.385010070800781250e+02,1.385010070800781250e+02,1.385010000000000048e+02,0.000000000000000000e+00
2.006081400000000000e+07,1.385010000000000048e+02,1.385010070800781250e+02,1.350000000000000000e+02,1.365000000000000000e+02,0.000000000000000000e+00
2.006082100000000000e+07,1.365000000000000000e+02,1.365000000000000000e+02,1.365000000000000000e+02,1.365000000000000000e+02,0.000000000000000000e+00
2.006082800000000000e+07,1.365000000000000000e+02,1.365000000000000000e+02,1.365000000000000000e+02,1.365000000000000000e+02,0.000000000000000000e+00
2.006090400000000000e+07,1.365000000000000000e+02,1.400010070800781250e+02,1.320000000000000000e+02,1.385010000000000048e+02,9.560000000000000000e+04
2.006091100000000000e+07,1.385010000000000048e+02,1.419989929199218750e+02,1.385010070800781250e+02,1.385010000000000048e+02,6.100000000000000000e+03
2.006091800000000000e+07,1.385010000000000048e+02,1.419989929199218750e+02,1.385010070800781250e+02,1.385010000000000048e+02,1.800000000000000000e+04
2.006092500000000000e+07,1.385010000000000048e+02,1.470000000000000000e+02,1.385010070800781250e+02,1.464989999999999952e+02,6.460000000000000000e+04
2.006100200000000000e+07,1.464989999999999952e+02,1.464989929199218750e+02,1.430010070800781250e+02,1.464989999999999952e+02,1.500000000000000000e+04
2.006100900000000000e+07,1.464989999999999952e+02,1.464989929199218750e+02,1.464989929199218750e+02,1.464989999999999952e+02,0.000000000000000000e+00
2.006101600000000000e+07,1.464989999999999952e+02,1.500000000000000000e+02,1.464989929199218750e+02,1.464989999999999952e+02,9.000000000000000000e+02
2.006102300000000000e+07,1.464989999999999952e+02,1.500000000000000000e+02,1.464989929199218750e+02,1.464989999999999952e+02,1.500000000000000000e+03
2.006103000000000000e+07,1.464989999999999952e+02,1.500000000000000000e+02,1.430010070800781250e+02,1.464989999999999952e+02,1.340000000000000000e+04
2.006110600000000000e+07,1.464989999999999952e+02,1.464989929199218750e+02,1.430010070800781250e+02,1.464989999999999952e+02,9.000000000000000000e+02
2.006111300000000000e+07,1.464989999999999952e+02,1.464989929199218750e+02,1.464989929199218750e+02,1.464989999999999952e+02,0.000000000000000000e+00
2.006112000000000000e+07,1.464989999999999952e+02,1.500000000000000000e+02,1.464989929199218750e+02,1.464989999999999952e+02,7.100000000000000000e+03
2.006112700000000000e+07,1.464989999999999952e+02,1.464989929199218750e+02,1.419989929199218750e+02,1.464989999999999952e+02,0.000000000000000000e+00
2.006120400000000000e+07,1.464989999999999952e+02,1.464989929199218750e+02,1.464989929199218750e+02,1.464989999999999952e+02,0.000000000000000000e+00
2.006121100000000000e+07,1.464989999999999952e+02,1.500000000000000000e+02,1.464989929199218750e+02,1.464989999999999952e+02,0.000000000000000000e+00
2.006121800000000000e+07,1.464989999999999952e+02,1.500000000000000000e+02,1.464989929199218750e+02,1.464989999999999952e+02,9.000000000000000000e+03
2.006122500000000000e+07,1.464989999999999952e+02,1.464989929199218750e+02,1.464989929199218750e+02,1.464989999999999952e+02,0.000000000000000000e+00
2.007010100000000000e+07,1.464989999999999952e+02,1.500000000000000000e+02,1.430010070800781250e+02,1.464989999999999952e+02,1.290000000000000000e+04
2.007010800000000000e+07,1.464989999999999952e+02,1.500000000000000000e+02,1.464989929199218750e+02,1.464989999999999952e+02,3.000000000000000000e+03
2.007011500000000000e+07,1.464989999999999952e+02,1.500000000000000000e+02,1.380000000000000000e+02,1.415010000000000048e+02,3.070000000000000000e+04
2.007012200000000000e+07,1.415010000000000048e+02,1.415010070800781250e+02,1.415010070800781250e+02,1.415010000000000048e+02,0.000000000000000000e+00
2.007012900000000000e+07,1.415010000000000048e+02,1.500000000000000000e+02,1.370010070800781250e+02,1.385010000000000048e+02,6.660000000000000000e+04
2.007020500000000000e+07,1.385010000000000048e+02,1.569989929199218750e+02,1.350000000000000000e+02,1.535010000000000048e+02,4.290000000000000000e+04
2.007021200000000000e+07,1.535010000000000048e+02,1.569989929199218750e+02,1.500000000000000000e+02,1.550010000000000048e+02,1.090000000000000000e+04
2.007021900000000000e+07,1.550010000000000048e+02,1.599989929199218750e+02,1.449989929199218750e+02,1.449989999999999952e+02,1.570000000000000000e+04
2.007022600000000000e+07,1.449989999999999952e+02,1.449989929199218750e+02,1.400010070800781250e+02,1.400010000000000048e+02,0.000000000000000000e+00
2.007030500000000000e+07,1.400010000000000048e+02,1.550010070800781250e+02,1.400010070800781250e+02,1.400010000000000048e+02,3.000000000000000000e+03
2.007031200000000000e+07,1.400010000000000048e+02,1.550010070800781250e+02,1.400010070800781250e+02,1.400010000000000048e+02,1.200000000000000000e+04
2.007031900000000000e+07,1.400010000000000048e+02,1.500000000000000000e+02,1.200000000000000000e+02,1.350000000000000000e+02,0.000000000000000000e+00
2.007032600000000000e+07,1.350000000000000000e+02,1.500000000000000000e+02,1.299989929199218750e+02,1.299989999999999952e+02,1.800000000000000000e+03
2.007040200000000000e+07,1.299989999999999952e+02,1.299989929199218750e+02,1.299989929199218750e+02,1.299989999999999952e+02,0.000000000000000000e+00
2.007040900000000000e+07,1.299989999999999952e+02,1.449989929199218750e+02,1.250009994506835938e+02,1.250010000000000048e+02,1.610000000000000000e+04
2.007041600000000000e+07,1.425000000000000000e+02,1.700010070800781250e+02,1.299989929199218750e+02,1.575000000000000000e+02,4.680000000000000000e+04
2.007042300000000000e+07,1.575000000000000000e+02,1.700010070800781250e+02,1.500000000000000000e+02,1.625010000000000048e+02,1.617000000000000000e+05
2.007043000000000000e+07,1.625010000000000048e+02,1.800000000000000000e+02,1.625010070800781250e+02,1.725000000000000000e+02,1.415400000000000000e+06
2.007050700000000000e+07,1.725000000000000000e+02,1.899989929199218750e+02,1.710000000000000000e+02,1.824989999999999952e+02,4.680000000000000000e+04
2.007051400000000000e+07,1.824989999999999952e+02,1.899989929199218750e+02,1.770000000000000000e+02,1.824989999999999952e+02,7.700000000000000000e+03
2.007052100000000000e+07,1.824989999999999952e+02,1.899989929199218750e+02,1.770000000000000000e+02,1.824989999999999952e+02,9.500000000000000000e+03
2.007052800000000000e+07,1.824989999999999952e+02,1.899989929199218750e+02,1.749989929199218750e+02,1.850010000000000048e+02,2.440000000000000000e+04
2.007060400000000000e+07,1.824989999999999952e+02,1.850010070800781250e+02,1.749989929199218750e+02,1.775010000000000048e+02,6.800000000000000000e+03
2.007061100000000000e+07,1.775010000000000048e+02,2.000010070800781250e+02,1.775010070800781250e+02,1.950000000000000000e+02,2.910000000000000000e+04
2.007061800000000000e+07,1.974989999999999952e+02,2.049989929199218750e+02,1.929989929199218750e+02,2.000010000000000048e+02,3.540000000000000000e+04
2.007062500000000000e+07,2.000010000000000048e+02,2.049989929199218750e+02,1.596809997558593750e+02,1.925010000000000048e+02,1.530000000000000000e+04
2.007070200000000000e+07,1.925010000000000048e+02,1.980000000000000000e+02,1.925010070800781250e+02,1.925010000000000048e+02,1.500000000000000000e+03
2.007070900000000000e+07,1.925010000000000048e+02,1.970010070800781250e+02,1.890000000000000000e+02,1.925010000000000048e+02,4.400000000000000000e+03
2.007071600000000000e+07,1.925010000000000048e+02,2.097510070800781250e+02,1.925010070800781250e+02,2.025000000000000000e+02,5.600000000000000000e+03
2.007072300000000000e+07,2.025000000000000000e+02,2.180010070800781250e+02,2.025000000000000000e+02,2.124989999999999952e+02,6.200000000000000000e+03
2.007073000000000000e+07,2.124989999999999952e+02,2.450010070800781250e+02,2.124989929199218750e+02,2.375010000000000048e+02,1.470000000000000000e+04
2.007080600000000000e+07,2.385000000000000000e+02,3.000000000000000000e+02,2.340000000000000000e+02,2.649990000000000236e+02,1.727000000000000000e+05
2.007081300000000000e+07,2.649990000000000236e+02,2.799989929199218750e+02,2.349989929199218750e+02,2.525010000000000048e+02,3.710000000000000000e+04
2.007082000000000000e+07,2.525010000000000048e+02,2.850000000000000000e+02,2.525010070800781250e+02,2.724990000000000236e+02,1.590000000000000000e+04
2.007082700000000000e+07,2.724990000000000236e+02,3.099989929199218750e+02,2.720010070800781250e+02,2.975009999999999764e+02,7.510000000000000000e+04
2.007090300000000000e+07,2.975009999999999764e+02,3.099989929199218750e+02,1.551569976806640625e+02,2.975009999999999764e+02,4.511100000000000000e+06
2.007091000000000000e+07,2.975009999999999764e+02,3.069989929199218750e+02,2.850000000000000000e+02,2.975009999999999764e+02,1.950000000000000000e+04
2.007091700000000000e+07,2.975009999999999764e+02,3.099989929199218750e+02,2.870010070800781250e+02,2.975009999999999764e+02,3.200000000000000000e+04
2.007092400000000000e+07,3.024990000000000236e+02,3.129989929199218750e+02,2.919989929199218750e+02,3.024990000000000236e+02,3.200000000000000000e+03
2.007100100000000000e+07,3.024990000000000236e+02,3.080010070800781250e+02,2.850000000000000000e+02,2.975009999999999764e+02,2.900000000000000000e+03
2.007100800000000000e+07,2.975009999999999764e+02,2.975010070800781250e+02,2.649989929199218750e+02,2.750009999999999764e+02,2.440000000000000000e+04
2.007101500000000000e+07,2.750009999999999764e+02,2.750010070800781250e+02,2.550000000000000000e+02,2.700000000000000000e+02,9.000000000000000000e+02
2.007102200000000000e+07,2.600009999999999764e+02,2.600010070800781250e+02,2.100000000000000000e+02,2.199989999999999952e+02,2.490000000000000000e+04
2.007102900000000000e+07,2.199989999999999952e+02,2.250000000000000000e+02,2.000010070800781250e+02,2.199989999999999952e+02,1.231000000000000000e+05
2.007110500000000000e+07,2.199989999999999952e+02,2.199989929199218750e+02,2.000010070800781250e+02,2.124989999999999952e+02,7.120000000000000000e+04
2.007111200000000000e+07,2.124989999999999952e+02,2.199989929199218750e+02,2.124989929199218750e+02,2.150010000000000048e+02,6.000000000000000000e+03
2.007111900000000000e+07,2.150010000000000048e+02,2.250000000000000000e+02,2.000010070800781250e+02,2.199989999999999952e+02,6.000000000000000000e+03
2.007112600000000000e+07,2.199989999999999952e+02,2.199989929199218750e+02,2.199989929199218750e+02,2.199989999999999952e+02,0.000000000000000000e+00
2.007120300000000000e+07,2.199989999999999952e+02,2.310000000000000000e+02,2.199989929199218750e+02,2.199989999999999952e+02,1.200000000000000000e+03
2.007121000000000000e+07,2.199989999999999952e+02,2.220000000000000000e+02,2.049989929199218750e+02,2.175000000000000000e+02,1.290000000000000000e+04
2.007121700000000000e+07,2.175000000000000000e+02,2.175000000000000000e+02,2.124989929199218750e+02,2.124989999999999952e+02,0.000000000000000000e+00
2.007122400000000000e+07,2.124989999999999952e+02,2.150010070800781250e+02,2.124989929199218750e+02,2.124989999999999952e+02,0.000000000000000000e+00
2.007123100000000000e+07,2.124989999999999952e+02,2.124989929199218750e+02,1.950000000000000000e+02,2.100000000000000000e+02,0.000000000000000000e+00
2.008010700000000000e+07,2.100000000000000000e+02,2.100000000000000000e+02,2.100000000000000000e+02,2.100000000000000000e+02,0.000000000000000000e+00
2.008011400000000000e+07,2.100000000000000000e+02,2.100000000000000000e+02,1.500000000000000000e+02,2.025000000000000000e+02,6.260000000000000000e+04
2.008012100000000000e+07,2.025000000000000000e+02,2.025000000000000000e+02,1.899989929199218750e+02,1.899989999999999952e+02,0.000000000000000000e+00
2.008012800000000000e+07,1.899989999999999952e+02,1.899989929199218750e+02,1.599989929199218750e+02,1.725000000000000000e+02,1.390000000000000000e+04
2.008020400000000000e+07,1.725000000000000000e+02,1.820010070800781250e+02,1.599989929199218750e+02,1.725000000000000000e+02,7.730000000000000000e+04
2.008021100000000000e+07,1.725000000000000000e+02,1.800000000000000000e+02,1.725000000000000000e+02,1.775010000000000048e+02,1.490000000000000000e+04
2.008021800000000000e+07,1.775010000000000048e+02,1.775010070800781250e+02,1.775010070800781250e+02,1.775010000000000048e+02,0.000000000000000000e+00
2.008022500000000000e+07,1.775010000000000048e+02,1.775010070800781250e+02,1.775010070800781250e+02,1.775010000000000048e+02,0.000000000000000000e+00
2.008030300000000000e+07,1.775010000000000048e+02,1.775010070800781250e+02,1.775010070800781250e+02,1.775010000000000048e+02,0.000000000000000000e+00
2.008031000000000000e+07,1.775010000000000048e+02,1.779989929199218750e+02,1.775010070800781250e+02,1.775010000000000048e+02,1.000000000000000000e+03
2.008031700000000000e+07,1.749989999999999952e+02,1.770000000000000000e+02,1.749989929199218750e+02,1.749989999999999952e+02,3.300000000000000000e+03
2.008032400000000000e+07,1.749989999999999952e+02,1.749989929199218750e+02,1.749989929199218750e+02,1.749989999999999952e+02,0.000000000000000000e+00
2.008033100000000000e+07,1.749989999999999952e+02,1.749989929199218750e+02,1.500000000000000000e+02,1.575000000000000000e+02,6.000000000000000000e+03
2.008040700000000000e+07,1.575000000000000000e+02,1.620000000000000000e+02,1.575000000000000000e+02,1.575000000000000000e+02,5.900000000000000000e+03
2.008041400000000000e+07,1.575000000000000000e+02,1.700010070800781250e+02,1.575000000000000000e+02,1.625010000000000048e+02,5.410000000000000000e+04
2.008042100000000000e+07,1.625010000000000048e+02,1.680000000000000000e+02,1.539989929199218750e+02,1.599989999999999952e+02,1.500000000000000000e+04
2.008042800000000000e+07,1.599989999999999952e+02,1.659989929199218750e+02,1.460010070800781250e+02,1.599989999999999952e+02,8.000000000000000000e+02
2.008050500000000000e+07,1.599989999999999952e+02,1.625010070800781250e+02,1.599989929199218750e+02,1.625010000000000048e+02,0.000000000000000000e+00
2.008051200000000000e+07,1.625010000000000048e+02,1.625010070800781250e+02,1.625010070800781250e+02,1.625010000000000048e+02,0.000000000000000000e+00
2.008051900000000000e+07,1.625010000000000048e+02,1.674989929199218750e+02,1.500000000000000000e+02,1.625010000000000048e+02,4.200000000000000000e+03
2.008052600000000000e+07,1.625010000000000048e+02,1.659989929199218750e+02,1.509989929199218750e+02,1.625010000000000048e+02,1.220000000000000000e+04
2.008060200000000000e+07,1.625010000000000048e+02,1.625010070800781250e+02,1.500000000000000000e+02,1.625010000000000048e+02,0.000000000000000000e+00
2.008060900000000000e+07,1.625010000000000048e+02,1.625010070800781250e+02,1.500000000000000000e+02,1.575000000000000000e+02,0.000000000000000000e+00
2.008061600000000000e+07,1.575000000000000000e+02,1.575000000000000000e+02,1.550010070800781250e+02,1.550010000000000048e+02,0.000000000000000000e+00
2.008062300000000000e+07,1.550010000000000048e+02,1.650000000000000000e+02,1.500000000000000000e+02,1.575000000000000000e+02,2.800000000000000000e+04
2.008063000000000000e+07,1.575000000000000000e+02,1.575000000000000000e+02,1.470000000000000000e+02,1.575000000000000000e+02,0.000000000000000000e+00
2.008070700000000000e+07,1.575000000000000000e+02,1.575000000000000000e+02,1.575000000000000000e+02,1.575000000000000000e+02,0.000000000000000000e+00
2.008071400000000000e+07,1.575000000000000000e+02,1.575000000000000000e+02,1.575000000000000000e+02,1.575000000000000000e+02,0.000000000000000000e+00
2.008072100000000000e+07,1.575000000000000000e+02,1.700010070800781250e+02,1.575000000000000000e+02,1.575000000000000000e+02,0.000000000000000000e+00
2.008072800000000000e+07,1.575000000000000000e+02,1.575000000000000000e+02,1.575000000000000000e+02,1.575000000000000000e+02,0.000000000000000000e+00
2.008080400000000000e+07,1.575000000000000000e+02,1.575000000000000000e+02,1.575000000000000000e+02,1.575000000000000000e+02,0.000000000000000000e+00
2.008081100000000000e+07,1.575000000000000000e+02,1.575000000000000000e+02,1.575000000000000000e+02,1.575000000000000000e+02,0.000000000000000000e+00
2.008081800000000000e+07,1.575000000000000000e+02,1.575000000000000000e+02,1.575000000000000000e+02,1.575000000000000000e+02,0.000000000000000000e+00
2.008082500000000000e+07,1.575000000000000000e+02,1.575000000000000000e+02,1.575000000000000000e+02,1.575000000000000000e+02,0.000000000000000000e+00
2.008090100000000000e+07,1.700010000000000048e+02,2.225010070800781250e+02,1.700010070800781250e+02,1.775010000000000048e+02,3.000000000000000000e+03
2.008090800000000000e+07,1.775010000000000048e+02,1.830000000000000000e+02,1.599989929199218750e+02,1.749989999999999952e+02,2.400000000000000000e+03
2.008091500000000000e+07,1.749989999999999952e+02,1.749989929199218750e+02,1.674989929199218750e+02,1.674989999999999952e+02,1.000000000000000000e+03
2.008092200000000000e+07,1.674989999999999952e+02,1.730010070800781250e+02,1.674989929199218750e+02,1.674989999999999952e+02,3.000000000000000000e+03
2.008092900000000000e+07,1.674989999999999952e+02,1.674989929199218750e+02,1.470000000000000000e+02,1.550010000000000048e+02,5.800000000000000000e+03
2.008100600000000000e+07,1.550010000000000048e+02,1.650000000000000000e+02,1.550010070800781250e+02,1.550010000000000048e+02,1.000000000000000000e+02
2.008101300000000000e+07,1.599989999999999952e+02,1.899989929199218750e+02,1.599989929199218750e+02,1.700010000000000048e+02,1.020000000000000000e+04
2.008102000000000000e+07,1.700010000000000048e+02,1.800000000000000000e+02,1.700010070800781250e+02,1.700010000000000048e+02,9.000000000000000000e+02
2.008102700000000000e+07,1.700010000000000048e+02,1.839989929199218750e+02,1.550010070800781250e+02,1.700010000000000048e+02,1.000000000000000000e+03
2.008110300000000000e+07,1.749989999999999952e+02,2.000010070800781250e+02,1.650000000000000000e+02,1.749989999999999952e+02,6.400000000000000000e+03
2.008111000000000000e+07,1.749989999999999952e+02,1.749989929199218750e+02,1.749989929199218750e+02,1.749989999999999952e+02,0.000000000000000000e+00
2.008111700000000000e+07,1.749989999999999952e+02,1.800000000000000000e+02,1.749989929199218750e+02,1.749989999999999952e+02,9.100000000000000000e+03
2.008112400000000000e+07,1.749989999999999952e+02,1.800000000000000000e+02,1.650000000000000000e+02,1.775010000000000048e+02,0.000000000000000000e+00
2.008120100000000000e+07,1.775010000000000048e+02,1.850010070800781250e+02,1.775010070800781250e+02,1.775010000000000048e+02,0.000000000000000000e+00
2.008120800000000000e+07,1.775010000000000048e+02,1.850010070800781250e+02,1.449989929199218750e+02,1.575000000000000000e+02,0.000000000000000000e+00
2.008121500000000000e+07,1.524989999999999952e+02,1.524989929199218750e+02,1.485000000000000000e+02,1.524989999999999952e+02,0.000000000000000000e+00
2.008122200000000000e+07,1.650000000000000000e+02,1.650000000000000000e+02,1.485000000000000000e+02,1.550010000000000048e+02,2.000000000000000000e+02
2.008122900000000000e+07,1.524989999999999952e+02,1.550010070800781250e+02,1.524989929199218750e+02,1.524989999999999952e+02,0.000000000000000000e+00
2.009010500000000000e+07,1.524989999999999952e+02,1.524989929199218750e+02,1.400010070800781250e+02,1.524989999999999952e+02,0.000000000000000000e+00
2.009011200000000000e+07,1.524989999999999952e+02,1.524989929199218750e+02,1.524989929199218750e+02,1.524989999999999952e+02,0.000000000000000000e+00
2.009011900000000000e+07,1.550010000000000048e+02,1.550010070800781250e+02,1.149990005493164062e+02,1.149989999999999952e+02,0.000000000000000000e+00
2.009012600000000000e+07,1.250010000000000048e+02,1.500000000000000000e+02,1.220009994506835938e+02,1.500000000000000000e+02,7.440000000000000000e+04
2.009020200000000000e+07,1.500000000000000000e+02,1.524989929199218750e+02,1.400010070800781250e+02,1.500000000000000000e+02,0.000000000000000000e+00
2.009020900000000000e+07,1.500000000000000000e+02,1.500000000000000000e+02,1.175009994506835938e+02,1.500000000000000000e+02,5.400000000000000000e+03
2.009021600000000000e+07,1.500000000000000000e+02,1.500000000000000000e+02,1.500000000000000000e+02,1.500000000000000000e+02,1.000000000000000000e+02
2.009022300000000000e+07,1.500000000000000000e+02,1.500000000000000000e+02,1.500000000000000000e+02,1.500000000000000000e+02,0.000000000000000000e+00
2.009030200000000000e+07,1.500000000000000000e+02,1.500000000000000000e+02,1.449989929199218750e+02,1.500000000000000000e+02,1.200000000000000000e+03
2.009030900000000000e+07,1.500000000000000000e+02,1.500000000000000000e+02,1.175009994506835938e+02,1.500000000000000000e+02,0.000000000000000000e+00
2.009031600000000000e+07,1.500000000000000000e+02,1.524989929199218750e+02,1.500000000000000000e+02,1.500000000000000000e+02,0.000000000000000000e+00
2.009032300000000000e+07,1.500000000000000000e+02,1.524989929199218750e+02,1.400010070800781250e+02,1.500000000000000000e+02,0.000000000000000000e+00
2.009033000000000000e+07,1.524989999999999952e+02,1.524989929199218750e+02,1.500000000000000000e+02,1.500000000000000000e+02,5.100000000000000000e+03
2.009040600000000000e+07,1.400010000000000048e+02,1.524989929199218750e+02,1.400010070800781250e+02,1.449989999999999952e+02,8.300000000000000000e+03
2.009041300000000000e+07,1.449989999999999952e+02,1.475010070800781250e+02,1.302510070800781250e+02,1.475010000000000048e+02,0.000000000000000000e+00
2.009042000000000000e+07,1.475010000000000048e+02,1.650000000000000000e+02,1.387500000000000000e+02,1.449989999999999952e+02,0.000000000000000000e+00
2.009042700000000000e+07,1.374989999999999952e+02,1.599989929199218750e+02,1.250009994506835938e+02,1.449989999999999952e+02,2.730000000000000000e+04
2.009050400000000000e+07,1.449989999999999952e+02,1.580010070800781250e+02,1.449989929199218750e+02,1.449989999999999952e+02,0.000000000000000000e+00
2.009051100000000000e+07,1.449989999999999952e+02,1.580010070800781250e+02,1.325010070800781250e+02,1.400010000000000048e+02,0.000000000000000000e+00
2.009051800000000000e+07,1.400010000000000048e+02,1.490010070800781250e+02,1.400010070800781250e+02,1.400010000000000048e+02,0.000000000000000000e+00
2.009052500000000000e+07,1.400010000000000048e+02,1.490010070800781250e+02,1.275000000000000000e+02,1.400010000000000048e+02,0.000000000000000000e+00
2.009060100000000000e+07,1.400010000000000048e+02,1.490010070800781250e+02,1.275000000000000000e+02,1.325010000000000048e+02,5.900000000000000000e+03
2.009060800000000000e+07,1.325010000000000048e+02,1.340010070800781250e+02,1.224990005493164062e+02,1.325010000000000048e+02,0.000000000000000000e+00
2.009061500000000000e+07,1.325010000000000048e+02,1.325010070800781250e+02,1.250009994506835938e+02,1.325010000000000048e+02,0.000000000000000000e+00
2.009062200000000000e+07,1.340010000000000048e+02,1.340010070800781250e+02,1.250009994506835938e+02,1.325010000000000048e+02,0.000000000000000000e+00
2.009062900000000000e+07,1.325010000000000048e+02,1.325010070800781250e+02,1.325010070800781250e+02,1.325010000000000048e+02,0.000000000000000000e+00
2.009070600000000000e+07,1.325010000000000048e+02,1.325010070800781250e+02,1.325010070800781250e+02,1.325010000000000048e+02,0.000000000000000000e+00
2.009071300000000000e+07,1.325010000000000048e+02,1.340010070800781250e+02,1.250009994506835938e+02,1.325010000000000048e+02,0.000000000000000000e+00
2.009072000000000000e+07,1.400010000000000048e+02,1.400010070800781250e+02,1.325010070800781250e+02,1.325010000000000048e+02,0.000000000000000000e+00
2.009072700000000000e+07,1.325010000000000048e+02,1.380000000000000000e+02,1.260000000000000000e+02,1.350000000000000000e+02,0.000000000000000000e+00
2.009080300000000000e+07,1.350000000000000000e+02,1.365000000000000000e+02,1.220009994506835938e+02,1.350000000000000000e+02,3.600000000000000000e+03
2.009081000000000000e+07,1.350000000000000000e+02,1.365000000000000000e+02,1.250009994506835938e+02,1.350000000000000000e+02,0.000000000000000000e+00
2.009081700000000000e+07,1.350000000000000000e+02,1.355010070800781250e+02,1.350000000000000000e+02,1.350000000000000000e+02,0.000000000000000000e+00
2.009082400000000000e+07,1.250010000000000048e+02,1.355010070800781250e+02,1.250009994506835938e+02,1.350000000000000000e+02,3.900000000000000000e+03
2.009083100000000000e+07,1.350000000000000000e+02,1.350000000000000000e+02,1.299989929199218750e+02,1.350000000000000000e+02,0.000000000000000000e+00
2.009090700000000000e+07,1.350000000000000000e+02,1.350000000000000000e+02,1.224990005493164062e+02,1.224989999999999952e+02,0.000000000000000000e+00
2.009091400000000000e+07,1.350000000000000000e+02,1.350000000000000000e+02,1.350000000000000000e+02,1.350000000000000000e+02,0.000000000000000000e+00
2.009092100000000000e+07,1.350000000000000000e+02,1.350000000000000000e+02,1.250009994506835938e+02,1.299989999999999952e+02,0.000000000000000000e+00
2.009092800000000000e+07,1.299989999999999952e+02,1.299989929199218750e+02,1.299989929199218750e+02,1.299989999999999952e+02,0.000000000000000000e+00
2.009100500000000000e+07,1.299989999999999952e+02,1.299989929199218750e+02,1.299989929199218750e+02,1.299989999999999952e+02,0.000000000000000000e+00
2.009101200000000000e+07,1.175010000000000048e+02,1.299989929199218750e+02,1.175009994506835938e+02,1.299989999999999952e+02,0.000000000000000000e+00
2.009101900000000000e+07,1.299989999999999952e+02,1.299989929199218750e+02,1.299989929199218750e+02,1.299989999999999952e+02,0.000000000000000000e+00
2.009102600000000000e+07,1.299989999999999952e+02,1.299989929199218750e+02,1.200000000000000000e+02,1.224989999999999952e+02,0.000000000000000000e+00
2.009110200000000000e+07,1.224989999999999952e+02,1.224990005493164062e+02,1.224990005493164062e+02,1.224989999999999952e+02,0.000000000000000000e+00
2.009110900000000000e+07,1.224989999999999952e+02,1.224990005493164062e+02,1.175009994506835938e+02,1.175010000000000048e+02,6.000000000000000000e+03
2.009111600000000000e+07,1.175010000000000048e+02,1.175009994506835938e+02,1.175009994506835938e+02,1.175010000000000048e+02,0.000000000000000000e+00
2.009112300000000000e+07,1.175010000000000048e+02,1.175009994506835938e+02,1.175009994506835938e+02,1.175010000000000048e+02,0.000000000000000000e+00
2.009113000000000000e+07,1.175010000000000048e+02,1.175009994506835938e+02,1.175009994506835938e+02,1.175010000000000048e+02,0.000000000000000000e+00
2.009120700000000000e+07,1.200000000000000000e+02,1.200000000000000000e+02,1.175009994506835938e+02,1.175010000000000048e+02,0.000000000000000000e+00
2.009121400000000000e+07,1.175010000000000048e+02,1.299989929199218750e+02,1.175009994506835938e+02,1.200000000000000000e+02,7.500000000000000000e+03
2.009122100000000000e+07,1.200000000000000000e+02,1.200000000000000000e+02,1.074990005493164062e+02,1.175010000000000048e+02,2.400000000000000000e+03
2.009122800000000000e+07,1.175010000000000048e+02,1.175009994506835938e+02,1.175009994506835938e+02,1.175010000000000048e+02,0.000000000000000000e+00
2.010010400000000000e+07,1.175010000000000048e+02,1.400010070800781250e+02,1.149990005493164062e+02,1.175010000000000048e+02,2.650000000000000000e+04
2.010011100000000000e+07,1.749989999999999952e+02,1.749989929199218750e+02,1.074990005493164062e+02,1.175010000000000048e+02,1.030000000000000000e+04
2.010011800000000000e+07,1.149989999999999952e+02,1.149990005493164062e+02,1.125000000000000000e+02,1.149989999999999952e+02,9.200000000000000000e+03
2.010012500000000000e+07,1.149989999999999952e+02,1.149990005493164062e+02,1.149990005493164062e+02,1.149989999999999952e+02,0.000000000000000000e+00
2.010020100000000000e+07,1.149989999999999952e+02,1.800000000000000000e+02,1.149990005493164062e+02,1.374989999999999952e+02,1.520000000000000000e+04
2.010020800000000000e+07,1.374989999999999952e+02,1.479989929199218750e+02,1.374989929199218750e+02,1.374989999999999952e+02,4.200000000000000000e+03
2.010021500000000000e+07,1.374989999999999952e+02,1.374989929199218750e+02,1.312500000000000000e+02,1.325010000000000048e+02,2.700000000000000000e+04
2.010022200000000000e+07,1.325010000000000048e+02,1.400010070800781250e+02,1.312500000000000000e+02,1.325010000000000048e+02,1.420000000000000000e+04
2.010030100000000000e+07,1.325010000000000048e+02,1.500000000000000000e+02,1.325010070800781250e+02,1.500000000000000000e+02,9.000000000000000000e+03
2.010030800000000000e+07,1.449989999999999952e+02,1.749989929199218750e+02,1.400010070800781250e+02,1.749989999999999952e+02,0.000000000000000000e+00
2.010031500000000000e+07,1.550010000000000048e+02,1.550010070800781250e+02,1.425000000000000000e+02,1.500000000000000000e+02,3.400000000000000000e+04
2.010032200000000000e+07,1.500000000000000000e+02,1.550010070800781250e+02,1.500000000000000000e+02,1.550010000000000048e+02,1.290000000000000000e+04
2.010032900000000000e+07,1.550010000000000048e+02,1.940010070800781250e+02,1.539989929199218750e+02,1.800000000000000000e+02,3.200000000000000000e+04
2.010040500000000000e+07,1.800000000000000000e+02,1.800000000000000000e+02,1.749989929199218750e+02,1.800000000000000000e+02,5.600000000000000000e+03
2.010041200000000000e+07,1.800000000000000000e+02,1.800000000000000000e+02,1.430010070800781250e+02,1.550010000000000048e+02,1.660000000000000000e+04
2.010041900000000000e+07,1.550010000000000048e+02,1.599900054931640625e+02,1.500000000000000000e+02,1.550010000000000048e+02,1.630000000000000000e+04
2.010042600000000000e+07,1.500000000000000000e+02,1.500000000000000000e+02,1.380000000000000000e+02,1.500000000000000000e+02,7.200000000000000000e+03
2.010050300000000000e+07,1.500000000000000000e+02,1.500000000000000000e+02,1.500000000000000000e+02,1.500000000000000000e+02,0.000000000000000000e+00
2.010051000000000000e+07,1.449989999999999952e+02,1.500000000000000000e+02,1.449989929199218750e+02,1.500000000000000000e+02,0.000000000000000000e+00
2.010051700000000000e+07,1.500000000000000000e+02,1.500000000000000000e+02,1.500000000000000000e+02,1.500000000000000000e+02,0.000000000000000000e+00
2.010052400000000000e+07,1.500000000000000000e+02,1.524989929199218750e+02,1.500000000000000000e+02,1.500000000000000000e+02,1.500000000000000000e+04
2.010053100000000000e+07,1.500000000000000000e+02,1.500000000000000000e+02,1.500000000000000000e+02,1.500000000000000000e+02,0.000000000000000000e+00
2.010060700000000000e+07,1.400010000000000048e+02,1.500000000000000000e+02,1.400010070800781250e+02,1.400010000000000048e+02,1.500000000000000000e+03
2.010061400000000000e+07,1.400010000000000048e+02,1.400010070800781250e+02,1.400010070800781250e+02,1.400010000000000048e+02,0.000000000000000000e+00
2.010062100000000000e+07,1.400010000000000048e+02,1.539989929199218750e+02,1.400010070800781250e+02,1.400010000000000048e+02,2.400000000000000000e+03
2.010062800000000000e+07,1.400010000000000048e+02,1.400010070800781250e+02,1.400010070800781250e+02,1.400010000000000048e+02,0.000000000000000000e+00
2.010070500000000000e+07,1.400010000000000048e+02,1.400010070800781250e+02,1.400010070800781250e+02,1.400010000000000048e+02,0.000000000000000000e+00
2.010071200000000000e+07,1.449989999999999952e+02,1.449989929199218750e+02,1.310010070800781250e+02,1.310010000000000048e+02,7.000000000000000000e+02
2.010071900000000000e+07,1.449989999999999952e+02,1.449989929199218750e+02,1.449989929199218750e+02,1.449989999999999952e+02,0.000000000000000000e+00
2.010072600000000000e+07,1.449989999999999952e+02,1.449989929199218750e+02,1.310010070800781250e+02,1.310010000000000048e+02,1.200000000000000000e+03
2.010080200000000000e+07,1.449989999999999952e+02,1.449989929199218750e+02,1.310010070800781250e+02,1.449989999999999952e+02,1.000000000000000000e+02
2.010080900000000000e+07,1.449989999999999952e+02,1.550010070800781250e+02,1.449989929199218750e+02,1.449989999999999952e+02,0.000000000000000000e+00
2.010081600000000000e+07,1.449989999999999952e+02,1.449989929199218750e+02,1.449989929199218750e+02,1.449989999999999952e+02,0.000000000000000000e+00
2.010082300000000000e+07,1.449989999999999952e+02,1.449989929199218750e+02,1.449989929199218750e+02,1.449989999999999952e+02,0.000000000000000000e+00
2.010083000000000000e+07,1.449989999999999952e+02,1.449989929199218750e+02,1.449989929199218750e+02,1.449989999999999952e+02,0.000000000000000000e+00
2.010090600000000000e+07,1.449989999999999952e+02,1.449989929199218750e+02,1.449989929199218750e+02,1.449989999999999952e+02,0.000000000000000000e+00
2.010091300000000000e+07,1.449989999999999952e+02,1.449989929199218750e+02,1.449989929199218750e+02,1.449989999999999952e+02,0.000000000000000000e+00
2.010092000000000000e+07,1.449989999999999952e+02,1.550010070800781250e+02,1.449989929199218750e+02,1.550010000000000048e+02,0.000000000000000000e+00
2.010092700000000000e+07,1.449989999999999952e+02,1.599989929199218750e+02,1.449989929199218750e+02,1.449989999999999952e+02,0.000000000000000000e+00
2.010100400000000000e+07,1.449989999999999952e+02,1.550010070800781250e+02,1.449989929199218750e+02,1.550010000000000048e+02,0.000000000000000000e+00
2.010101100000000000e+07,1.550010000000000048e+02,1.550010070800781250e+02,1.550010070800781250e+02,1.550010000000000048e+02,0.000000000000000000e+00
2.010101800000000000e+07,1.550010000000000048e+02,1.550010070800781250e+02,1.410000000000000000e+02,1.550010000000000048e+02,1.500000000000000000e+03
2.010102500000000000e+07,1.550010000000000048e+02,1.749989929199218750e+02,1.275000000000000000e+02,1.749989999999999952e+02,3.083500000000000000e+06
2.010110100000000000e+07,1.749989999999999952e+02,1.850010070800781250e+02,1.599989929199218750e+02,1.749989999999999952e+02,1.720000000000000000e+04
2.010110800000000000e+07,1.749989999999999952e+02,1.850010070800781250e+02,1.749989929199218750e+02,1.749989999999999952e+02,3.450000000000000000e+04
2.010111500000000000e+07,1.749989999999999952e+02,1.850010070800781250e+02,1.749989929199218750e+02,1.749989999999999952e+02,0.000000000000000000e+00
2.010112200000000000e+07,1.749989999999999952e+02,1.850010070800781250e+02,1.749989929199218750e+02,1.749989999999999952e+02,2.400000000000000000e+03
2.010112900000000000e+07,1.749989999999999952e+02,1.749989929199218750e+02,1.749989929199218750e+02,1.749989999999999952e+02,0.000000000000000000e+00
2.010120600000000000e+07,1.749989999999999952e+02,1.850010070800781250e+02,1.749989929199218750e+02,1.749989999999999952e+02,6.000000000000000000e+02
2.010121300000000000e+07,1.749989999999999952e+02,1.749989929199218750e+02,1.610010070800781250e+02,1.749989999999999952e+02,3.000000000000000000e+03
2.010122000000000000e+07,1.749989999999999952e+02,1.749989929199218750e+02,1.749989929199218750e+02,1.749989999999999952e+02,1.710000000000000000e+05
2.010122700000000000e+07,1.749989999999999952e+02,1.850010070800781250e+02,1.725000000000000000e+02,1.749989999999999952e+02,9.700000000000000000e+03
2.011011000000000000e+07,1.749989999999999952e+02,1.850010070800781250e+02,1.749989929199218750e+02,1.749989999999999952e+02,7.000000000000000000e+02
2.011011700000000000e+07,1.749989999999999952e+02,1.749989929199218750e+02,1.749989929199218750e+02,1.749989999999999952e+02,0.000000000000000000e+00
2.011012400000000000e+07,1.749989999999999952e+02,1.850010070800781250e+02,1.599989929199218750e+02,1.749989999999999952e+02,2.900000000000000000e+03
2.011013100000000000e+07,1.800000000000000000e+02,1.800000000000000000e+02,1.800000000000000000e+02,1.800000000000000000e+02,0.000000000000000000e+00
2.011020700000000000e+07,1.800000000000000000e+02,1.899989929199218750e+02,1.700010070800781250e+02,1.800000000000000000e+02,1.570000000000000000e+04
2.011021400000000000e+07,1.800000000000000000e+02,1.824989929199218750e+02,1.800000000000000000e+02,1.824989999999999952e+02,0.000000000000000000e+00
2.011022100000000000e+07,1.824989999999999952e+02,1.950000000000000000e+02,1.749989929199218750e+02,1.824989999999999952e+02,1.650000000000000000e+04
2.011022800000000000e+07,1.824989999999999952e+02,1.824989929199218750e+02,1.824989929199218750e+02,1.824989999999999952e+02,0.000000000000000000e+00
2.011030700000000000e+07,1.824989999999999952e+02,1.824989929199218750e+02,1.775010070800781250e+02,1.775010000000000048e+02,0.000000000000000000e+00
2.011031400000000000e+07,1.890000000000000000e+02,1.890000000000000000e+02,1.775010070800781250e+02,1.775010000000000048e+02,4.700000000000000000e+03
2.011032100000000000e+07,1.775010000000000048e+02,1.775010070800781250e+02,1.775010070800781250e+02,1.775010000000000048e+02,0.000000000000000000e+00
2.011032800000000000e+07,1.775010000000000048e+02,1.950000000000000000e+02,1.775010070800781250e+02,1.899989999999999952e+02,7.500000000000000000e+03
2.011040400000000000e+07,1.899989999999999952e+02,1.974989929199218750e+02,1.875000000000000000e+02,1.925010000000000048e+02,1.800000000000000000e+04
2.011041100000000000e+07,1.987500000000000000e+02,2.037510070800781250e+02,1.920000000000000000e+02,2.000010000000000048e+02,4.490000000000000000e+04
2.011041800000000000e+07,2.000010000000000048e+02,2.103000030517578125e+02,1.920000000000000000e+02,2.000010000000000048e+02,5.800000000000000000e+03
2.011050900000000000e+07,2.000010000000000048e+02,2.000010070800781250e+02,1.974989929199218750e+02,1.974989999999999952e+02,2.550000000000000000e+04
2.011051600000000000e+07,2.049989999999999952e+02,2.087489929199218750e+02,1.997489929199218750e+02,2.049989999999999952e+02,1.110000000000000000e+04
2.011052300000000000e+07,2.049989999999999952e+02,2.075010070800781250e+02,2.049989929199218750e+02,2.049989999999999952e+02,0.000000000000000000e+00
2.011060600000000000e+07,2.049989999999999952e+02,2.049989929199218750e+02,2.049989929199218750e+02,2.049989999999999952e+02,0.000000000000000000e+00
2.011061300000000000e+07,2.199989999999999952e+02,2.199989929199218750e+02,6.975000000000000000e+01,7.900000000000000000e+01,5.020000000000000000e+05
2.011062000000000000e+07,7.740000000000000568e+01,8.063800048828125000e+01,7.704000091552734375e+01,7.850000000000000000e+01,1.790000000000000000e+04
2.011062700000000000e+07,7.900000000000000000e+01,7.900000000000000000e+01,7.740000152587890625e+01,7.900000000000000000e+01,7.000000000000000000e+02
2.011070400000000000e+07,7.900000000000000000e+01,8.100000000000000000e+01,7.900000000000000000e+01,7.950000000000000000e+01,1.000000000000000000e+03
2.011071100000000000e+07,8.000000000000000000e+01,8.180000305175781250e+01,7.800000000000000000e+01,8.000000000000000000e+01,6.100000000000000000e+03
2.011071800000000000e+07,7.840000000000000568e+01,7.950000000000000000e+01,7.840000152587890625e+01,7.950000000000000000e+01,2.000000000000000000e+03
2.011072500000000000e+07,7.950000000000000000e+01,8.100000000000000000e+01,7.950000000000000000e+01,7.950000000000000000e+01,3.000000000000000000e+03
2.011080100000000000e+07,7.950000000000000000e+01,7.950000000000000000e+01,7.950000000000000000e+01,7.950000000000000000e+01,0.000000000000000000e+00
2.011080800000000000e+07,7.800000000000000000e+01,7.850000000000000000e+01,7.684999847412109375e+01,7.800000000000000000e+01,3.500000000000000000e+03
2.011081500000000000e+07,7.959999999999999432e+01,7.959999847412109375e+01,7.700000000000000000e+01,7.700000000000000000e+01,3.000000000000000000e+02
2.011082200000000000e+07,7.700000000000000000e+01,7.700000000000000000e+01,7.400000000000000000e+01,7.500000000000000000e+01,5.700000000000000000e+03
2.011090500000000000e+07,7.700000000000000000e+01,7.800000000000000000e+01,7.700000000000000000e+01,7.700000000000000000e+01,1.200000000000000000e+03
2.011091200000000000e+07,7.700000000000000000e+01,7.900000000000000000e+01,7.700000000000000000e+01,7.700000000000000000e+01,2.100000000000000000e+03
2.011091900000000000e+07,7.700000000000000000e+01,7.700000000000000000e+01,7.450000000000000000e+01,7.450000000000000000e+01,3.000000000000000000e+02
2.011092600000000000e+07,7.450000000000000000e+01,7.600000000000000000e+01,7.450000000000000000e+01,7.600000000000000000e+01,0.000000000000000000e+00
2.011100300000000000e+07,7.700000000000000000e+01,7.994999694824218750e+01,7.550000000000000000e+01,7.650000000000000000e+01,5.200000000000000000e+03
2.011101000000000000e+07,7.650000000000000000e+01,7.700000000000000000e+01,6.823999786376953125e+01,6.900000000000000000e+01,1.200000000000000000e+04
2.011101700000000000e+07,6.750000000000000000e+01,7.500000000000000000e+01,6.750000000000000000e+01,7.300000000000000000e+01,1.130000000000000000e+04
2.011102400000000000e+07,7.300000000000000000e+01,7.500000000000000000e+01,7.200000000000000000e+01,7.450000000000000000e+01,5.100000000000000000e+03
2.011103100000000000e+07,7.450000000000000000e+01,7.600000000000000000e+01,7.343199920654296875e+01,7.450000000000000000e+01,3.900000000000000000e+03
2.011110700000000000e+07,7.525000000000000000e+01,7.556700134277343750e+01,7.344999694824218750e+01,7.450000000000000000e+01,4.600000000000000000e+03
2.011111400000000000e+07,7.450000000000000000e+01,7.569999694824218750e+01,7.302999877929687500e+01,7.450000000000000000e+01,1.800000000000000000e+03
2.011112100000000000e+07,7.450000000000000000e+01,7.450000000000000000e+01,7.450000000000000000e+01,7.450000000000000000e+01,0.000000000000000000e+00
2.011112800000000000e+07,7.450000000000000000e+01,7.450000000000000000e+01,7.450000000000000000e+01,7.450000000000000000e+01,0.000000000000000000e+00
2.011120500000000000e+07,7.450000000000000000e+01,7.450000000000000000e+01,7.450000000000000000e+01,7.450000000000000000e+01,0.000000000000000000e+00
2.011121200000000000e+07,7.450000000000000000e+01,7.450000000000000000e+01,7.109999847412109375e+01,7.300000000000000000e+01,8.000000000000000000e+02
2.011121900000000000e+07,7.104000000000000625e+01,7.250000000000000000e+01,7.104000091552734375e+01,7.250000000000000000e+01,2.100000000000000000e+03
2.011122600000000000e+07,7.250000000000000000e+01,7.250000000000000000e+01,7.250000000000000000e+01,7.250000000000000000e+01,0.000000000000000000e+00
2.012010200000000000e+07,7.250000000000000000e+01,7.250000000000000000e+01,7.009999847412109375e+01,7.250000000000000000e+01,1.000000000000000000e+03
2.012010900000000000e+07,7.050000000000000000e+01,7.250000000000000000e+01,7.050000000000000000e+01,7.250000000000000000e+01,4.000000000000000000e+03
2.012011600000000000e+07,7.000000000000000000e+01,7.250000000000000000e+01,7.000000000000000000e+01,7.250000000000000000e+01,1.700000000000000000e+03
2.012012300000000000e+07,7.250000000000000000e+01,7.250000000000000000e+01,6.900000000000000000e+01,7.150000000000000000e+01,3.900000000000000000e+03
2.012013000000000000e+07,7.150000000000000000e+01,7.369999694824218750e+01,7.150000000000000000e+01,7.250000000000000000e+01,3.100000000000000000e+03
2.012020600000000000e+07,7.100000000000000000e+01,7.250000000000000000e+01,7.100000000000000000e+01,7.250000000000000000e+01,1.300000000000000000e+03
2.012021300000000000e+07,7.325000000000000000e+01,7.325000000000000000e+01,7.250000000000000000e+01,7.250000000000000000e+01,2.700000000000000000e+03
2.012022000000000000e+07,7.370000000000000284e+01,7.369999694824218750e+01,7.250000000000000000e+01,7.250000000000000000e+01,1.000000000000000000e+02
2.012022700000000000e+07,7.370000000000000284e+01,7.369999694824218750e+01,7.101200103759765625e+01,7.250000000000000000e+01,3.400000000000000000e+03
2.012030500000000000e+07,7.250000000000000000e+01,7.400000000000000000e+01,7.109999847412109375e+01,7.300000000000000000e+01,1.190000000000000000e+04
2.012031200000000000e+07,7.100000000000000000e+01,7.200000000000000000e+01,7.009999847412109375e+01,7.150000000000000000e+01,5.600000000000000000e+03
2.012031900000000000e+07,7.150000000000000000e+01,7.225000000000000000e+01,7.150000000000000000e+01,7.150000000000000000e+01,7.500000000000000000e+03
2.012032600000000000e+07,7.200000000000000000e+01,7.200000000000000000e+01,7.150000000000000000e+01,7.150000000000000000e+01,4.100000000000000000e+03
2.012040200000000000e+07,7.150000000000000000e+01,7.150000000000000000e+01,7.000000000000000000e+01,7.150000000000000000e+01,2.700000000000000000e+03
2.012040900000000000e+07,7.150000000000000000e+01,7.200000000000000000e+01,6.850000000000000000e+01,7.150000000000000000e+01,1.200000000000000000e+04
2.012041600000000000e+07,7.150000000000000000e+01,7.275000000000000000e+01,7.150000000000000000e+01,7.150000000000000000e+01,2.010000000000000000e+04
2.012042300000000000e+07,7.150000000000000000e+01,7.500000000000000000e+01,7.150000000000000000e+01,7.400000000000000000e+01,1.500000000000000000e+04
2.012043000000000000e+07,7.465000000000000568e+01,7.465000152587890625e+01,7.300000000000000000e+01,7.400000000000000000e+01,3.970000000000000000e+04
2.012050700000000000e+07,7.400000000000000000e+01,7.700000000000000000e+01,7.000000000000000000e+01,7.300000000000000000e+01,8.920000000000000000e+04
2.012051400000000000e+07,7.300000000000000000e+01,7.300000000000000000e+01,7.300000000000000000e+01,7.300000000000000000e+01,0.000000000000000000e+00
2.012052100000000000e+07,7.320000000000000284e+01,7.319999694824218750e+01,7.300000000000000000e+01,7.300000000000000000e+01,4.500000000000000000e+03
2.012052800000000000e+07,7.300000000000000000e+01,7.300000000000000000e+01,6.800000000000000000e+01,6.950000000000000000e+01,1.560000000000000000e+04
2.012060400000000000e+07,6.950000000000000000e+01,6.950000000000000000e+01,6.800000000000000000e+01,6.850000000000000000e+01,3.790000000000000000e+04
2.012061100000000000e+07,6.850000000000000000e+01,6.850000000000000000e+01,6.850000000000000000e+01,6.850000000000000000e+01,0.000000000000000000e+00
2.012061800000000000e+07,6.700000000000000000e+01,6.850000000000000000e+01,6.700000000000000000e+01,6.850000000000000000e+01,8.900000000000000000e+03
2.012062500000000000e+07,6.850000000000000000e+01,6.850000000000000000e+01,6.750000000000000000e+01,6.750000000000000000e+01,4.400000000000000000e+03
2.012070200000000000e+07,6.800000000000000000e+01,6.800000000000000000e+01,6.750000000000000000e+01,6.750000000000000000e+01,7.300000000000000000e+03
2.012070900000000000e+07,6.750000000000000000e+01,6.875000000000000000e+01,6.750000000000000000e+01,6.750000000000000000e+01,3.402000000000000000e+05
2.012071600000000000e+07,6.750000000000000000e+01,6.790000152587890625e+01,6.750000000000000000e+01,6.750000000000000000e+01,5.000000000000000000e+03
2.012072300000000000e+07,6.750000000000000000e+01,6.750000000000000000e+01,6.750000000000000000e+01,6.750000000000000000e+01,0.000000000000000000e+00
2.012073000000000000e+07,6.800000000000000000e+01,6.800000000000000000e+01,6.750000000000000000e+01,6.750000000000000000e+01,2.400000000000000000e+03
2.012080600000000000e+07,6.750000000000000000e+01,6.750000000000000000e+01,6.750000000000000000e+01,6.750000000000000000e+01,0.000000000000000000e+00
2.012081300000000000e+07,6.650000000000000000e+01,6.700000000000000000e+01,6.650000000000000000e+01,6.650000000000000000e+01,1.000000000000000000e+02
2.012082000000000000e+07,6.690000000000000568e+01,6.800000000000000000e+01,6.515000152587890625e+01,6.650000000000000000e+01,1.190000000000000000e+04
2.012082700000000000e+07,6.650000000000000000e+01,6.650000000000000000e+01,6.550000000000000000e+01,6.650000000000000000e+01,4.400000000000000000e+04
2.012090300000000000e+07,6.650000000000000000e+01,6.733300018310546875e+01,6.650000000000000000e+01,6.700000000000000000e+01,6.000000000000000000e+03
2.012091000000000000e+07,6.700000000000000000e+01,6.700000000000000000e+01,6.600000000000000000e+01,6.700000000000000000e+01,1.100000000000000000e+04
2.012091700000000000e+07,6.700000000000000000e+01,6.700000000000000000e+01,6.600000000000000000e+01,6.700000000000000000e+01,5.030000000000000000e+04
2.012092400000000000e+07,6.650000000000000000e+01,6.700000000000000000e+01,6.100000000000000000e+01,6.700000000000000000e+01,1.496000000000000000e+05
2.012100100000000000e+07,6.700000000000000000e+01,6.750000000000000000e+01,6.600000000000000000e+01,6.750000000000000000e+01,3.289000000000000000e+05
2.012100800000000000e+07,6.600000000000000000e+01,6.750000000000000000e+01,6.600000000000000000e+01,6.700000000000000000e+01,3.213000000000000000e+05
2.012101500000000000e+07,6.700000000000000000e+01,6.800000000000000000e+01,6.530000305175781250e+01,6.650000000000000000e+01,1.350000000000000000e+04
2.012102200000000000e+07,6.750000000000000000e+01,6.769999694824218750e+01,6.500000000000000000e+01,6.650000000000000000e+01,9.900000000000000000e+03
2.012102900000000000e+07,6.650000000000000000e+01,6.775000000000000000e+01,6.650000000000000000e+01,6.650000000000000000e+01,6.300000000000000000e+03
2.012110500000000000e+07,6.650000000000000000e+01,6.775000000000000000e+01,6.650000000000000000e+01,6.650000000000000000e+01,2.000000000000000000e+02
2.012111200000000000e+07,6.515000000000000568e+01,6.775000000000000000e+01,6.500000000000000000e+01,6.650000000000000000e+01,5.600000000000000000e+03
2.012111900000000000e+07,6.800000000000000000e+01,7.200000000000000000e+01,6.650000000000000000e+01,7.050000000000000000e+01,1.300000000000000000e+04
2.012112600000000000e+07,7.050000000000000000e+01,7.300000000000000000e+01,7.025000000000000000e+01,7.050000000000000000e+01,2.290000000000000000e+04
2.012120300000000000e+07,7.150000000000000000e+01,7.300000000000000000e+01,7.000000000000000000e+01,7.150000000000000000e+01,5.370000000000000000e+04
2.012121000000000000e+07,7.090000000000000568e+01,7.400000000000000000e+01,7.000000000000000000e+01,7.250000000000000000e+01,5.480000000000000000e+04
2.012121700000000000e+07,7.250000000000000000e+01,7.400000000000000000e+01,7.250000000000000000e+01,7.250000000000000000e+01,3.600000000000000000e+03
2.012122400000000000e+07,7.400000000000000000e+01,7.500000000000000000e+01,7.400000000000000000e+01,7.400000000000000000e+01,6.300000000000000000e+03
2.012123100000000000e+07,7.400000000000000000e+01,8.300000000000000000e+01,7.400000000000000000e+01,8.200000000000000000e+01,5.010000000000000000e+04
2.013010700000000000e+07,8.100000000000000000e+01,8.366699981689453125e+01,8.000000000000000000e+01,8.200000000000000000e+01,4.205000000000000000e+05
2.013011400000000000e+07,8.400000000000000000e+01,8.500000000000000000e+01,8.350000000000000000e+01,8.350000000000000000e+01,1.130000000000000000e+04
2.013012100000000000e+07,8.700000000000000000e+01,8.800000000000000000e+01,8.429900360107421875e+01,8.700000000000000000e+01,3.320000000000000000e+04
2.013012800000000000e+07,8.629999999999999716e+01,9.500000000000000000e+01,8.630000305175781250e+01,9.250000000000000000e+01,2.090000000000000000e+04
2.013020400000000000e+07,9.100000000000000000e+01,9.150000000000000000e+01,8.409999847412109375e+01,8.550000000000000000e+01,3.910000000000000000e+04
2.013021100000000000e+07,8.200000000000000000e+01,8.475000000000000000e+01,7.962899780273437500e+01,8.450000000000000000e+01,1.840000000000000000e+04
2.013021800000000000e+07,8.500000000000000000e+01,8.500000000000000000e+01,7.991200256347656250e+01,8.400000000000000000e+01,7.800000000000000000e+03
2.013022500000000000e+07,8.359999999999999432e+01,8.400000000000000000e+01,8.000000000000000000e+01,8.000000000000000000e+01,2.210000000000000000e+04
2.013030400000000000e+07,8.000000000000000000e+01,8.050000000000000000e+01,7.700000000000000000e+01,7.900000000000000000e+01,2.390000000000000000e+04
2.013031100000000000e+07,7.700000000000000000e+01,7.800000000000000000e+01,7.600000000000000000e+01,7.750000000000000000e+01,7.400000000000000000e+03
2.013031800000000000e+07,7.900000000000000000e+01,8.500000000000000000e+01,7.638999938964843750e+01,8.150000000000000000e+01,1.809000000000000000e+05
2.013032500000000000e+07,8.150000000000000000e+01,8.200000000000000000e+01,8.000000000000000000e+01,8.150000000000000000e+01,4.620000000000000000e+04
2.013040100000000000e+07,8.150000000000000000e+01,8.190000152587890625e+01,7.800000000000000000e+01,7.850000000000000000e+01,3.970000000000000000e+04
2.013040800000000000e+07,7.850000000000000000e+01,8.000000000000000000e+01,7.709999847412109375e+01,7.850000000000000000e+01,1.090000000000000000e+04
2.013041500000000000e+07,8.000000000000000000e+01,8.000000000000000000e+01,7.509999847412109375e+01,7.700000000000000000e+01,1.180000000000000000e+04
2.013042200000000000e+07,7.900000000000000000e+01,8.200000000000000000e+01,7.500000000000000000e+01,8.050000000000000000e+01,8.370000000000000000e+04
2.013042900000000000e+07,8.190000000000000568e+01,8.290000152587890625e+01,7.800000000000000000e+01,8.050000000000000000e+01,2.070000000000000000e+04
2.013050600000000000e+07,8.050000000000000000e+01,8.550000000000000000e+01,7.900000000000000000e+01,8.200000000000000000e+01,1.082000000000000000e+05
2.013051300000000000e+07,8.225000000000000000e+01,8.300000000000000000e+01,8.100000000000000000e+01,8.100000000000000000e+01,6.690000000000000000e+04
2.013052000000000000e+07,8.026000000000000512e+01,8.133000183105468750e+01,7.984700012207031250e+01,8.100000000000000000e+01,2.110000000000000000e+04
2.013052700000000000e+07,8.100000000000000000e+01,8.119999694824218750e+01,8.009999847412109375e+01,8.100000000000000000e+01,2.400000000000000000e+03
2.013060300000000000e+07,7.800000000000000000e+01,8.000000000000000000e+01,7.500000000000000000e+01,7.850000000000000000e+01,5.550000000000000000e+04
2.013061000000000000e+07,7.850000000000000000e+01,7.880000305175781250e+01,7.700000000000000000e+01,7.850000000000000000e+01,1.530000000000000000e+04
2.013061700000000000e+07,7.879999999999999716e+01,8.398400115966796875e+01,7.830000305175781250e+01,8.000000000000000000e+01,2.990000000000000000e+04
2.013062400000000000e+07,8.000000000000000000e+01,8.150000000000000000e+01,8.000000000000000000e+01,8.000000000000000000e+01,2.000000000000000000e+02
2.013070100000000000e+07,8.150000000000000000e+01,8.150000000000000000e+01,7.800000000000000000e+01,7.950000000000000000e+01,4.060000000000000000e+04
2.013070800000000000e+07,7.950000000000000000e+01,8.050000000000000000e+01,7.866000366210937500e+01,7.950000000000000000e+01,4.400000000000000000e+03
2.013071500000000000e+07,7.950000000000000000e+01,8.069999694824218750e+01,7.825000000000000000e+01,7.950000000000000000e+01,9.500000000000000000e+03
2.013072200000000000e+07,8.054999999999999716e+01,8.100000000000000000e+01,7.509999847412109375e+01,7.900000000000000000e+01,6.160000000000000000e+04
2.013072900000000000e+07,7.657800000000000296e+01,8.040000152587890625e+01,7.600000000000000000e+01,7.800000000000000000e+01,1.069000000000000000e+05
2.013080500000000000e+07,7.650000000000000000e+01,7.859999847412109375e+01,7.600000000000000000e+01,7.800000000000000000e+01,8.760000000000000000e+04
2.013081200000000000e+07,7.854999999999999716e+01,7.855000305175781250e+01,7.600000000000000000e+01,7.700000000000000000e+01,7.560000000000000000e+04
2.013081900000000000e+07,7.700000000000000000e+01,8.800000000000000000e+01,7.700000000000000000e+01,8.650000000000000000e+01,1.151000000000000000e+05
2.013082600000000000e+07,8.650000000000000000e+01,8.905699920654296875e+01,8.500000000000000000e+01,8.600000000000000000e+01,4.240000000000000000e+04
2.013090200000000000e+07,8.700000000000000000e+01,9.100000000000000000e+01,8.640000152587890625e+01,8.800000000000000000e+01,3.040000000000000000e+04
2.013090900000000000e+07,9.000000000000000000e+01,9.100000000000000000e+01,8.800000000000000000e+01,8.950000000000000000e+01,5.770000000000000000e+04
2.013091600000000000e+07,8.920000000000000284e+01,9.900000000000000000e+01,8.919999694824218750e+01,9.750000000000000000e+01,1.557000000000000000e+05
2.013092300000000000e+07,9.650000000000000000e+01,1.120000000000000000e+02,9.600000000000000000e+01,1.025000000000000000e+02,1.989000000000000000e+05
2.013093000000000000e+07,1.000000000000000000e+02,1.045000000000000000e+02,9.732499694824218750e+01,9.950000000000000000e+01,1.008000000000000000e+05
2.013100700000000000e+07,9.850000000000000000e+01,1.007500000000000000e+02,9.600000000000000000e+01,9.850000000000000000e+01,3.320000000000000000e+04
2.013101400000000000e+07,1.007500000000000000e+02,1.080000000000000000e+02,9.550000000000000000e+01,1.035000000000000000e+02,2.703000000000000000e+05
2.013102100000000000e+07,1.047999999999999972e+02,1.199199981689453125e+02,1.000999984741210938e+02,1.190000000000000000e+02,3.660000000000000000e+05
2.013102800000000000e+07,1.185000000000000000e+02,1.270000000000000000e+02,1.185000000000000000e+02,1.240000000000000000e+02,1.158000000000000000e+05
2.013110400000000000e+07,1.220799999999999983e+02,1.254000015258789062e+02,1.140000000000000000e+02,1.165000000000000000e+02,4.430000000000000000e+05
2.013111100000000000e+07,1.172999999999999972e+02,1.187500000000000000e+02,1.130000000000000000e+02,1.145000000000000000e+02,8.300000000000000000e+04
2.013111800000000000e+07,1.130000000000000000e+02,1.200000000000000000e+02,1.030000000000000000e+02,1.150000000000000000e+02,1.780000000000000000e+05
2.013112500000000000e+07,1.134000000000000057e+02,1.150000000000000000e+02,1.023499984741210938e+02,1.070000000000000000e+02,1.379000000000000000e+05
2.013120200000000000e+07,1.085000000000000000e+02,1.150000000000000000e+02,1.072500000000000000e+02,1.140000000000000000e+02,4.043000000000000000e+05
2.013120900000000000e+07,1.130199999999999960e+02,1.146800003051757812e+02,1.100000000000000000e+02,1.100000000000000000e+02,3.170000000000000000e+04
2.013121600000000000e+07,1.080000000000000000e+02,1.100000000000000000e+02,1.050000000000000000e+02,1.075000000000000000e+02,6.600000000000000000e+04
2.013122300000000000e+07,1.099500000000000028e+02,1.099499969482421875e+02,1.050000000000000000e+02,1.060000000000000000e+02,1.367600000000000000e+06
2.013123000000000000e+07,1.060000000000000000e+02,1.069499969482421875e+02,9.800000000000000000e+01,1.045000000000000000e+02,1.129000000000000000e+05
2.014010600000000000e+07,1.030000000000000000e+02,1.170000000000000000e+02,1.030000000000000000e+02,1.145000000000000000e+02,5.080000000000000000e+04
2.014011300000000000e+07,1.136500000000000057e+02,1.159000015258789062e+02,1.120000000000000000e+02,1.135000000000000000e+02,6.060000000000000000e+04
2.014012000000000000e+07,1.142999999999999972e+02,1.144000015258789062e+02,1.120000000000000000e+02,1.120000000000000000e+02,2.490000000000000000e+04
2.014012700000000000e+07,1.092500000000000000e+02,1.095500030517578125e+02,1.050000000000000000e+02,1.060000000000000000e+02,1.030000000000000000e+04
2.014020300000000000e+07,1.050000000000000000e+02,1.185000000000000000e+02,1.030000000000000000e+02,1.165000000000000000e+02,1.040000000000000000e+05
2.014021000000000000e+07,1.170000000000000000e+02,1.190000000000000000e+02,1.105000000000000000e+02,1.135000000000000000e+02,4.970000000000000000e+04
2.014021700000000000e+07,1.138599999999999994e+02,1.138600006103515625e+02,1.120000000000000000e+02,1.125000000000000000e+02,3.180000000000000000e+04
2.014022400000000000e+07,1.120000000000000000e+02,1.123399963378906250e+02,1.080000000000000000e+02,1.115000000000000000e+02,3.120000000000000000e+04
2.014030300000000000e+07,1.102500000000000000e+02,1.102500000000000000e+02,1.030000000000000000e+02,1.075000000000000000e+02,1.660000000000000000e+04
2.014031000000000000e+07,1.075000000000000000e+02,1.075000000000000000e+02,1.040000000000000000e+02,1.065000000000000000e+02,1.160000000000000000e+05
2.014031700000000000e+07,1.065000000000000000e+02,1.085000000000000000e+02,1.030000000000000000e+02,1.065000000000000000e+02,2.270000000000000000e+04
2.014032400000000000e+07,1.083250000000000028e+02,1.090000000000000000e+02,1.030000000000000000e+02,1.090000000000000000e+02,3.360000000000000000e+04
2.014033100000000000e+07,1.090000000000000000e+02,1.140000000000000000e+02,1.084000015258789062e+02,1.125000000000000000e+02,3.270000000000000000e+04
2.014040700000000000e+07,1.150000000000000000e+02,1.200000000000000000e+02,1.078799972534179688e+02,1.115000000000000000e+02,3.880000000000000000e+04
2.014041400000000000e+07,1.115000000000000000e+02,1.127500000000000000e+02,1.110000000000000000e+02,1.115000000000000000e+02,1.500000000000000000e+03
2.014042100000000000e+07,1.115000000000000000e+02,1.129700012207031250e+02,1.100449981689453125e+02,1.115000000000000000e+02,1.060000000000000000e+04
2.014042800000000000e+07,1.100000000000000000e+02,1.150000000000000000e+02,1.050000000000000000e+02,1.085000000000000000e+02,6.051000000000000000e+05
2.014050500000000000e+07,1.085000000000000000e+02,1.085000000000000000e+02,1.030000000000000000e+02,1.055000000000000000e+02,1.850000000000000000e+04
2.014051200000000000e+07,1.034669999999999987e+02,1.142880020141601562e+02,1.020000000000000000e+02,1.095000000000000000e+02,4.920000000000000000e+04
2.014051900000000000e+07,1.070000000000000000e+02,1.099199981689453125e+02,1.040000000000000000e+02,1.080000000000000000e+02,1.180000000000000000e+04
2.014052600000000000e+07,1.080000000000000000e+02,1.090000000000000000e+02,1.000000000000000000e+02,1.065000000000000000e+02,4.540000000000000000e+04
2.014060200000000000e+07,1.080000000000000000e+02,1.080000000000000000e+02,1.040000000000000000e+02,1.055000000000000000e+02,2.630000000000000000e+04
2.014060900000000000e+07,1.055000000000000000e+02,1.055000000000000000e+02,1.015000000000000000e+02,1.035000000000000000e+02,1.620000000000000000e+04
2.014061600000000000e+07,1.050000000000000000e+02,1.050000000000000000e+02,8.800000000000000000e+01,9.200000000000000000e+01,4.370000000000000000e+04
2.014062300000000000e+07,9.200000000000000000e+01,9.400000000000000000e+01,9.072000122070312500e+01,9.300000000000000000e+01,8.500000000000000000e+03
2.014063000000000000e+07,9.300000000000000000e+01,9.700000000000000000e+01,9.300000000000000000e+01,9.450000000000000000e+01,3.320000000000000000e+04
2.014070700000000000e+07,9.900000000000000000e+01,1.090000000000000000e+02,9.800000000000000000e+01,1.050000000000000000e+02,3.630000000000000000e+04
2.014071400000000000e+07,1.042500000000000000e+02,1.147500000000000000e+02,1.020000000000000000e+02,1.035000000000000000e+02,5.550000000000000000e+04
2.014072100000000000e+07,1.035000000000000000e+02,1.080000000000000000e+02,1.010000000000000000e+02,1.060000000000000000e+02,1.450000000000000000e+04
2.014072800000000000e+07,1.070000000000000000e+02,1.070000000000000000e+02,1.050000000000000000e+02,1.050000000000000000e+02,1.830000000000000000e+04
2.014080400000000000e+07,1.040000000000000000e+02,1.050000000000000000e+02,1.004000015258789062e+02,1.020000000000000000e+02,3.290000000000000000e+04
2.014081100000000000e+07,1.000000000000000000e+02,1.030000000000000000e+02,1.000000000000000000e+02,1.025000000000000000e+02,4.700000000000000000e+03
2.014081800000000000e+07,1.025000000000000000e+02,1.030000000000000000e+02,9.900000000000000000e+01,1.025000000000000000e+02,1.770000000000000000e+04
2.014082500000000000e+07,1.025000000000000000e+02,1.065000000000000000e+02,1.015999984741210938e+02,1.025000000000000000e+02,2.670000000000000000e+04
2.014090100000000000e+07,1.074749999999999943e+02,1.075000000000000000e+02,1.055000000000000000e+02,1.055000000000000000e+02,9.200000000000000000e+03
2.014090800000000000e+07,1.075000000000000000e+02,1.075000000000000000e+02,1.045000000000000000e+02,1.055000000000000000e+02,9.800000000000000000e+03
2.014091500000000000e+07,1.055000000000000000e+02,1.055000000000000000e+02,1.015999984741210938e+02,1.030000000000000000e+02,1.390000000000000000e+04
2.014092200000000000e+07,1.015999999999999943e+02,1.050000000000000000e+02,1.005999984741210938e+02,1.027500000000000000e+02,1.790000000000000000e+04
2.014092900000000000e+07,1.027500000000000000e+02,1.027500000000000000e+02,9.800000000000000000e+01,9.850000000000000000e+01,2.440000000000000000e+04
2.014100600000000000e+07,9.850000000000000000e+01,1.000000000000000000e+02,9.300000000000000000e+01,9.550000000000000000e+01,5.690000000000000000e+04
2.014101300000000000e+07,9.550000000000000000e+01,9.750000000000000000e+01,9.400000000000000000e+01,9.650000000000000000e+01,6.450000000000000000e+04
2.014102000000000000e+07,9.650000000000000000e+01,9.750000000000000000e+01,9.550000000000000000e+01,9.550000000000000000e+01,3.120000000000000000e+04
2.014102700000000000e+07,9.550000000000000000e+01,9.800000000000000000e+01,9.550000000000000000e+01,9.550000000000000000e+01,4.000000000000000000e+03
2.014110300000000000e+07,9.300000000000000000e+01,9.800000000000000000e+01,9.300000000000000000e+01,9.550000000000000000e+01,3.850000000000000000e+04
2.014111000000000000e+07,9.550000000000000000e+01,1.030000000000000000e+02,9.550000000000000000e+01,1.005000000000000000e+02,5.400000000000000000e+03
2.014111700000000000e+07,1.005000000000000000e+02,1.005000000000000000e+02,9.900000000000000000e+01,1.005000000000000000e+02,2.000000000000000000e+02
2.014112400000000000e+07,1.030000000000000000e+02,1.030000000000000000e+02,9.850000000000000000e+01,9.850000000000000000e+01,4.560000000000000000e+04
2.014120100000000000e+07,9.900000000000000000e+01,1.000000000000000000e+02,9.700000000000000000e+01,9.700000000000000000e+01,1.860000000000000000e+04
2.014120800000000000e+07,1.000000000000000000e+02,1.020000000000000000e+02,9.525000000000000000e+01,9.950000000000000000e+01,4.850000000000000000e+04
2.014121500000000000e+07,9.900000000000000000e+01,9.950000000000000000e+01,9.800000000000000000e+01,9.850000000000000000e+01,1.060000000000000000e+04
2.014122200000000000e+07,9.850000000000000000e+01,9.850000000000000000e+01,9.750000000000000000e+01,9.750000000000000000e+01,0.000000000000000000e+00
2.014122900000000000e+07,9.600000000000000000e+01,9.750000000000000000e+01,9.600000000000000000e+01,9.650000000000000000e+01,2.400000000000000000e+03
2.015010500000000000e+07,9.800000000000000000e+01,9.800000000000000000e+01,9.500000000000000000e+01,9.600000000000000000e+01,2.640000000000000000e+04
2.015011200000000000e+07,9.500000000000000000e+01,9.650000000000000000e+01,9.300000000000000000e+01,9.450000000000000000e+01,8.100000000000000000e+03
2.015011900000000000e+07,9.675000000000000000e+01,9.675000000000000000e+01,9.000000000000000000e+01,9.150000000000000000e+01,1.800000000000000000e+04
2.015012600000000000e+07,9.150000000000000000e+01,9.150000000000000000e+01,9.000000000000000000e+01,9.100000000000000000e+01,1.180000000000000000e+04
2.015020200000000000e+07,9.200000000000000000e+01,1.080000000000000000e+02,8.902999877929687500e+01,1.015000000000000000e+02,9.710000000000000000e+04
2.015020900000000000e+07,1.027500000000000000e+02,1.070000000000000000e+02,1.025000000000000000e+02,1.050000000000000000e+02,5.130000000000000000e+04
2.015021600000000000e+07,1.022999999999999972e+02,1.070000000000000000e+02,1.023000030517578125e+02,1.040000000000000000e+02,1.890000000000000000e+04
2.015022300000000000e+07,1.030000000000000000e+02,1.060000000000000000e+02,1.025000000000000000e+02,1.035000000000000000e+02,4.330000000000000000e+04
2.015030200000000000e+07,1.035000000000000000e+02,1.049899978637695312e+02,1.035000000000000000e+02,1.035000000000000000e+02,3.600000000000000000e+03
2.015030900000000000e+07,1.060000000000000000e+02,1.060000000000000000e+02,1.030000000000000000e+02,1.040000000000000000e+02,1.890000000000000000e+04
2.015031600000000000e+07,1.040000000000000000e+02,1.045000000000000000e+02,1.032500000000000000e+02,1.040000000000000000e+02,3.000000000000000000e+03
2.015032300000000000e+07,1.030000000000000000e+02,1.050000000000000000e+02,1.030000000000000000e+02,1.040000000000000000e+02,1.530000000000000000e+04
2.015033000000000000e+07,1.030000000000000000e+02,1.040000000000000000e+02,1.015000000000000000e+02,1.015000000000000000e+02,7.000000000000000000e+03
2.015040600000000000e+07,1.015000000000000000e+02,1.030550003051757812e+02,1.005000000000000000e+02,1.020000000000000000e+02,1.510000000000000000e+04
2.015041300000000000e+07,1.020000000000000000e+02,1.040000000000000000e+02,1.015999984741210938e+02,1.025000000000000000e+02,1.540000000000000000e+04
2.015042000000000000e+07,1.020000000000000000e+02,1.089800033569335938e+02,1.020000000000000000e+02,1.070000000000000000e+02,4.520000000000000000e+04
2.015042700000000000e+07,1.081800000000000068e+02,1.081999969482421875e+02,1.050000000000000000e+02,1.070000000000000000e+02,3.780000000000000000e+04
2.015050400000000000e+07,1.070000000000000000e+02,1.090000000000000000e+02,1.030000000000000000e+02,1.055000000000000000e+02,6.400000000000000000e+03
2.015051100000000000e+07,1.055000000000000000e+02,1.140000000000000000e+02,1.055000000000000000e+02,1.125000000000000000e+02,1.840000000000000000e+04
2.015051800000000000e+07,1.140000000000000000e+02,1.140000000000000000e+02,1.105999984741210938e+02,1.125000000000000000e+02,8.400000000000000000e+03
2.015052500000000000e+07,1.125000000000000000e+02,1.150000000000000000e+02,1.100000000000000000e+02,1.115000000000000000e+02,2.150000000000000000e+04
2.015060100000000000e+07,1.130000000000000000e+02,1.200000000000000000e+02,1.130000000000000000e+02,1.185000000000000000e+02,6.280000000000000000e+04
2.015060800000000000e+07,1.160999999999999943e+02,1.211119995117187500e+02,1.150999984741210938e+02,1.155000000000000000e+02,1.680000000000000000e+04
2.015061500000000000e+07,1.155000000000000000e+02,1.157500000000000000e+02,1.080000000000000000e+02,1.085000000000000000e+02,2.720000000000000000e+04
2.015062200000000000e+07,1.076149999999999949e+02,1.158150024414062500e+02,1.070000000000000000e+02,1.095000000000000000e+02,2.020000000000000000e+04
2.015062900000000000e+07,1.075000000000000000e+02,1.097500000000000000e+02,1.070000000000000000e+02,1.095000000000000000e+02,5.900000000000000000e+03
2.015070600000000000e+07,1.150000000000000000e+02,1.150000000000000000e+02,1.070000000000000000e+02,1.085000000000000000e+02,1.190000000000000000e+04
2.015071300000000000e+07,1.085000000000000000e+02,1.130000000000000000e+02,1.085000000000000000e+02,1.105000000000000000e+02,1.150000000000000000e+04
2.015072000000000000e+07,1.102999999999999972e+02,1.147500000000000000e+02,1.103000030517578125e+02,1.145000000000000000e+02,1.280000000000000000e+04
2.015072700000000000e+07,1.130000000000000000e+02,1.140000000000000000e+02,1.100000000000000000e+02,1.120000000000000000e+02,8.800000000000000000e+03
2.015080300000000000e+07,1.125000000000000000e+02,1.130000000000000000e+02,1.120000000000000000e+02,1.120000000000000000e+02,6.700000000000000000e+03
2.015081000000000000e+07,1.132000000000000028e+02,1.147500000000000000e+02,1.115000000000000000e+02,1.125000000000000000e+02,1.790000000000000000e+04
2.015081700000000000e+07,1.107500000000000000e+02,1.145000000000000000e+02,1.107500000000000000e+02,1.125000000000000000e+02,1.800000000000000000e+03
2.015082400000000000e+07,1.107500000000000000e+02,1.115000000000000000e+02,1.080000000000000000e+02,1.095000000000000000e+02,8.400000000000000000e+03
2.015083100000000000e+07,1.095000000000000000e+02,1.115000000000000000e+02,1.095000000000000000e+02,1.095000000000000000e+02,7.000000000000000000e+02
2.015090700000000000e+07,1.095000000000000000e+02,1.115000000000000000e+02,1.070000000000000000e+02,1.085000000000000000e+02,2.500000000000000000e+03
2.015091400000000000e+07,1.085000000000000000e+02,1.085000000000000000e+02,7.900000000000000000e+01,7.900000000000000000e+01,1.116000000000000000e+05
2.015092100000000000e+07,7.779999999999999716e+01,8.400000000000000000e+01,7.700000000000000000e+01,8.250000000000000000e+01,6.340000000000000000e+04
2.015092800000000000e+07,8.450000000000000000e+01,8.450000000000000000e+01,7.500000000000000000e+01,7.750000000000000000e+01,7.810000000000000000e+04
2.015100500000000000e+07,7.970000000000000284e+01,7.969999694824218750e+01,7.700000000000000000e+01,7.850000000000000000e+01,1.370000000000000000e+04
2.015101200000000000e+07,7.850000000000000000e+01,7.969999694824218750e+01,7.500000000000000000e+01,7.650000000000000000e+01,1.980000000000000000e+04
2.015101900000000000e+07,7.915800000000000125e+01,8.100000000000000000e+01,7.650000000000000000e+01,8.050000000000000000e+01,9.150000000000000000e+04
2.015102600000000000e+07,8.200000000000000000e+01,8.200000000000000000e+01,7.800000000000000000e+01,8.050000000000000000e+01,9.900000000000000000e+03
2.015110200000000000e+07,8.195000000000000284e+01,8.194999694824218750e+01,7.700000000000000000e+01,7.750000000000000000e+01,9.900000000000000000e+03
2.015110900000000000e+07,7.750000000000000000e+01,7.900000000000000000e+01,7.600000000000000000e+01,7.750000000000000000e+01,4.600000000000000000e+04
2.015111600000000000e+07,7.829999999999999716e+01,7.869999694824218750e+01,7.700000000000000000e+01,7.700000000000000000e+01,1.359700000000000000e+06
2.015112300000000000e+07,7.779999999999999716e+01,7.780000305175781250e+01,7.609999847412109375e+01,7.700000000000000000e+01,1.090000000000000000e+05
2.015113000000000000e+07,7.700000000000000000e+01,8.117500305175781250e+01,7.700000000000000000e+01,7.700000000000000000e+01,5.000000000000000000e+03
2.015120700000000000e+07,7.800000000000000000e+01,8.000000000000000000e+01,7.750000000000000000e+01,7.750000000000000000e+01,2.690000000000000000e+04
2.015121400000000000e+07,7.750000000000000000e+01,7.850000000000000000e+01,7.500000000000000000e+01,7.500000000000000000e+01,5.530000000000000000e+04
2.015122100000000000e+07,7.500000000000000000e+01,7.600000000000000000e+01,7.250000000000000000e+01,7.400000000000000000e+01,5.000000000000000000e+04
2.016010400000000000e+07,7.259999999999999432e+01,7.519999694824218750e+01,7.000000000000000000e+01,7.200000000000000000e+01,2.260000000000000000e+04
2.016011100000000000e+07,6.800000000000000000e+01,7.300000000000000000e+01,6.500000000000000000e+01,6.950000000000000000e+01,3.150000000000000000e+04
2.016011800000000000e+07,6.750000000000000000e+01,6.950000000000000000e+01,6.500000000000000000e+01,6.750000000000000000e+01,1.108000000000000000e+05
2.016012500000000000e+07,6.750000000000000000e+01,7.075000000000000000e+01,6.750000000000000000e+01,6.850000000000000000e+01,6.500000000000000000e+03
2.016020100000000000e+07,7.050000000000000000e+01,7.500000000000000000e+01,7.000000000000000000e+01,7.350000000000000000e+01,2.250000000000000000e+04
2.016020800000000000e+07,7.500000000000000000e+01,8.050000000000000000e+01,7.300000000000000000e+01,7.950000000000000000e+01,1.050000000000000000e+04
2.016021500000000000e+07,7.950000000000000000e+01,8.700000000000000000e+01,7.900000000000000000e+01,8.500000000000000000e+01,3.900000000000000000e+04
2.016022200000000000e+07,8.500000000000000000e+01,8.900000000000000000e+01,8.419999694824218750e+01,8.700000000000000000e+01,2.380000000000000000e+04
