2.006100900000000000e+07,5.600000000000000000e+02,6.050000000000000000e+02,5.600000000000000000e+02,5.720000000000000000e+02,1.077871040000000000e+08
2.006101600000000000e+07,5.700000000000000000e+02,5.950000000000000000e+02,5.580000000000000000e+02,5.885000000000000000e+02,7.194969600000000000e+07
2.006102300000000000e+07,5.890000000000000000e+02,5.940000000000000000e+02,5.700000000000000000e+02,5.735000000000000000e+02,2.878980000000000000e+07
2.006103000000000000e+07,5.720000000000000000e+02,5.820000000000000000e+02,5.620000000000000000e+02,5.780000000000000000e+02,3.372570000000000000e+07
2.006110600000000000e+07,5.720000000000000000e+02,5.969699707031250000e+02,5.715000000000000000e+02,5.860000000000000000e+02,2.574410000000000000e+07
2.006111300000000000e+07,5.880000000000000000e+02,6.280000000000000000e+02,5.880000000000000000e+02,6.025000000000000000e+02,4.412420000000000000e+07
2.006112000000000000e+07,5.985000000000000000e+02,6.245000000000000000e+02,5.905000000000000000e+02,6.005000000000000000e+02,5.449870000000000000e+07
2.006112700000000000e+07,5.985000000000000000e+02,6.040000000000000000e+02,5.252700195312500000e+02,5.800000000000000000e+02,4.746050000000000000e+07
2.006120400000000000e+07,5.785000000000000000e+02,5.872500000000000000e+02,5.680000000000000000e+02,5.800000000000000000e+02,2.846410000000000000e+07
2.006121100000000000e+07,5.835000000000000000e+02,5.940000000000000000e+02,5.740000000000000000e+02,5.875000000000000000e+02,3.996900000000000000e+07
2.006121800000000000e+07,5.900000000000000000e+02,6.060000000000000000e+02,5.836500244140625000e+02,5.970000000000000000e+02,1.852520000000000000e+07
2.006122500000000000e+07,5.970000000000000000e+02,6.055000000000000000e+02,5.935000000000000000e+02,5.995000000000000000e+02,3.822000000000000000e+06
2.007010100000000000e+07,5.995000000000000000e+02,6.030000000000000000e+02,5.811199951171875000e+02,5.890000000000000000e+02,1.975010000000000000e+07
2.007010800000000000e+07,5.880000000000000000e+02,6.017999877929687500e+02,5.740100097656250000e+02,5.860000000000000000e+02,5.458320000000000000e+07
2.007011500000000000e+07,5.865000000000000000e+02,5.935000000000000000e+02,5.790000000000000000e+02,5.860000000000000000e+02,2.573100000000000000e+07
2.007012200000000000e+07,5.850000000000000000e+02,6.004899902343750000e+02,5.740000000000000000e+02,5.750000000000000000e+02,3.993610000000000000e+07
2.007012900000000000e+07,5.760000000000000000e+02,6.080999755859375000e+02,5.705000000000000000e+02,6.040000000000000000e+02,4.803210000000000000e+07
2.007020500000000000e+07,6.040000000000000000e+02,6.085000000000000000e+02,5.958350219726562500e+02,6.030000000000000000e+02,2.052850000000000000e+07
2.007021200000000000e+07,5.995000000000000000e+02,6.125000000000000000e+02,5.943250122070312500e+02,6.120000000000000000e+02,2.577570000000000000e+07
2.007021900000000000e+07,6.105000000000000000e+02,6.293950195312500000e+02,6.050910034179687500e+02,6.225000000000000000e+02,2.842940000000000000e+07
2.007022600000000000e+07,6.230000000000000000e+02,6.370000000000000000e+02,5.815000000000000000e+02,5.850000000000000000e+02,4.868570000000000000e+07
2.007030500000000000e+07,5.800000000000000000e+02,6.000000000000000000e+02,5.679949951171875000e+02,5.915000000000000000e+02,3.535010000000000000e+07
2.007031200000000000e+07,5.955000000000000000e+02,5.964099731445312500e+02,5.615000000000000000e+02,5.785000000000000000e+02,2.731170000000000000e+07
2.007031900000000000e+07,5.795000000000000000e+02,6.120000000000000000e+02,5.795000000000000000e+02,5.950000000000000000e+02,2.796160000000000000e+07
2.007032600000000000e+07,6.025000000000000000e+02,6.060000000000000000e+02,5.685000000000000000e+02,5.855000000000000000e+02,2.968390000000000000e+07
2.007040200000000000e+07,5.870000000000000000e+02,6.201149902343750000e+02,5.838499755859375000e+02,6.120000000000000000e+02,2.059920000000000000e+07
2.007040900000000000e+07,6.120000000000000000e+02,6.195000000000000000e+02,5.885000000000000000e+02,5.890000000000000000e+02,1.464360000000000000e+07
2.007041600000000000e+07,5.900000000000000000e+02,6.050000000000000000e+02,5.830000000000000000e+02,5.885000000000000000e+02,3.765280000000000000e+07
2.007042300000000000e+07,5.880000000000000000e+02,5.919699707031250000e+02,5.650000000000000000e+02,5.700000000000000000e+02,3.993800000000000000e+07
2.007043000000000000e+07,5.710000000000000000e+02,5.950000000000000000e+02,5.602500000000000000e+02,5.920000000000000000e+02,4.466560000000000000e+07
2.007050700000000000e+07,5.920000000000000000e+02,5.950000000000000000e+02,5.660399780273437500e+02,5.780000000000000000e+02,2.829210000000000000e+07
2.007051400000000000e+07,5.780000000000000000e+02,6.100000000000000000e+02,5.735000000000000000e+02,6.095000000000000000e+02,4.154390000000000000e+07
2.007052100000000000e+07,6.125000000000000000e+02,6.300000000000000000e+02,5.855000000000000000e+02,6.280000000000000000e+02,6.093300000000000000e+07
2.007052800000000000e+07,6.280000000000000000e+02,6.370000000000000000e+02,6.083259887695312500e+02,6.260000000000000000e+02,2.000530000000000000e+07
2.007060400000000000e+07,6.265000000000000000e+02,6.300000000000000000e+02,5.870000000000000000e+02,5.965000000000000000e+02,3.739220000000000000e+07
2.007061100000000000e+07,5.975000000000000000e+02,6.235000000000000000e+02,5.970000000000000000e+02,6.170000000000000000e+02,3.386950000000000000e+07
2.007061800000000000e+07,6.200000000000000000e+02,6.240000000000000000e+02,5.900000000000000000e+02,5.905000000000000000e+02,2.563080000000000000e+07
2.007062500000000000e+07,5.875000000000000000e+02,6.415000000000000000e+02,5.850000000000000000e+02,6.295000000000000000e+02,4.717960000000000000e+07
2.007070200000000000e+07,6.255000000000000000e+02,6.420000000000000000e+02,3.625000000000000000e+02,6.235000000000000000e+02,2.881690000000000000e+07
2.007070900000000000e+07,6.275000000000000000e+02,6.390000000000000000e+02,6.100000000000000000e+02,6.300000000000000000e+02,4.772670000000000000e+07
2.007071600000000000e+07,6.295000000000000000e+02,6.415000000000000000e+02,5.820000000000000000e+02,5.900000000000000000e+02,4.016900000000000000e+07
2.007072300000000000e+07,5.900000000000000000e+02,5.960000000000000000e+02,5.490000000000000000e+02,5.510000000000000000e+02,5.607090000000000000e+07
2.007073000000000000e+07,5.500000000000000000e+02,6.000000000000000000e+02,5.350000000000000000e+02,5.390000000000000000e+02,5.970470000000000000e+07
2.007080600000000000e+07,5.350000000000000000e+02,5.855000000000000000e+02,5.325000000000000000e+02,5.450000000000000000e+02,4.675390000000000000e+07
2.007081300000000000e+07,5.465000000000000000e+02,6.260000000000000000e+02,4.160000000000000000e+02,5.000000000000000000e+02,9.440580800000000000e+07
2.007082000000000000e+07,5.000000000000000000e+02,6.140000000000000000e+02,4.760000000000000000e+02,5.330000000000000000e+02,4.247190000000000000e+07
2.007082700000000000e+07,5.330000000000000000e+02,5.335000000000000000e+02,5.015000000000000000e+02,5.230000000000000000e+02,3.078700000000000000e+07
2.007090300000000000e+07,5.280000000000000000e+02,5.312899780273437500e+02,5.039899902343750000e+02,5.065000000000000000e+02,3.004610000000000000e+07
2.007091000000000000e+07,5.095000000000000000e+02,5.435000000000000000e+02,5.030000000000000000e+02,5.245000000000000000e+02,3.023990000000000000e+07
2.007091700000000000e+07,5.245000000000000000e+02,5.485000000000000000e+02,4.106539916992187500e+02,5.290000000000000000e+02,3.368660000000000000e+07
2.007092400000000000e+07,5.280000000000000000e+02,5.445000000000000000e+02,5.135000000000000000e+02,5.170000000000000000e+02,4.250120000000000000e+07
2.007100100000000000e+07,5.120000000000000000e+02,8.885000000000000000e+02,5.105000000000000000e+02,5.490000000000000000e+02,6.631430000000000000e+07
2.007100800000000000e+07,5.480000000000000000e+02,1.033489990234375000e+03,4.937500000000000000e+02,4.980000000000000000e+02,8.540990400000000000e+07
2.007101500000000000e+07,4.970000000000000000e+02,5.000000000000000000e+02,4.720000000000000000e+02,4.750000000000000000e+02,6.429300000000000000e+07
2.007102200000000000e+07,4.690000000000000000e+02,5.021700134277343750e+02,4.534519958496093750e+02,4.970000000000000000e+02,3.160430000000000000e+07
2.007102900000000000e+07,5.035000000000000000e+02,5.090000000000000000e+02,4.795000000000000000e+02,4.850000000000000000e+02,2.798510000000000000e+07
2.007110500000000000e+07,4.860000000000000000e+02,4.860000000000000000e+02,4.330000000000000000e+02,4.510000000000000000e+02,3.012580000000000000e+07
2.007111200000000000e+07,4.502500000000000000e+02,4.797500000000000000e+02,3.833129882812500000e+02,4.180000000000000000e+02,6.116830000000000000e+07
2.007111900000000000e+07,4.205000000000000000e+02,4.320000000000000000e+02,4.091849975585937500e+02,4.250000000000000000e+02,2.965730000000000000e+07
2.007112600000000000e+07,4.312500000000000000e+02,4.367500000000000000e+02,4.015000000000000000e+02,4.250000000000000000e+02,2.235100000000000000e+07
2.007120300000000000e+07,4.240000000000000000e+02,4.340000000000000000e+02,4.035000000000000000e+02,4.130000000000000000e+02,2.863570000000000000e+07
2.007121000000000000e+07,4.157500000000000000e+02,4.165000000000000000e+02,3.765000000000000000e+02,3.875000000000000000e+02,3.608230000000000000e+07
2.007121700000000000e+07,3.840000000000000000e+02,4.022500000000000000e+02,3.760000000000000000e+02,3.950000000000000000e+02,2.392560000000000000e+07
2.007122400000000000e+07,3.872500000000000000e+02,4.100000000000000000e+02,3.872500000000000000e+02,4.002500000000000000e+02,5.615200000000000000e+06
2.007123100000000000e+07,4.017500000000000000e+02,4.107500000000000000e+02,3.875000000000000000e+02,3.952500000000000000e+02,1.636040000000000000e+07
2.008010700000000000e+07,3.952500000000000000e+02,4.035000000000000000e+02,3.570000000000000000e+02,3.597500000000000000e+02,3.550290000000000000e+07
2.008011400000000000e+07,3.610000000000000000e+02,3.822500000000000000e+02,3.472500000000000000e+02,3.727500000000000000e+02,5.702240000000000000e+07
2.008012100000000000e+07,3.670000000000000000e+02,4.222500000000000000e+02,3.407500000000000000e+02,3.990000000000000000e+02,4.892180000000000000e+07
2.008012800000000000e+07,3.910000000000000000e+02,4.620000000000000000e+02,3.870000000000000000e+02,4.440000000000000000e+02,4.899960000000000000e+07
2.008020400000000000e+07,4.450000000000000000e+02,4.450000000000000000e+02,4.110000000000000000e+02,4.235000000000000000e+02,2.956960000000000000e+07
2.008021100000000000e+07,4.180000000000000000e+02,4.667500000000000000e+02,4.140000000000000000e+02,4.430000000000000000e+02,2.505670000000000000e+07
2.008021800000000000e+07,4.517500000000000000e+02,4.672500000000000000e+02,4.235000000000000000e+02,4.250000000000000000e+02,2.585610000000000000e+07
2.008022500000000000e+07,4.275000000000000000e+02,4.500000000000000000e+02,4.235000000000000000e+02,4.260000000000000000e+02,2.393030000000000000e+07
2.008030300000000000e+07,4.200000000000000000e+02,4.282500000000000000e+02,4.020000000000000000e+02,4.075000000000000000e+02,2.138920000000000000e+07
2.008031000000000000e+07,4.077500000000000000e+02,4.200000000000000000e+02,3.775000000000000000e+02,3.800000000000000000e+02,2.718120000000000000e+07
2.008031700000000000e+07,3.720000000000000000e+02,3.850000000000000000e+02,3.500000000000000000e+02,3.675000000000000000e+02,3.648330000000000000e+07
2.008032400000000000e+07,3.675000000000000000e+02,3.970000000000000000e+02,3.625000000000000000e+02,3.645000000000000000e+02,2.375980000000000000e+07
2.008033100000000000e+07,3.600000000000000000e+02,3.885000000000000000e+02,3.592500000000000000e+02,3.647500000000000000e+02,2.353940000000000000e+07
2.008040700000000000e+07,3.660000000000000000e+02,3.732500000000000000e+02,3.482500000000000000e+02,3.550000000000000000e+02,2.053870000000000000e+07
2.008041400000000000e+07,3.470000000000000000e+02,3.990000000000000000e+02,3.470000000000000000e+02,3.950000000000000000e+02,3.910210000000000000e+07
2.008042100000000000e+07,3.975000000000000000e+02,4.055000000000000000e+02,3.760000000000000000e+02,3.860000000000000000e+02,2.149580000000000000e+07
2.008042800000000000e+07,3.890000000000000000e+02,4.040000000000000000e+02,3.740000000000000000e+02,4.017500000000000000e+02,2.419730000000000000e+07
2.008050500000000000e+07,4.017500000000000000e+02,4.240000000000000000e+02,3.922500000000000000e+02,4.212500000000000000e+02,1.714910000000000000e+07
2.008051200000000000e+07,4.240000000000000000e+02,4.257500000000000000e+02,4.010000000000000000e+02,4.095000000000000000e+02,1.954350000000000000e+07
2.008051900000000000e+07,4.100000000000000000e+02,4.265000000000000000e+02,3.875000000000000000e+02,3.987500000000000000e+02,2.099210000000000000e+07
2.008052600000000000e+07,3.987500000000000000e+02,4.150000000000000000e+02,3.957500000000000000e+02,4.057500000000000000e+02,1.419830000000000000e+07
2.008060200000000000e+07,4.075000000000000000e+02,4.075000000000000000e+02,3.785000000000000000e+02,3.875000000000000000e+02,2.546370000000000000e+07
2.008060900000000000e+07,3.875000000000000000e+02,3.987500000000000000e+02,3.767500000000000000e+02,3.982500000000000000e+02,2.605180000000000000e+07
2.008061600000000000e+07,3.962500000000000000e+02,5.850000000000000000e+02,3.727500000000000000e+02,3.727500000000000000e+02,2.812640000000000000e+07
2.008062300000000000e+07,3.742500000000000000e+02,3.800000000000000000e+02,3.527500000000000000e+02,3.652500000000000000e+02,2.612900000000000000e+07
2.008063000000000000e+07,3.667500000000000000e+02,3.752500000000000000e+02,3.392500000000000000e+02,3.480000000000000000e+02,1.533060000000000000e+07
2.008070700000000000e+07,3.530000000000000000e+02,4.060000000000000000e+02,3.365000000000000000e+02,3.717500000000000000e+02,4.146450000000000000e+07
2.008071400000000000e+07,3.780000000000000000e+02,4.137500000000000000e+02,3.667500000000000000e+02,4.050000000000000000e+02,3.519830000000000000e+07
2.008072100000000000e+07,4.060000000000000000e+02,4.147500000000000000e+02,3.852500000000000000e+02,3.967500000000000000e+02,2.649050000000000000e+07
2.008072800000000000e+07,3.942500000000000000e+02,4.002500000000000000e+02,3.782500000000000000e+02,3.937500000000000000e+02,1.643940000000000000e+07
2.008080400000000000e+07,3.947500000000000000e+02,4.255000000000000000e+02,3.877500000000000000e+02,4.142500000000000000e+02,2.313510000000000000e+07
2.008081100000000000e+07,4.150000000000000000e+02,4.167500000000000000e+02,3.892600097656250000e+02,4.147500000000000000e+02,2.438690000000000000e+07
2.008081800000000000e+07,4.112500000000000000e+02,4.130000000000000000e+02,3.897500000000000000e+02,4.022500000000000000e+02,1.656100000000000000e+07
2.008082500000000000e+07,4.022500000000000000e+02,4.172500000000000000e+02,3.910000000000000000e+02,4.142500000000000000e+02,1.205050000000000000e+07
2.008090100000000000e+07,4.107500000000000000e+02,4.285000000000000000e+02,3.877500000000000000e+02,3.922500000000000000e+02,1.579800000000000000e+07
2.008090800000000000e+07,4.077500000000000000e+02,4.680000000000000000e+02,4.077500000000000000e+02,4.392500000000000000e+02,2.867180000000000000e+07
2.008091500000000000e+07,4.332500000000000000e+02,4.332500000000000000e+02,3.800000000000000000e+02,4.130000000000000000e+02,5.520680000000000000e+07
2.008092200000000000e+07,4.127500000000000000e+02,4.232500000000000000e+02,3.790000000000000000e+02,3.835000000000000000e+02,2.878970000000000000e+07
2.008092900000000000e+07,3.800000000000000000e+02,3.840000000000000000e+02,3.362500000000000000e+02,3.445000000000000000e+02,3.094890000000000000e+07
2.008100600000000000e+07,3.360000000000000000e+02,3.360000000000000000e+02,2.690000000000000000e+02,2.747500000000000000e+02,5.701270000000000000e+07
2.008101300000000000e+07,3.000000000000000000e+02,3.400000000000000000e+02,2.500000000000000000e+02,2.962500000000000000e+02,5.205960000000000000e+07
2.008102000000000000e+07,3.050000000000000000e+02,3.205000000000000000e+02,2.740000000000000000e+02,2.867500000000000000e+02,3.021160000000000000e+07
2.008102700000000000e+07,2.797500000000000000e+02,3.482500000000000000e+02,2.757500000000000000e+02,3.415000000000000000e+02,2.550490000000000000e+07
2.008110300000000000e+07,3.412500000000000000e+02,3.852500000000000000e+02,3.350000000000000000e+02,3.422500000000000000e+02,2.162140000000000000e+07
2.008111000000000000e+07,3.542500000000000000e+02,3.575000000000000000e+02,3.142500000000000000e+02,3.302500000000000000e+02,1.218960000000000000e+07
2.008111700000000000e+07,3.280000000000000000e+02,3.492500000000000000e+02,3.010000000000000000e+02,3.340000000000000000e+02,2.563440000000000000e+07
2.008112400000000000e+07,3.452500000000000000e+02,3.942500000000000000e+02,3.355000000000000000e+02,3.932500000000000000e+02,2.190040000000000000e+07
2.008120100000000000e+07,3.952500000000000000e+02,4.377500000000000000e+02,3.625000000000000000e+02,3.850000000000000000e+02,2.585310000000000000e+07
2.008120800000000000e+07,4.095000000000000000e+02,4.250000000000000000e+02,3.707500000000000000e+02,3.965000000000000000e+02,1.732960000000000000e+07
2.008121500000000000e+07,4.060000000000000000e+02,4.390000000000000000e+02,3.975000000000000000e+02,4.390000000000000000e+02,2.788300000000000000e+07
2.008122200000000000e+07,4.340000000000000000e+02,4.340000000000000000e+02,4.095000000000000000e+02,4.157500000000000000e+02,5.238700000000000000e+06
2.008122900000000000e+07,4.197500000000000000e+02,4.377500000000000000e+02,4.185000000000000000e+02,4.357500000000000000e+02,8.187600000000000000e+06
2.009010500000000000e+07,4.400000000000000000e+02,4.415000000000000000e+02,4.045000000000000000e+02,4.107500000000000000e+02,2.305490000000000000e+07
2.009011200000000000e+07,4.077500000000000000e+02,4.277500000000000000e+02,3.992500000000000000e+02,4.110000000000000000e+02,2.483770000000000000e+07
2.009011900000000000e+07,4.175000000000000000e+02,4.255000000000000000e+02,3.915000000000000000e+02,4.015000000000000000e+02,1.809770000000000000e+07
2.009012600000000000e+07,3.972500000000000000e+02,4.347500000000000000e+02,3.842500000000000000e+02,4.322500000000000000e+02,1.985370000000000000e+07
2.009020200000000000e+07,4.275000000000000000e+02,4.582500000000000000e+02,4.215000000000000000e+02,4.532500000000000000e+02,8.727700000000000000e+06
2.009020900000000000e+07,4.507500000000000000e+02,4.567500000000000000e+02,4.305000000000000000e+02,4.330000000000000000e+02,1.576750000000000000e+07
2.009021600000000000e+07,4.305000000000000000e+02,4.342500000000000000e+02,4.050000000000000000e+02,4.140000000000000000e+02,1.445650000000000000e+07
2.009022300000000000e+07,4.192500000000000000e+02,4.357500000000000000e+02,3.927500000000000000e+02,4.167500000000000000e+02,1.993720000000000000e+07
2.009030200000000000e+07,4.072500000000000000e+02,4.250000000000000000e+02,3.732500000000000000e+02,3.780000000000000000e+02,2.840350000000000000e+07
2.009030900000000000e+07,3.817500000000000000e+02,4.212500000000000000e+02,3.717500000000000000e+02,4.140000000000000000e+02,2.849810000000000000e+07
2.009031600000000000e+07,4.222500000000000000e+02,4.462500000000000000e+02,4.150000000000000000e+02,4.422500000000000000e+02,2.650860000000000000e+07
2.009032300000000000e+07,4.497500000000000000e+02,4.497500000000000000e+02,4.240000000000000000e+02,4.350000000000000000e+02,1.727510000000000000e+07
2.009033000000000000e+07,4.327500000000000000e+02,4.827500000000000000e+02,4.212500000000000000e+02,4.800000000000000000e+02,2.232990000000000000e+07
2.009040600000000000e+07,4.880000000000000000e+02,5.015000000000000000e+02,4.497500000000000000e+02,4.800000000000000000e+02,2.308060000000000000e+07
2.009041300000000000e+07,4.800000000000000000e+02,4.885000000000000000e+02,4.355000000000000000e+02,4.422500000000000000e+02,2.397430000000000000e+07
2.009042000000000000e+07,4.435000000000000000e+02,4.447500000000000000e+02,4.302500000000000000e+02,4.425000000000000000e+02,2.577790000000000000e+07
2.009042700000000000e+07,4.382500000000000000e+02,4.572500000000000000e+02,4.350000000000000000e+02,4.440000000000000000e+02,1.413950000000000000e+07
2.009050400000000000e+07,4.440000000000000000e+02,4.817500000000000000e+02,4.342500000000000000e+02,4.677500000000000000e+02,1.970030000000000000e+07
2.009051100000000000e+07,4.675000000000000000e+02,4.907500000000000000e+02,4.467500000000000000e+02,4.830000000000000000e+02,2.247370000000000000e+07
2.009051800000000000e+07,4.810000000000000000e+02,5.145000000000000000e+02,4.675000000000000000e+02,4.705000000000000000e+02,2.715050000000000000e+07
2.009052500000000000e+07,4.705000000000000000e+02,4.742500000000000000e+02,4.442500000000000000e+02,4.547500000000000000e+02,1.870130000000000000e+07
2.009060100000000000e+07,4.622500000000000000e+02,4.797500000000000000e+02,4.537500000000000000e+02,4.750000000000000000e+02,1.925130000000000000e+07
2.009060800000000000e+07,4.730000000000000000e+02,4.800000000000000000e+02,4.637500000000000000e+02,4.725000000000000000e+02,1.724360000000000000e+07
2.009061500000000000e+07,4.687500000000000000e+02,4.732500000000000000e+02,4.577500000000000000e+02,4.700000000000000000e+02,1.392120000000000000e+07
2.009062200000000000e+07,4.685000000000000000e+02,4.697500000000000000e+02,4.340000000000000000e+02,4.367500000000000000e+02,1.993010000000000000e+07
2.009062900000000000e+07,4.360000000000000000e+02,4.645000000000000000e+02,4.357500000000000000e+02,4.510000000000000000e+02,1.437940000000000000e+07
2.009070600000000000e+07,4.515000000000000000e+02,4.605000000000000000e+02,4.460000000000000000e+02,4.492500000000000000e+02,1.124410000000000000e+07
2.009071300000000000e+07,4.460000000000000000e+02,4.591499938964843750e+02,4.375000000000000000e+02,4.567500000000000000e+02,1.305250000000000000e+07
2.009072000000000000e+07,4.582500000000000000e+02,4.777500000000000000e+02,4.505000000000000000e+02,4.675000000000000000e+02,1.231750000000000000e+07
2.009072700000000000e+07,4.735000000000000000e+02,5.010000000000000000e+02,4.712500000000000000e+02,4.940000000000000000e+02,1.101750000000000000e+07
2.009080300000000000e+07,4.951999999999999886e+02,5.155000000000000000e+02,4.886000061035156250e+02,5.125000000000000000e+02,1.266250000000000000e+07
2.009081000000000000e+07,5.095000000000000000e+02,5.255000000000000000e+02,5.075000000000000000e+02,5.210000000000000000e+02,1.007550000000000000e+07
2.009081700000000000e+07,5.205000000000000000e+02,5.350000000000000000e+02,5.120000000000000000e+02,5.280000000000000000e+02,1.301900000000000000e+07
2.009082400000000000e+07,5.300000000000000000e+02,5.335000000000000000e+02,5.125000000000000000e+02,5.175000000000000000e+02,1.803680000000000000e+07
2.009083100000000000e+07,5.175000000000000000e+02,5.245000000000000000e+02,4.945000000000000000e+02,4.988999999999999773e+02,1.231290000000000000e+07
2.009090700000000000e+07,5.010000000000000000e+02,5.110000000000000000e+02,4.889949951171875000e+02,5.020000000000000000e+02,1.516130000000000000e+07
2.009091400000000000e+07,4.996000000000000227e+02,5.205000000000000000e+02,4.950000000000000000e+02,5.120000000000000000e+02,1.208910000000000000e+07
2.009092100000000000e+07,5.120000000000000000e+02,5.275000000000000000e+02,5.076000061035156250e+02,5.200000000000000000e+02,1.393760000000000000e+07
2.009092800000000000e+07,5.210000000000000000e+02,5.395000000000000000e+02,5.163750000000000000e+02,5.230000000000000000e+02,1.122670000000000000e+07
2.009100500000000000e+07,5.245000000000000000e+02,5.345000000000000000e+02,5.165000000000000000e+02,5.280000000000000000e+02,9.349700000000000000e+06
2.009101200000000000e+07,5.270000000000000000e+02,5.735000000000000000e+02,5.270000000000000000e+02,5.700000000000000000e+02,2.592660000000000000e+07
2.009101900000000000e+07,5.700000000000000000e+02,5.780000000000000000e+02,5.590000000000000000e+02,5.740000000000000000e+02,1.066970000000000000e+07
2.009102600000000000e+07,5.745000000000000000e+02,5.775000000000000000e+02,5.500000000000000000e+02,5.590000000000000000e+02,1.193920000000000000e+07
2.009110200000000000e+07,5.585000000000000000e+02,5.865000000000000000e+02,5.535000000000000000e+02,5.830000000000000000e+02,1.229380000000000000e+07
2.009110900000000000e+07,5.850000000000000000e+02,5.955000000000000000e+02,5.820000000000000000e+02,5.935000000000000000e+02,1.649930000000000000e+07
2.009111600000000000e+07,5.945000000000000000e+02,6.040000000000000000e+02,5.655000000000000000e+02,5.735000000000000000e+02,1.759210000000000000e+07
2.009112300000000000e+07,5.765000000000000000e+02,5.930000000000000000e+02,5.590000000000000000e+02,5.775000000000000000e+02,9.783000000000000000e+06
2.009113000000000000e+07,5.775000000000000000e+02,6.035000000000000000e+02,5.710000000000000000e+02,6.020000000000000000e+02,1.017320000000000000e+07
2.009120700000000000e+07,6.015000000000000000e+02,6.265000000000000000e+02,5.945000000000000000e+02,6.195000000000000000e+02,1.337500000000000000e+07
2.009121400000000000e+07,6.255000000000000000e+02,6.390000000000000000e+02,6.105000000000000000e+02,6.115000000000000000e+02,2.006920000000000000e+07
2.009122100000000000e+07,6.145000000000000000e+02,6.215000000000000000e+02,6.065000000000000000e+02,6.140000000000000000e+02,4.090200000000000000e+06
2.010010400000000000e+07,6.125000000000000000e+02,6.185000000000000000e+02,5.950000000000000000e+02,5.990000000000000000e+02,9.010900000000000000e+06
2.010011100000000000e+07,6.025000000000000000e+02,6.120000000000000000e+02,5.915000000000000000e+02,6.035000000000000000e+02,1.436310000000000000e+07
2.010011800000000000e+07,6.070000000000000000e+02,6.250000000000000000e+02,5.980000000000000000e+02,6.020000000000000000e+02,1.356760000000000000e+07
2.010012500000000000e+07,6.010000000000000000e+02,6.090000000000000000e+02,5.865000000000000000e+02,5.985000000000000000e+02,1.342670000000000000e+07
2.010020100000000000e+07,5.960000000000000000e+02,6.520000000000000000e+02,5.885000000000000000e+02,5.940000000000000000e+02,1.312190000000000000e+07
2.010020800000000000e+07,5.945000000000000000e+02,6.180000000000000000e+02,5.930000000000000000e+02,6.025000000000000000e+02,1.593440000000000000e+07
2.010021500000000000e+07,6.030000000000000000e+02,6.190000000000000000e+02,5.945000000000000000e+02,6.185000000000000000e+02,1.132870000000000000e+07
2.010022200000000000e+07,6.190000000000000000e+02,6.275000000000000000e+02,6.000000000000000000e+02,6.070000000000000000e+02,9.803200000000000000e+06
2.010030100000000000e+07,6.115000000000000000e+02,6.290000000000000000e+02,6.075000000000000000e+02,6.075000000000000000e+02,2.117960000000000000e+07
2.010030800000000000e+07,6.330000000000000000e+02,6.430000000000000000e+02,6.280000000000000000e+02,6.300000000000000000e+02,9.406100000000000000e+06
2.010031500000000000e+07,6.315000000000000000e+02,6.560000000000000000e+02,6.240000000000000000e+02,6.515000000000000000e+02,1.410280000000000000e+07
2.010032200000000000e+07,6.475000000000000000e+02,6.645000000000000000e+02,6.410000000000000000e+02,6.600000000000000000e+02,1.520500000000000000e+07
2.010032900000000000e+07,6.625000000000000000e+02,6.640000000000000000e+02,6.445000000000000000e+02,6.520000000000000000e+02,1.459730000000000000e+07
2.010040500000000000e+07,6.520000000000000000e+02,6.575000000000000000e+02,6.185000000000000000e+02,6.360000000000000000e+02,9.969400000000000000e+06
2.010041200000000000e+07,6.350000000000000000e+02,6.405000000000000000e+02,6.120000000000000000e+02,6.145000000000000000e+02,1.833100000000000000e+07
2.010041900000000000e+07,6.140000000000000000e+02,6.255000000000000000e+02,6.095000000000000000e+02,6.245000000000000000e+02,1.581490000000000000e+07
2.010042600000000000e+07,6.290000000000000000e+02,6.310000000000000000e+02,5.950000000000000000e+02,6.075000000000000000e+02,1.483870000000000000e+07
2.010050300000000000e+07,6.075000000000000000e+02,6.520000000000000000e+02,5.665000000000000000e+02,5.720000000000000000e+02,1.622570000000000000e+07
2.010051000000000000e+07,5.720000000000000000e+02,6.095000000000000000e+02,5.650000000000000000e+02,5.755000000000000000e+02,2.049710000000000000e+07
2.010051700000000000e+07,5.715000000000000000e+02,6.145000000000000000e+02,5.655000000000000000e+02,5.920000000000000000e+02,2.276340000000000000e+07
2.010052400000000000e+07,5.950000000000000000e+02,6.260000000000000000e+02,5.825000000000000000e+02,6.185000000000000000e+02,1.788990000000000000e+07
2.010053100000000000e+07,6.185000000000000000e+02,6.435000000000000000e+02,6.165000000000000000e+02,6.210000000000000000e+02,1.285210000000000000e+07
2.010060700000000000e+07,6.095000000000000000e+02,6.255000000000000000e+02,6.040000000000000000e+02,6.220000000000000000e+02,1.590640000000000000e+07
2.010061400000000000e+07,6.260000000000000000e+02,6.460000000000000000e+02,6.210000000000000000e+02,6.355000000000000000e+02,1.235360000000000000e+07
2.010062100000000000e+07,6.415000000000000000e+02,6.470000000000000000e+02,6.100000000000000000e+02,6.105000000000000000e+02,9.952000000000000000e+06
2.010062800000000000e+07,6.090000000000000000e+02,6.160000000000000000e+02,5.775000000000000000e+02,5.780000000000000000e+02,1.279920000000000000e+07
2.010070500000000000e+07,5.805000000000000000e+02,6.065000000000000000e+02,5.780000000000000000e+02,6.050000000000000000e+02,1.068460000000000000e+07
2.010071200000000000e+07,6.030000000000000000e+02,6.560000000000000000e+02,6.010000000000000000e+02,6.490000000000000000e+02,1.738670000000000000e+07
2.010071900000000000e+07,6.490000000000000000e+02,6.540000000000000000e+02,6.300000000000000000e+02,6.530000000000000000e+02,1.259980000000000000e+07
2.010072600000000000e+07,6.575000000000000000e+02,6.575000000000000000e+02,6.215000000000000000e+02,6.275000000000000000e+02,1.050490000000000000e+07
2.010080200000000000e+07,6.305000000000000000e+02,6.445000000000000000e+02,6.170000000000000000e+02,6.235000000000000000e+02,9.109500000000000000e+06
2.010080900000000000e+07,6.305000000000000000e+02,6.385000000000000000e+02,6.130000000000000000e+02,6.175000000000000000e+02,1.130940000000000000e+07
2.010081600000000000e+07,6.200000000000000000e+02,6.415000000000000000e+02,6.135000000000000000e+02,6.220000000000000000e+02,7.025300000000000000e+06
2.010082300000000000e+07,6.240000000000000000e+02,6.295000000000000000e+02,6.035000000000000000e+02,6.260000000000000000e+02,8.165400000000000000e+06
2.010083000000000000e+07,6.260000000000000000e+02,6.515000000000000000e+02,6.150000000000000000e+02,6.500000000000000000e+02,7.409000000000000000e+06
2.010090600000000000e+07,6.505000000000000000e+02,6.670000000000000000e+02,6.375000000000000000e+02,6.595000000000000000e+02,8.329000000000000000e+06
2.010091300000000000e+07,6.625000000000000000e+02,6.830000000000000000e+02,6.590000000000000000e+02,6.630000000000000000e+02,1.083910000000000000e+07
2.010092000000000000e+07,6.655000000000000000e+02,6.805000000000000000e+02,6.620000000000000000e+02,6.785000000000000000e+02,9.131500000000000000e+06
2.010092700000000000e+07,6.780000000000000000e+02,6.985000000000000000e+02,6.715000000000000000e+02,6.740000000000000000e+02,1.013860000000000000e+07
2.010100400000000000e+07,6.725000000000000000e+02,6.905000000000000000e+02,6.665000000000000000e+02,6.715000000000000000e+02,1.076940000000000000e+07
2.010101100000000000e+07,6.750000000000000000e+02,7.100000000000000000e+02,6.710000000000000000e+02,7.075000000000000000e+02,9.839100000000000000e+06
2.010101800000000000e+07,7.040000000000000000e+02,7.260000000000000000e+02,7.015000000000000000e+02,7.240000000000000000e+02,8.924000000000000000e+06
2.010102500000000000e+07,7.250000000000000000e+02,7.295000000000000000e+02,7.180000000000000000e+02,7.255000000000000000e+02,8.538000000000000000e+06
2.010110100000000000e+07,7.280000000000000000e+02,7.635000000000000000e+02,7.170000000000000000e+02,7.375000000000000000e+02,1.369360000000000000e+07
2.010110800000000000e+07,7.360000000000000000e+02,7.415000000000000000e+02,7.075000000000000000e+02,7.175000000000000000e+02,9.901200000000000000e+06
2.010111500000000000e+07,7.180000000000000000e+02,7.580000000000000000e+02,7.025000000000000000e+02,7.425000000000000000e+02,1.288430000000000000e+07
2.010112200000000000e+07,7.465000000000000000e+02,7.565000000000000000e+02,7.240000000000000000e+02,7.510000000000000000e+02,8.386700000000000000e+06
2.010112900000000000e+07,7.545000000000000000e+02,8.015000000000000000e+02,7.335000000000000000e+02,7.850000000000000000e+02,1.403010000000000000e+07
2.010120600000000000e+07,7.840000000000000000e+02,7.930000000000000000e+02,7.740000000000000000e+02,7.765000000000000000e+02,6.907500000000000000e+06
2.010121300000000000e+07,7.765000000000000000e+02,8.210000000000000000e+02,7.765000000000000000e+02,8.135000000000000000e+02,1.041940000000000000e+07
2.010122000000000000e+07,8.165000000000000000e+02,8.195000000000000000e+02,8.070000000000000000e+02,8.150000000000000000e+02,5.452000000000000000e+06
2.010122700000000000e+07,8.150000000000000000e+02,8.200000000000000000e+02,7.820000000000000000e+02,8.000000000000000000e+02,4.631400000000000000e+06
2.011011000000000000e+07,7.770000000000000000e+02,7.960000000000000000e+02,7.670000000000000000e+02,7.750000000000000000e+02,9.846600000000000000e+06
2.011011700000000000e+07,7.760000000000000000e+02,7.820000000000000000e+02,7.475000000000000000e+02,7.615000000000000000e+02,1.008960000000000000e+07
2.011012400000000000e+07,7.620000000000000000e+02,7.900000000000000000e+02,7.595000000000000000e+02,7.750000000000000000e+02,1.018760000000000000e+07
2.011013100000000000e+07,7.710000000000000000e+02,7.910000000000000000e+02,7.600000000000000000e+02,7.815000000000000000e+02,9.945900000000000000e+06
2.011020700000000000e+07,7.805000000000000000e+02,8.100000000000000000e+02,7.805000000000000000e+02,8.035000000000000000e+02,8.825100000000000000e+06
2.011021400000000000e+07,8.015000000000000000e+02,8.105000000000000000e+02,7.790000000000000000e+02,7.870000000000000000e+02,1.064690000000000000e+07
2.011022100000000000e+07,7.890000000000000000e+02,7.890000000000000000e+02,7.510000000000000000e+02,7.705000000000000000e+02,9.754500000000000000e+06
2.011022800000000000e+07,7.685000000000000000e+02,7.880000000000000000e+02,7.625000000000000000e+02,7.740000000000000000e+02,1.026510000000000000e+07
2.011030700000000000e+07,7.730000000000000000e+02,7.855000000000000000e+02,7.385000000000000000e+02,7.400000000000000000e+02,8.912400000000000000e+06
2.011031400000000000e+07,7.365000000000000000e+02,7.555000000000000000e+02,7.190000000000000000e+02,7.460000000000000000e+02,1.594660000000000000e+07
2.011032100000000000e+07,7.530000000000000000e+02,7.850000000000000000e+02,7.500000000000000000e+02,7.720000000000000000e+02,9.880900000000000000e+06
2.011032800000000000e+07,7.735000000000000000e+02,7.835000000000000000e+02,7.655000000000000000e+02,7.770000000000000000e+02,8.882500000000000000e+06
2.011040400000000000e+07,7.745000000000000000e+02,7.875000000000000000e+02,7.695000000000000000e+02,7.760000000000000000e+02,7.617200000000000000e+06
2.011041100000000000e+07,7.750000000000000000e+02,7.895000000000000000e+02,7.660000000000000000e+02,7.835000000000000000e+02,7.680600000000000000e+06
2.011041800000000000e+07,7.850000000000000000e+02,8.090000000000000000e+02,7.705000000000000000e+02,8.080000000000000000e+02,5.953000000000000000e+06
2.011050900000000000e+07,8.050000000000000000e+02,8.250000000000000000e+02,8.040000000000000000e+02,8.145000000000000000e+02,8.555200000000000000e+06
2.011051600000000000e+07,8.095000000000000000e+02,8.180000000000000000e+02,7.895000000000000000e+02,7.910000000000000000e+02,1.248750000000000000e+07
2.011052300000000000e+07,7.845000000000000000e+02,7.855000000000000000e+02,7.645000000000000000e+02,7.760000000000000000e+02,1.241510000000000000e+07
2.011060600000000000e+07,7.890000000000000000e+02,8.065000000000000000e+02,7.775000000000000000e+02,7.830000000000000000e+02,9.435200000000000000e+06
2.011061300000000000e+07,7.835000000000000000e+02,8.080000000000000000e+02,7.600000000000000000e+02,7.800000000000000000e+02,1.784040000000000000e+07
2.011062000000000000e+07,7.755000000000000000e+02,7.785000000000000000e+02,7.480000000000000000e+02,7.580000000000000000e+02,1.753060000000000000e+07
2.011062700000000000e+07,7.570000000000000000e+02,8.015000000000000000e+02,7.495000000000000000e+02,8.015000000000000000e+02,1.120060000000000000e+07
2.011070400000000000e+07,8.045000000000000000e+02,8.415000000000000000e+02,8.014530029296875000e+02,8.240000000000000000e+02,9.160300000000000000e+06
2.011071100000000000e+07,8.225000000000000000e+02,8.240000000000000000e+02,7.805000000000000000e+02,8.035000000000000000e+02,1.977820000000000000e+07
2.011071800000000000e+07,8.005000000000000000e+02,8.255000000000000000e+02,7.935000000000000000e+02,8.195000000000000000e+02,1.030490000000000000e+07
2.011072500000000000e+07,8.150000000000000000e+02,8.295000000000000000e+02,7.890000000000000000e+02,8.025000000000000000e+02,1.147380000000000000e+07
2.011080100000000000e+07,8.085000000000000000e+02,8.155000000000000000e+02,7.045000000000000000e+02,7.285000000000000000e+02,1.588390000000000000e+07
2.011080800000000000e+07,7.220000000000000000e+02,7.350000000000000000e+02,6.555000000000000000e+02,7.285000000000000000e+02,1.954310000000000000e+07
2.011081500000000000e+07,7.325000000000000000e+02,7.325000000000000000e+02,6.520000000000000000e+02,6.650000000000000000e+02,9.813000000000000000e+06
2.011082200000000000e+07,6.610000000000000000e+02,6.810000000000000000e+02,6.555000000000000000e+02,6.685000000000000000e+02,1.216620000000000000e+07
2.011090500000000000e+07,6.955000000000000000e+02,7.150000000000000000e+02,6.790000000000000000e+02,6.950000000000000000e+02,1.212560000000000000e+07
2.011091200000000000e+07,6.805000000000000000e+02,7.285000000000000000e+02,6.760000000000000000e+02,7.115000000000000000e+02,1.060470000000000000e+07
2.011091900000000000e+07,7.020000000000000000e+02,7.265000000000000000e+02,6.800000000000000000e+02,6.950000000000000000e+02,1.003550000000000000e+07
2.011092600000000000e+07,6.835000000000000000e+02,7.450000000000000000e+02,6.835000000000000000e+02,7.250000000000000000e+02,8.378100000000000000e+06
2.011100300000000000e+07,7.135000000000000000e+02,7.500000000000000000e+02,6.860000000000000000e+02,7.485000000000000000e+02,1.098140000000000000e+07
2.011101000000000000e+07,7.500000000000000000e+02,7.605000000000000000e+02,7.245000000000000000e+02,7.560000000000000000e+02,7.622000000000000000e+06
2.011101700000000000e+07,7.605000000000000000e+02,7.755000000000000000e+02,7.365000000000000000e+02,7.735000000000000000e+02,7.251000000000000000e+06
2.011102400000000000e+07,7.735000000000000000e+02,8.240000000000000000e+02,7.715000000000000000e+02,8.240000000000000000e+02,7.765400000000000000e+06
2.011103100000000000e+07,8.190000000000000000e+02,8.200000000000000000e+02,7.690000000000000000e+02,7.995000000000000000e+02,9.735800000000000000e+06
2.011110700000000000e+07,7.955000000000000000e+02,8.425000000000000000e+02,7.600000000000000000e+02,8.295000000000000000e+02,1.161900000000000000e+07
2.011111400000000000e+07,8.340000000000000000e+02,8.360000000000000000e+02,7.940000000000000000e+02,7.945000000000000000e+02,1.224340000000000000e+07
2.011112100000000000e+07,7.905000000000000000e+02,8.035000000000000000e+02,7.635000000000000000e+02,7.775000000000000000e+02,8.526500000000000000e+06
2.011112800000000000e+07,7.815000000000000000e+02,8.577440185546875000e+02,7.800000000000000000e+02,8.395000000000000000e+02,1.187870000000000000e+07
2.011120500000000000e+07,8.465000000000000000e+02,8.515000000000000000e+02,7.970000000000000000e+02,8.160000000000000000e+02,9.548100000000000000e+06
2.011121200000000000e+07,8.150000000000000000e+02,8.375000000000000000e+02,8.055000000000000000e+02,8.295000000000000000e+02,9.181300000000000000e+06
2.011121900000000000e+07,8.210000000000000000e+02,8.595000000000000000e+02,8.190000000000000000e+02,8.395000000000000000e+02,6.213000000000000000e+06
2.011122600000000000e+07,8.395000000000000000e+02,8.755000000000000000e+02,8.265000000000000000e+02,8.755000000000000000e+02,3.186000000000000000e+06
2.012010200000000000e+07,8.755000000000000000e+02,8.950000000000000000e+02,8.485000000000000000e+02,8.530000000000000000e+02,9.362000000000000000e+06
2.012010900000000000e+07,8.570000000000000000e+02,8.790000000000000000e+02,8.540000000000000000e+02,8.720000000000000000e+02,9.893000000000000000e+06
2.012011600000000000e+07,8.675000000000000000e+02,9.115000000000000000e+02,8.550000000000000000e+02,8.905000000000000000e+02,3.086830000000000000e+07
2.012012300000000000e+07,8.895000000000000000e+02,8.915000000000000000e+02,8.695000000000000000e+02,8.750000000000000000e+02,7.025800000000000000e+06
2.012013000000000000e+07,8.725000000000000000e+02,9.065000000000000000e+02,8.505000000000000000e+02,9.035000000000000000e+02,1.052170000000000000e+07
2.012020600000000000e+07,9.050000000000000000e+02,9.245000000000000000e+02,8.985000000000000000e+02,9.210000000000000000e+02,1.064550000000000000e+07
2.012021300000000000e+07,9.255000000000000000e+02,9.590000000000000000e+02,9.195000000000000000e+02,9.455000000000000000e+02,8.703800000000000000e+06
2.012022000000000000e+07,9.505000000000000000e+02,9.640000000000000000e+02,9.380000000000000000e+02,9.455000000000000000e+02,1.328920000000000000e+07
2.012022700000000000e+07,9.405000000000000000e+02,9.585000000000000000e+02,9.305000000000000000e+02,9.325000000000000000e+02,9.417800000000000000e+06
2.012030500000000000e+07,9.300000000000000000e+02,9.735000000000000000e+02,9.070000000000000000e+02,9.680000000000000000e+02,1.002700000000000000e+07
2.012031200000000000e+07,9.645000000000000000e+02,9.900000000000000000e+02,9.595000000000000000e+02,9.830000000000000000e+02,9.501700000000000000e+06
2.012031900000000000e+07,9.845000000000000000e+02,9.955000000000000000e+02,9.780000000000000000e+02,9.900000000000000000e+02,2.992480000000000000e+07
2.012032600000000000e+07,9.910000000000000000e+02,1.003000000000000000e+03,9.680000000000000000e+02,9.745000000000000000e+02,9.232700000000000000e+06
2.012040200000000000e+07,9.760000000000000000e+02,1.002000000000000000e+03,9.610000000000000000e+02,9.680000000000000000e+02,8.533300000000000000e+06
2.012040900000000000e+07,9.680000000000000000e+02,9.955000000000000000e+02,9.500000000000000000e+02,9.780000000000000000e+02,2.200050000000000000e+07
2.012041600000000000e+07,9.730000000000000000e+02,9.990000000000000000e+02,9.655000000000000000e+02,9.980000000000000000e+02,7.802000000000000000e+06
2.012042300000000000e+07,9.950000000000000000e+02,9.950000000000000000e+02,9.565000000000000000e+02,9.805000000000000000e+02,7.729100000000000000e+06
2.012043000000000000e+07,9.825000000000000000e+02,1.005000000000000000e+03,9.670000000000000000e+02,9.710000000000000000e+02,1.051160000000000000e+07
2.012050700000000000e+07,9.710000000000000000e+02,9.720000000000000000e+02,9.100000000000000000e+02,9.285000000000000000e+02,1.335500000000000000e+07
2.012051400000000000e+07,9.235000000000000000e+02,9.325000000000000000e+02,8.590000000000000000e+02,8.700000000000000000e+02,1.181220000000000000e+07
2.012052100000000000e+07,8.660000000000000000e+02,9.112890014648437500e+02,8.655000000000000000e+02,9.030000000000000000e+02,1.097970000000000000e+07
2.012052800000000000e+07,9.050000000000000000e+02,9.205000000000000000e+02,8.840000000000000000e+02,8.960000000000000000e+02,9.657600000000000000e+06
2.012060400000000000e+07,8.960000000000000000e+02,9.410000000000000000e+02,8.960000000000000000e+02,9.380000000000000000e+02,6.745600000000000000e+06
2.012061100000000000e+07,9.575000000000000000e+02,9.575000000000000000e+02,9.185000000000000000e+02,9.250000000000000000e+02,1.958840000000000000e+07
2.012061800000000000e+07,9.380000000000000000e+02,9.420000000000000000e+02,9.055000000000000000e+02,9.115000000000000000e+02,9.420700000000000000e+06
2.012062500000000000e+07,9.125000000000000000e+02,9.155000000000000000e+02,8.905000000000000000e+02,9.005000000000000000e+02,9.971600000000000000e+06
2.012070200000000000e+07,9.145000000000000000e+02,9.555000000000000000e+02,9.045000000000000000e+02,9.430000000000000000e+02,1.229310000000000000e+07
2.012070900000000000e+07,9.440000000000000000e+02,9.855000000000000000e+02,9.185000000000000000e+02,9.320000000000000000e+02,1.297520000000000000e+07
2.012071600000000000e+07,9.285000000000000000e+02,9.715000000000000000e+02,9.250000000000000000e+02,9.610000000000000000e+02,1.181550000000000000e+07
2.012072300000000000e+07,9.495000000000000000e+02,9.705789794921875000e+02,9.285000000000000000e+02,9.630000000000000000e+02,1.007000000000000000e+07
2.012073000000000000e+07,9.655000000000000000e+02,9.724400024414062500e+02,9.445000000000000000e+02,9.680000000000000000e+02,8.787700000000000000e+06
2.012080600000000000e+07,9.660000000000000000e+02,9.860000000000000000e+02,9.590000000000000000e+02,9.785000000000000000e+02,6.390000000000000000e+06
2.012081300000000000e+07,9.780000000000000000e+02,1.005000000000000000e+03,9.765000000000000000e+02,9.965000000000000000e+02,1.557280000000000000e+07
2.012082000000000000e+07,9.990000000000000000e+02,1.013000000000000000e+03,9.870000000000000000e+02,9.910000000000000000e+02,5.396300000000000000e+06
2.012082700000000000e+07,9.910000000000000000e+02,1.016000000000000000e+03,9.817579956054687500e+02,1.004000000000000000e+03,5.586300000000000000e+06
2.012090300000000000e+07,1.000000000000000000e+03,1.027000000000000000e+03,9.885000000000000000e+02,1.022000000000000000e+03,7.080000000000000000e+06
2.012091000000000000e+07,1.024000000000000000e+03,1.037000000000000000e+03,1.000000000000000000e+03,1.031000000000000000e+03,1.007260000000000000e+07
2.012091700000000000e+07,1.029000000000000000e+03,1.041000000000000000e+03,1.021000000000000000e+03,1.032000000000000000e+03,8.013100000000000000e+06
2.012092400000000000e+07,1.025000000000000000e+03,1.049000000000000000e+03,1.018000000000000000e+03,1.029000000000000000e+03,6.914600000000000000e+06
2.012100100000000000e+07,1.029000000000000000e+03,1.075000000000000000e+03,1.029000000000000000e+03,1.072000000000000000e+03,6.809700000000000000e+06
2.012100800000000000e+07,1.068000000000000000e+03,1.078000000000000000e+03,1.053000000000000000e+03,1.058000000000000000e+03,5.723000000000000000e+06
2.012101500000000000e+07,1.058000000000000000e+03,1.088000000000000000e+03,1.056000000000000000e+03,1.071000000000000000e+03,6.496700000000000000e+06
2.012102200000000000e+07,1.071000000000000000e+03,1.096000000000000000e+03,1.044000000000000000e+03,1.065000000000000000e+03,1.215130000000000000e+07
2.012102900000000000e+07,1.061000000000000000e+03,1.081270019531250000e+03,1.055000000000000000e+03,1.079000000000000000e+03,7.213600000000000000e+06
2.012110500000000000e+07,1.075000000000000000e+03,1.078000000000000000e+03,1.037000000000000000e+03,1.050000000000000000e+03,9.036500000000000000e+06
2.012111200000000000e+07,1.050000000000000000e+03,1.055000000000000000e+03,1.021000000000000000e+03,1.021000000000000000e+03,7.812700000000000000e+06
2.012111900000000000e+07,1.025000000000000000e+03,1.036000000000000000e+03,1.015000000000000000e+03,1.027000000000000000e+03,1.098710000000000000e+07
2.012112600000000000e+07,1.025000000000000000e+03,1.052000000000000000e+03,1.018000000000000000e+03,1.037000000000000000e+03,9.584800000000000000e+06
2.012120300000000000e+07,1.037000000000000000e+03,1.054000000000000000e+03,1.029000000000000000e+03,1.051000000000000000e+03,1.015040000000000000e+07
2.012121000000000000e+07,1.050000000000000000e+03,1.053000000000000000e+03,9.975000000000000000e+02,1.015000000000000000e+03,1.148340000000000000e+07
2.012121700000000000e+07,1.012000000000000000e+03,1.019000000000000000e+03,9.870000000000000000e+02,9.880000000000000000e+02,1.125300000000000000e+07
2.012122400000000000e+07,9.915000000000000000e+02,9.995000000000000000e+02,9.820000000000000000e+02,9.880000000000000000e+02,1.720100000000000000e+06
2.012123100000000000e+07,9.880000000000000000e+02,1.035000000000000000e+03,9.750000000000000000e+02,1.033000000000000000e+03,7.874600000000000000e+06
2.013010700000000000e+07,1.033000000000000000e+03,1.035000000000000000e+03,1.003000000000000000e+03,1.030000000000000000e+03,7.080800000000000000e+06
2.013011400000000000e+07,1.031000000000000000e+03,1.094000000000000000e+03,1.024000000000000000e+03,1.090000000000000000e+03,1.181470000000000000e+07
2.013012100000000000e+07,1.092000000000000000e+03,1.104000000000000000e+03,1.078000000000000000e+03,1.090000000000000000e+03,7.574300000000000000e+06
2.013012800000000000e+07,1.091000000000000000e+03,1.114000000000000000e+03,1.066000000000000000e+03,1.110000000000000000e+03,8.651400000000000000e+06
2.013020400000000000e+07,1.111000000000000000e+03,1.114000000000000000e+03,1.082000000000000000e+03,1.096000000000000000e+03,8.925400000000000000e+06
2.013021100000000000e+07,1.096000000000000000e+03,1.096000000000000000e+03,1.073000000000000000e+03,1.085000000000000000e+03,6.807000000000000000e+06
2.013021800000000000e+07,1.084000000000000000e+03,1.106000000000000000e+03,1.068000000000000000e+03,1.087000000000000000e+03,8.359600000000000000e+06
2.013022500000000000e+07,1.087000000000000000e+03,1.138000000000000000e+03,1.059000000000000000e+03,1.137000000000000000e+03,1.247130000000000000e+07
2.013030400000000000e+07,1.138000000000000000e+03,1.168000000000000000e+03,1.125000000000000000e+03,1.146000000000000000e+03,8.216900000000000000e+06
2.013031100000000000e+07,1.147000000000000000e+03,1.193000000000000000e+03,1.144000000000000000e+03,1.158000000000000000e+03,7.854100000000000000e+06
2.013031800000000000e+07,1.141000000000000000e+03,1.181000000000000000e+03,1.125000000000000000e+03,1.142000000000000000e+03,9.264500000000000000e+06
2.013032500000000000e+07,1.147000000000000000e+03,1.165000000000000000e+03,1.117000000000000000e+03,1.140000000000000000e+03,6.444000000000000000e+06
2.013040100000000000e+07,1.140000000000000000e+03,1.183000000000000000e+03,1.135000000000000000e+03,1.147000000000000000e+03,6.444000000000000000e+06
2.013040800000000000e+07,1.149000000000000000e+03,1.173000000000000000e+03,1.125000000000000000e+03,1.152000000000000000e+03,1.045610000000000000e+07
2.013041500000000000e+07,1.151000000000000000e+03,1.153000000000000000e+03,1.100000000000000000e+03,1.119000000000000000e+03,7.700100000000000000e+06
2.013042200000000000e+07,1.124000000000000000e+03,1.149000000000000000e+03,1.105000000000000000e+03,1.139000000000000000e+03,6.105800000000000000e+06
2.013042900000000000e+07,1.137000000000000000e+03,1.162000000000000000e+03,1.125000000000000000e+03,1.151000000000000000e+03,7.038300000000000000e+06
2.013050600000000000e+07,1.151000000000000000e+03,1.268000000000000000e+03,1.151000000000000000e+03,1.231000000000000000e+03,1.114430000000000000e+07
2.013051300000000000e+07,1.237000000000000000e+03,1.279000000000000000e+03,1.229000000000000000e+03,1.259000000000000000e+03,8.048800000000000000e+06
2.013052000000000000e+07,1.263000000000000000e+03,1.290000000000000000e+03,1.251000000000000000e+03,1.254000000000000000e+03,1.017790000000000000e+07
2.013052700000000000e+07,1.254000000000000000e+03,1.289000000000000000e+03,1.208000000000000000e+03,1.222000000000000000e+03,7.159000000000000000e+06
2.013060300000000000e+07,1.220000000000000000e+03,1.220000000000000000e+03,1.166619995117187500e+03,1.194000000000000000e+03,7.938000000000000000e+06
2.013061000000000000e+07,1.190000000000000000e+03,1.205000000000000000e+03,1.129359985351562500e+03,1.147000000000000000e+03,1.353180000000000000e+07
2.013061700000000000e+07,1.152000000000000000e+03,1.185000000000000000e+03,1.104000000000000000e+03,1.104000000000000000e+03,1.392670000000000000e+07
2.013062400000000000e+07,1.113000000000000000e+03,1.163000000000000000e+03,1.083000000000000000e+03,1.143000000000000000e+03,1.365510000000000000e+07
2.013070100000000000e+07,1.149000000000000000e+03,1.180000000000000000e+03,1.134000000000000000e+03,1.166000000000000000e+03,1.190280000000000000e+07
2.013070800000000000e+07,1.174000000000000000e+03,1.214000000000000000e+03,1.166000000000000000e+03,1.183000000000000000e+03,6.882400000000000000e+06
2.013071500000000000e+07,1.189000000000000000e+03,1.229000000000000000e+03,1.182000000000000000e+03,1.229000000000000000e+03,1.057170000000000000e+07
2.013072200000000000e+07,1.229000000000000000e+03,1.239000000000000000e+03,1.209000000000000000e+03,1.213000000000000000e+03,7.153300000000000000e+06
2.013072900000000000e+07,1.216000000000000000e+03,1.253000000000000000e+03,1.212000000000000000e+03,1.233000000000000000e+03,5.003200000000000000e+06
2.013080500000000000e+07,1.233000000000000000e+03,1.245000000000000000e+03,1.213000000000000000e+03,1.223000000000000000e+03,5.627300000000000000e+06
2.013081200000000000e+07,1.221000000000000000e+03,1.228000000000000000e+03,1.180000000000000000e+03,1.193000000000000000e+03,5.858900000000000000e+06
2.013081900000000000e+07,1.195000000000000000e+03,1.204000000000000000e+03,1.154670043945312500e+03,1.163000000000000000e+03,8.530800000000000000e+06
2.013082600000000000e+07,1.163000000000000000e+03,1.167000000000000000e+03,1.127000000000000000e+03,1.130000000000000000e+03,7.245200000000000000e+06
2.013090200000000000e+07,1.144000000000000000e+03,1.160000000000000000e+03,1.133000000000000000e+03,1.158000000000000000e+03,8.741800000000000000e+06
2.013090900000000000e+07,1.163000000000000000e+03,1.198000000000000000e+03,1.154000000000000000e+03,1.189000000000000000e+03,7.263900000000000000e+06
2.013091600000000000e+07,1.206000000000000000e+03,1.249000000000000000e+03,1.196000000000000000e+03,1.240000000000000000e+03,8.535600000000000000e+06
2.013092300000000000e+07,1.243000000000000000e+03,1.243000000000000000e+03,1.183000000000000000e+03,1.184000000000000000e+03,8.188700000000000000e+06
2.013093000000000000e+07,1.173000000000000000e+03,1.209000000000000000e+03,1.153000000000000000e+03,1.155000000000000000e+03,8.513500000000000000e+06
2.013100700000000000e+07,1.157000000000000000e+03,1.173000000000000000e+03,1.142000000000000000e+03,1.169000000000000000e+03,7.641800000000000000e+06
2.013101400000000000e+07,1.170000000000000000e+03,1.200000000000000000e+03,1.161000000000000000e+03,1.200000000000000000e+03,8.562200000000000000e+06
2.013102100000000000e+07,1.205000000000000000e+03,1.240000000000000000e+03,1.202719970703125000e+03,1.221000000000000000e+03,7.620000000000000000e+06
2.013102800000000000e+07,1.218000000000000000e+03,1.275000000000000000e+03,1.215000000000000000e+03,1.247000000000000000e+03,8.561200000000000000e+06
2.013110400000000000e+07,1.246000000000000000e+03,1.263000000000000000e+03,1.152000000000000000e+03,1.183000000000000000e+03,1.336320000000000000e+07
2.013111100000000000e+07,1.185000000000000000e+03,1.209000000000000000e+03,1.182000000000000000e+03,1.197000000000000000e+03,9.063300000000000000e+06
2.013111800000000000e+07,1.203000000000000000e+03,1.207000000000000000e+03,1.151000000000000000e+03,1.154000000000000000e+03,7.882700000000000000e+06
2.013112500000000000e+07,1.163000000000000000e+03,1.167000000000000000e+03,1.116000000000000000e+03,1.127000000000000000e+03,9.908900000000000000e+06
2.013120200000000000e+07,1.134000000000000000e+03,1.141000000000000000e+03,1.043000000000000000e+03,1.117000000000000000e+03,1.212110000000000000e+07
2.013120900000000000e+07,1.121000000000000000e+03,1.125000000000000000e+03,1.073000000000000000e+03,1.073000000000000000e+03,9.853400000000000000e+06
2.013121600000000000e+07,1.078000000000000000e+03,1.097000000000000000e+03,1.061000000000000000e+03,1.095000000000000000e+03,1.134370000000000000e+07
2.013122300000000000e+07,1.095000000000000000e+03,1.120000000000000000e+03,1.088000000000000000e+03,1.120000000000000000e+03,2.144400000000000000e+06
2.013123000000000000e+07,1.118000000000000000e+03,1.129000000000000000e+03,1.098000000000000000e+03,1.108000000000000000e+03,3.915100000000000000e+06
2.014010600000000000e+07,1.109000000000000000e+03,1.129500000000000000e+03,1.095000000000000000e+03,1.107000000000000000e+03,1.029600000000000000e+07
2.014011300000000000e+07,1.111000000000000000e+03,1.182000000000000000e+03,1.110000000000000000e+03,1.126000000000000000e+03,1.148090000000000000e+07
2.014012000000000000e+07,1.124000000000000000e+03,1.155000000000000000e+03,1.068000000000000000e+03,1.072000000000000000e+03,1.207020000000000000e+07
2.014012700000000000e+07,1.068000000000000000e+03,1.087000000000000000e+03,1.032000000000000000e+03,1.040000000000000000e+03,1.471500000000000000e+07
2.014020300000000000e+07,1.038000000000000000e+03,1.079439941406250000e+03,1.038000000000000000e+03,1.075000000000000000e+03,1.107800000000000000e+07
2.014021000000000000e+07,1.077000000000000000e+03,1.093000000000000000e+03,1.064000000000000000e+03,1.069000000000000000e+03,1.021460000000000000e+07
2.014021700000000000e+07,1.067000000000000000e+03,1.107000000000000000e+03,1.067000000000000000e+03,1.100000000000000000e+03,1.293950000000000000e+07
2.014022400000000000e+07,1.101000000000000000e+03,1.120000000000000000e+03,1.070000000000000000e+03,1.081000000000000000e+03,1.173960000000000000e+07
2.014030300000000000e+07,1.069000000000000000e+03,1.106000000000000000e+03,1.043000000000000000e+03,1.046000000000000000e+03,1.309520000000000000e+07
2.014031000000000000e+07,1.046000000000000000e+03,1.054000000000000000e+03,1.020000000000000000e+03,1.045000000000000000e+03,1.288850000000000000e+07
2.014031700000000000e+07,1.044000000000000000e+03,1.073000000000000000e+03,1.044000000000000000e+03,1.063000000000000000e+03,1.294020000000000000e+07
2.014032400000000000e+07,1.063000000000000000e+03,1.097000000000000000e+03,1.046000000000000000e+03,1.093000000000000000e+03,9.717500000000000000e+06
2.014033100000000000e+07,1.095000000000000000e+03,1.101000000000000000e+03,1.078000000000000000e+03,1.083000000000000000e+03,7.967800000000000000e+06
2.014040700000000000e+07,1.077000000000000000e+03,1.085000000000000000e+03,1.035000000000000000e+03,1.058000000000000000e+03,8.475400000000000000e+06
2.014041400000000000e+07,1.055000000000000000e+03,1.081000000000000000e+03,1.043000000000000000e+03,1.081000000000000000e+03,5.383400000000000000e+06
2.014042100000000000e+07,1.081000000000000000e+03,1.135000000000000000e+03,1.081000000000000000e+03,1.125000000000000000e+03,6.969100000000000000e+06
2.014042800000000000e+07,1.130000000000000000e+03,1.150140014648437500e+03,1.118000000000000000e+03,1.124000000000000000e+03,1.090300000000000000e+07
2.014050500000000000e+07,1.124000000000000000e+03,1.137000000000000000e+03,1.046000000000000000e+03,1.049000000000000000e+03,1.060850000000000000e+07
2.014051200000000000e+07,1.051000000000000000e+03,1.084000000000000000e+03,1.034000000000000000e+03,1.040000000000000000e+03,1.284120000000000000e+07
2.014051900000000000e+07,1.039000000000000000e+03,1.044000000000000000e+03,1.018000000000000000e+03,1.022000000000000000e+03,1.194300000000000000e+07
2.014052600000000000e+07,1.022000000000000000e+03,1.043000000000000000e+03,1.021000000000000000e+03,1.037000000000000000e+03,1.036110000000000000e+07
2.014060200000000000e+07,1.041000000000000000e+03,1.052000000000000000e+03,1.023000000000000000e+03,1.050000000000000000e+03,1.359760000000000000e+07
2.014060900000000000e+07,1.055000000000000000e+03,1.061319946289062500e+03,1.017000000000000000e+03,1.028000000000000000e+03,8.579000000000000000e+06
2.014061600000000000e+07,1.023000000000000000e+03,1.027000000000000000e+03,9.955000000000000000e+02,1.005000000000000000e+03,1.350290000000000000e+07
2.014062300000000000e+07,1.002000000000000000e+03,1.005000000000000000e+03,9.620000000000000000e+02,9.855000000000000000e+02,9.896700000000000000e+06
2.014063000000000000e+07,9.835000000000000000e+02,1.033619995117187500e+03,9.835000000000000000e+02,1.021000000000000000e+03,1.144060000000000000e+07
2.014070700000000000e+07,1.018000000000000000e+03,1.032000000000000000e+03,9.900000000000000000e+02,1.021000000000000000e+03,1.370630000000000000e+07
2.014071400000000000e+07,1.025000000000000000e+03,1.041099975585937500e+03,1.014000000000000000e+03,1.033000000000000000e+03,8.407500000000000000e+06
2.014072100000000000e+07,1.033000000000000000e+03,1.041000000000000000e+03,1.021000000000000000e+03,1.031000000000000000e+03,8.047400000000000000e+06
2.014072800000000000e+07,1.032000000000000000e+03,1.043000000000000000e+03,1.001000000000000000e+03,1.009000000000000000e+03,1.095850000000000000e+07
2.014080400000000000e+07,1.010000000000000000e+03,1.015000000000000000e+03,9.885000000000000000e+02,1.001000000000000000e+03,6.919500000000000000e+06
2.014081100000000000e+07,1.007000000000000000e+03,1.040000000000000000e+03,1.003359985351562500e+03,1.032000000000000000e+03,6.649900000000000000e+06
2.014081800000000000e+07,1.036000000000000000e+03,1.056000000000000000e+03,1.026000000000000000e+03,1.035000000000000000e+03,7.136100000000000000e+06
2.014082500000000000e+07,1.035000000000000000e+03,1.056000000000000000e+03,1.034000000000000000e+03,1.048000000000000000e+03,6.743600000000000000e+06
2.014090100000000000e+07,1.043000000000000000e+03,1.083000000000000000e+03,1.042000000000000000e+03,1.073000000000000000e+03,7.393000000000000000e+06
2.014090800000000000e+07,1.070000000000000000e+03,1.079000000000000000e+03,1.056000000000000000e+03,1.066000000000000000e+03,5.798100000000000000e+06
2.014091500000000000e+07,1.057000000000000000e+03,1.063520019531250000e+03,1.034000000000000000e+03,1.036000000000000000e+03,1.156870000000000000e+07
2.014092200000000000e+07,1.035000000000000000e+03,1.040000000000000000e+03,9.905000000000000000e+02,9.950000000000000000e+02,1.106160000000000000e+07
2.014092900000000000e+07,9.930000000000000000e+02,9.965000000000000000e+02,9.478599853515625000e+02,9.540000000000000000e+02,1.402300000000000000e+07
2.014100600000000000e+07,9.600000000000000000e+02,9.770000000000000000e+02,9.260000000000000000e+02,9.370000000000000000e+02,1.428700000000000000e+07
2.014101300000000000e+07,9.275000000000000000e+02,9.510000000000000000e+02,9.120000000000000000e+02,9.355000000000000000e+02,1.450740000000000000e+07
2.014102000000000000e+07,9.330000000000000000e+02,9.368850097656250000e+02,9.105000000000000000e+02,9.220000000000000000e+02,1.167380000000000000e+07
2.014102700000000000e+07,9.275000000000000000e+02,9.490000000000000000e+02,9.099500122070312500e+02,9.385000000000000000e+02,1.304630000000000000e+07
2.014110300000000000e+07,9.400000000000000000e+02,1.033510009765625000e+03,9.137000122070312500e+02,1.021000000000000000e+03,1.738740000000000000e+07
2.014111000000000000e+07,1.021000000000000000e+03,1.026000000000000000e+03,9.865000000000000000e+02,9.890000000000000000e+02,1.445190000000000000e+07
2.014111700000000000e+07,9.845000000000000000e+02,1.003000000000000000e+03,9.760000000000000000e+02,9.950000000000000000e+02,1.677880000000000000e+07
2.014112400000000000e+07,9.985000000000000000e+02,1.025000000000000000e+03,9.900000000000000000e+02,1.013000000000000000e+03,8.936100000000000000e+06
2.014120100000000000e+07,1.007000000000000000e+03,1.077000000000000000e+03,1.000000000000000000e+03,1.055000000000000000e+03,1.071240000000000000e+07
2.014120800000000000e+07,1.052000000000000000e+03,1.061000000000000000e+03,1.006000000000000000e+03,1.009000000000000000e+03,1.510630000000000000e+07
2.014121500000000000e+07,1.004000000000000000e+03,1.102000000000000000e+03,1.001000000000000000e+03,1.088000000000000000e+03,1.385690000000000000e+07
2.014122200000000000e+07,1.095000000000000000e+03,1.111000000000000000e+03,1.091000000000000000e+03,1.095000000000000000e+03,4.277200000000000000e+06
2.014122900000000000e+07,1.105000000000000000e+03,1.114000000000000000e+03,1.082000000000000000e+03,1.095000000000000000e+03,6.135500000000000000e+06
2.015010500000000000e+07,1.093000000000000000e+03,1.109000000000000000e+03,1.044000000000000000e+03,1.093000000000000000e+03,1.224240000000000000e+07
2.015011200000000000e+07,1.096000000000000000e+03,1.167000000000000000e+03,1.058000000000000000e+03,1.145000000000000000e+03,1.408140000000000000e+07
2.015011900000000000e+07,1.143000000000000000e+03,1.173000000000000000e+03,1.136849975585937500e+03,1.162000000000000000e+03,1.236370000000000000e+07
2.015012600000000000e+07,1.157000000000000000e+03,1.222000000000000000e+03,1.153000000000000000e+03,1.173000000000000000e+03,1.336440000000000000e+07
2.015020200000000000e+07,1.171000000000000000e+03,1.201000000000000000e+03,1.157000000000000000e+03,1.190000000000000000e+03,9.623700000000000000e+06
2.015020900000000000e+07,1.188000000000000000e+03,1.206000000000000000e+03,1.170000000000000000e+03,1.198000000000000000e+03,9.102300000000000000e+06
2.015021600000000000e+07,1.196000000000000000e+03,1.203000000000000000e+03,1.169000000000000000e+03,1.190000000000000000e+03,8.389800000000000000e+06
2.015022300000000000e+07,1.196000000000000000e+03,1.216000000000000000e+03,1.175000000000000000e+03,1.198000000000000000e+03,6.389100000000000000e+06
2.015030200000000000e+07,1.195000000000000000e+03,1.212000000000000000e+03,1.161000000000000000e+03,1.187000000000000000e+03,6.727300000000000000e+06
2.015030900000000000e+07,1.183000000000000000e+03,1.188000000000000000e+03,1.128000000000000000e+03,1.130000000000000000e+03,1.134040000000000000e+07
2.015031600000000000e+07,1.137000000000000000e+03,1.154000000000000000e+03,1.100000000000000000e+03,1.143000000000000000e+03,1.338350000000000000e+07
2.015032300000000000e+07,1.147000000000000000e+03,1.165000000000000000e+03,1.124000000000000000e+03,1.125000000000000000e+03,1.165670000000000000e+07
2.015033000000000000e+07,1.136000000000000000e+03,1.140219970703125000e+03,1.096000000000000000e+03,1.130000000000000000e+03,1.062340000000000000e+07
2.015040600000000000e+07,1.130000000000000000e+03,1.195000000000000000e+03,1.130000000000000000e+03,1.193000000000000000e+03,8.059400000000000000e+06
2.015041300000000000e+07,1.190000000000000000e+03,1.193000000000000000e+03,1.164250000000000000e+03,1.181000000000000000e+03,1.202220000000000000e+07
2.015042000000000000e+07,1.182000000000000000e+03,1.217000000000000000e+03,1.182000000000000000e+03,1.190000000000000000e+03,1.293320000000000000e+07
2.015042700000000000e+07,1.192000000000000000e+03,1.202500000000000000e+03,1.144500000000000000e+03,1.161000000000000000e+03,1.058550000000000000e+07
2.015050400000000000e+07,1.161000000000000000e+03,1.182000000000000000e+03,1.119000000000000000e+03,1.156000000000000000e+03,9.604200000000000000e+06
2.015051100000000000e+07,1.158000000000000000e+03,1.235000000000000000e+03,1.156000000000000000e+03,1.226000000000000000e+03,1.547690000000000000e+07
2.015051800000000000e+07,1.231000000000000000e+03,1.255000000000000000e+03,1.218000000000000000e+03,1.247000000000000000e+03,1.207580000000000000e+07
2.015052500000000000e+07,1.247000000000000000e+03,1.264000000000000000e+03,1.230000000000000000e+03,1.246000000000000000e+03,9.568200000000000000e+06
2.015060100000000000e+07,1.248000000000000000e+03,1.261000000000000000e+03,1.189000000000000000e+03,1.207000000000000000e+03,1.268570000000000000e+07
2.015060800000000000e+07,1.204000000000000000e+03,1.243000000000000000e+03,1.203000000000000000e+03,1.229000000000000000e+03,1.076680000000000000e+07
2.015061500000000000e+07,1.223000000000000000e+03,1.230000000000000000e+03,1.172000000000000000e+03,1.187000000000000000e+03,1.193340000000000000e+07
2.015062200000000000e+07,1.206000000000000000e+03,1.229000000000000000e+03,1.184000000000000000e+03,1.193000000000000000e+03,1.337400000000000000e+07
2.015062900000000000e+07,1.159000000000000000e+03,1.189000000000000000e+03,1.155000000000000000e+03,1.171000000000000000e+03,1.262990000000000000e+07
2.015070600000000000e+07,1.160000000000000000e+03,1.194000000000000000e+03,1.128000000000000000e+03,1.190000000000000000e+03,1.298130000000000000e+07
2.015071300000000000e+07,1.199000000000000000e+03,1.222000000000000000e+03,1.193000000000000000e+03,1.222000000000000000e+03,8.258300000000000000e+06
2.015072000000000000e+07,1.201000000000000000e+03,1.231000000000000000e+03,1.177760009765625000e+03,1.185000000000000000e+03,1.186260000000000000e+07
2.015072700000000000e+07,1.183000000000000000e+03,1.203000000000000000e+03,1.144750000000000000e+03,1.201000000000000000e+03,1.084110000000000000e+07
2.015080300000000000e+07,1.195000000000000000e+03,1.218000000000000000e+03,1.191000000000000000e+03,1.191000000000000000e+03,7.808000000000000000e+06
2.015081000000000000e+07,1.200000000000000000e+03,1.200000000000000000e+03,1.148000000000000000e+03,1.160000000000000000e+03,8.477900000000000000e+06
2.015081700000000000e+07,1.169000000000000000e+03,1.170000000000000000e+03,1.090000000000000000e+03,1.090000000000000000e+03,9.002300000000000000e+06
2.015082400000000000e+07,1.064000000000000000e+03,1.109000000000000000e+03,1.024000000000000000e+03,1.109000000000000000e+03,1.497160000000000000e+07
2.015083100000000000e+07,1.109000000000000000e+03,1.109000000000000000e+03,1.051000000000000000e+03,1.052000000000000000e+03,1.196740000000000000e+07
2.015090700000000000e+07,1.061000000000000000e+03,1.086000000000000000e+03,1.040000000000000000e+03,1.045000000000000000e+03,1.005040000000000000e+07
2.015091400000000000e+07,1.048000000000000000e+03,1.072560058593750000e+03,1.030000000000000000e+03,1.055000000000000000e+03,1.580820000000000000e+07
2.015092100000000000e+07,1.051000000000000000e+03,1.069780029296875000e+03,1.021000000000000000e+03,1.061000000000000000e+03,1.122470000000000000e+07
2.015092800000000000e+07,1.057000000000000000e+03,1.086000000000000000e+03,1.017000000000000000e+03,1.034000000000000000e+03,1.481650000000000000e+07
2.015100500000000000e+07,1.055000000000000000e+03,1.113000000000000000e+03,1.049869995117187500e+03,1.106000000000000000e+03,1.109280000000000000e+07
2.015101200000000000e+07,1.102000000000000000e+03,1.116000000000000000e+03,1.070780029296875000e+03,1.086000000000000000e+03,9.459300000000000000e+06
2.015101900000000000e+07,1.087000000000000000e+03,1.143000000000000000e+03,1.079000000000000000e+03,1.127000000000000000e+03,8.688500000000000000e+06
2.015102600000000000e+07,1.121000000000000000e+03,1.132000000000000000e+03,1.105000000000000000e+03,1.108000000000000000e+03,7.786100000000000000e+06
2.015110200000000000e+07,1.103000000000000000e+03,1.147000000000000000e+03,1.099000000000000000e+03,1.115000000000000000e+03,9.234000000000000000e+06
2.015110900000000000e+07,1.119000000000000000e+03,1.234000000000000000e+03,1.102000000000000000e+03,1.179000000000000000e+03,1.397460000000000000e+07
2.015111600000000000e+07,1.165000000000000000e+03,1.221000000000000000e+03,1.165000000000000000e+03,1.216000000000000000e+03,9.645900000000000000e+06
2.015112300000000000e+07,1.207000000000000000e+03,1.228500000000000000e+03,1.187000000000000000e+03,1.222000000000000000e+03,8.729000000000000000e+06
2.015113000000000000e+07,1.223000000000000000e+03,1.260000000000000000e+03,1.192000000000000000e+03,1.207000000000000000e+03,1.137120000000000000e+07
2.015120700000000000e+07,1.216000000000000000e+03,1.226000000000000000e+03,1.154000000000000000e+03,1.155000000000000000e+03,8.161400000000000000e+06
2.015121400000000000e+07,1.154000000000000000e+03,1.174000000000000000e+03,1.121000000000000000e+03,1.166000000000000000e+03,1.343440000000000000e+07
2.015122100000000000e+07,1.163000000000000000e+03,1.206000000000000000e+03,1.160000000000000000e+03,1.204000000000000000e+03,4.365900000000000000e+06
2.015122800000000000e+07,1.204000000000000000e+03,1.224000000000000000e+03,1.152000000000000000e+03,1.157000000000000000e+03,4.730600000000000000e+06
2.016010400000000000e+07,1.199000000000000000e+03,1.199000000000000000e+03,1.104000000000000000e+03,1.111000000000000000e+03,9.407200000000000000e+06
2.016011100000000000e+07,1.110000000000000000e+03,1.189000000000000000e+03,1.096000000000000000e+03,1.129000000000000000e+03,1.412790000000000000e+07
2.016011800000000000e+07,1.129000000000000000e+03,1.159000000000000000e+03,1.100339965820312500e+03,1.151000000000000000e+03,1.281660000000000000e+07
2.016012500000000000e+07,1.163000000000000000e+03,1.190000000000000000e+03,1.137609985351562500e+03,1.190000000000000000e+03,1.110470000000000000e+07
2.016020100000000000e+07,1.190000000000000000e+03,1.198000000000000000e+03,1.146000000000000000e+03,1.162000000000000000e+03,1.036560000000000000e+07
2.016020800000000000e+07,1.171000000000000000e+03,1.172000000000000000e+03,1.064000000000000000e+03,1.102000000000000000e+03,1.193770000000000000e+07
2.016021500000000000e+07,1.118000000000000000e+03,1.174209960937500000e+03,1.111000000000000000e+03,1.162000000000000000e+03,7.176100000000000000e+06
2.016022200000000000e+07,1.168000000000000000e+03,1.196000000000000000e+03,1.143949951171875000e+03,1.172000000000000000e+03,8.360700000000000000e+06
