2.007061800000000000e+07,1.530000000000000000e+02,2.150000000000000000e+02,1.530000000000000000e+02,2.135000000000000000e+02,3.720410000000000000e+07
2.007062500000000000e+07,2.150000000000000000e+02,2.180000000000000000e+02,1.680000000000000000e+02,1.850000000000000000e+02,1.407570000000000000e+07
2.007070200000000000e+07,1.780000000000000000e+02,1.930000000000000000e+02,1.780000000000000000e+02,1.900000000000000000e+02,2.357700000000000000e+06
2.007070900000000000e+07,1.850000000000000000e+02,1.990000000000000000e+02,1.740000000000000000e+02,1.850000000000000000e+02,1.052400000000000000e+06
2.007071600000000000e+07,1.850000000000000000e+02,1.950000000000000000e+02,1.820000000000000000e+02,1.897500000000000000e+02,1.715800000000000000e+06
2.007072300000000000e+07,1.900000000000000000e+02,1.950000000000000000e+02,1.860000000000000000e+02,1.860000000000000000e+02,9.108200000000000000e+06
2.007073000000000000e+07,1.890000000000000000e+02,1.920000000000000000e+02,1.770000000000000000e+02,1.800000000000000000e+02,2.152600000000000000e+06
2.007080600000000000e+07,1.810000000000000000e+02,2.020000000000000000e+02,1.800000000000000000e+02,1.920000000000000000e+02,4.309000000000000000e+06
2.007081300000000000e+07,1.930000000000000000e+02,1.930000000000000000e+02,1.750000000000000000e+02,1.825000000000000000e+02,5.309500000000000000e+06
2.007082000000000000e+07,1.847500000000000000e+02,1.930000000000000000e+02,1.790000000000000000e+02,1.905000000000000000e+02,1.025500000000000000e+06
2.007090300000000000e+07,1.920000000000000000e+02,2.200000000000000000e+02,1.860000000000000000e+02,2.190000000000000000e+02,1.199560000000000000e+07
2.007091000000000000e+07,2.120000000000000000e+02,2.600000000000000000e+02,2.120000000000000000e+02,2.560000000000000000e+02,2.278300000000000000e+06
2.007091700000000000e+07,2.580000000000000000e+02,2.625000000000000000e+02,2.430000000000000000e+02,2.520000000000000000e+02,1.559110000000000000e+07
2.007092400000000000e+07,2.517500000000000000e+02,2.770000000000000000e+02,2.500000000000000000e+02,2.600000000000000000e+02,2.895360000000000000e+07
2.007100100000000000e+07,2.575000000000000000e+02,2.790000000000000000e+02,2.267500000000000000e+02,2.485000000000000000e+02,3.109180000000000000e+07
2.007100800000000000e+07,2.510000000000000000e+02,2.525000000000000000e+02,2.450000000000000000e+02,2.500000000000000000e+02,1.166840000000000000e+07
2.007101500000000000e+07,2.507500000000000000e+02,2.507500000000000000e+02,2.440000000000000000e+02,2.450000000000000000e+02,2.810300000000000000e+06
2.007102200000000000e+07,2.397500000000000000e+02,2.550000000000000000e+02,2.397500000000000000e+02,2.500000000000000000e+02,4.850800000000000000e+06
2.007102900000000000e+07,2.530000000000000000e+02,2.565000000000000000e+02,2.370000000000000000e+02,2.417500000000000000e+02,3.789700000000000000e+06
2.007110500000000000e+07,2.380000000000000000e+02,2.510000000000000000e+02,2.380000000000000000e+02,2.470000000000000000e+02,1.401450000000000000e+07
2.007111200000000000e+07,2.430000000000000000e+02,2.517500000000000000e+02,2.300000000000000000e+02,2.350000000000000000e+02,4.025900000000000000e+06
2.007111900000000000e+07,2.300000000000000000e+02,2.440000000000000000e+02,1.980000000000000000e+02,2.422500000000000000e+02,8.017500000000000000e+06
2.007112600000000000e+07,2.457500000000000000e+02,2.540000000000000000e+02,2.370000000000000000e+02,2.400000000000000000e+02,3.269300000000000000e+06
2.007120300000000000e+07,2.405000000000000000e+02,2.540000000000000000e+02,2.312500000000000000e+02,2.462500000000000000e+02,1.073830000000000000e+07
2.007121000000000000e+07,2.450000000000000000e+02,2.467500000000000000e+02,2.172500000000000000e+02,2.285000000000000000e+02,2.024800000000000000e+06
2.007121700000000000e+07,2.250000000000000000e+02,2.312500000000000000e+02,2.105000000000000000e+02,2.300000000000000000e+02,2.665800000000000000e+06
2.007122400000000000e+07,2.310000000000000000e+02,2.415000000000000000e+02,2.220000000000000000e+02,2.385000000000000000e+02,5.427400000000000000e+06
2.007123100000000000e+07,2.240000000000000000e+02,2.455000000000000000e+02,2.230000000000000000e+02,2.287500000000000000e+02,6.373400000000000000e+06
2.008010700000000000e+07,2.260000000000000000e+02,2.320000000000000000e+02,2.120000000000000000e+02,2.210000000000000000e+02,4.631900000000000000e+06
2.008011400000000000e+07,2.220000000000000000e+02,2.590000000000000000e+02,2.220000000000000000e+02,2.510000000000000000e+02,8.130000000000000000e+06
2.008012100000000000e+07,2.457500000000000000e+02,2.530000000000000000e+02,2.012500000000000000e+02,2.255000000000000000e+02,4.001200000000000000e+06
2.008012800000000000e+07,2.220000000000000000e+02,2.720000000000000000e+02,2.220000000000000000e+02,2.700000000000000000e+02,4.011500000000000000e+06
2.008020400000000000e+07,2.680000000000000000e+02,2.742500000000000000e+02,2.482500000000000000e+02,2.730000000000000000e+02,2.900500000000000000e+06
2.008021100000000000e+07,2.660000000000000000e+02,2.965000000000000000e+02,2.660000000000000000e+02,2.907500000000000000e+02,3.050700000000000000e+06
2.008021800000000000e+07,2.950000000000000000e+02,3.575000000000000000e+02,2.950000000000000000e+02,3.300000000000000000e+02,2.880600000000000000e+06
2.008022500000000000e+07,3.397500000000000000e+02,3.450000000000000000e+02,3.080000000000000000e+02,3.320000000000000000e+02,2.917500000000000000e+06
2.008030300000000000e+07,3.310000000000000000e+02,3.720000000000000000e+02,3.127500000000000000e+02,3.342500000000000000e+02,3.100500000000000000e+06
2.008031000000000000e+07,3.440000000000000000e+02,3.440000000000000000e+02,3.077500000000000000e+02,3.237500000000000000e+02,2.873500000000000000e+06
2.008031700000000000e+07,3.197500000000000000e+02,3.232500000000000000e+02,2.807500000000000000e+02,3.200000000000000000e+02,3.280300000000000000e+06
2.008033100000000000e+07,3.460000000000000000e+02,3.565000000000000000e+02,3.230000000000000000e+02,3.360000000000000000e+02,4.539400000000000000e+06
2.008040700000000000e+07,3.370000000000000000e+02,3.545000000000000000e+02,3.360000000000000000e+02,3.442500000000000000e+02,1.803520000000000000e+07
2.008041400000000000e+07,3.390000000000000000e+02,3.950000000000000000e+02,3.350000000000000000e+02,3.750000000000000000e+02,8.246500000000000000e+06
2.008042100000000000e+07,3.785000000000000000e+02,3.902500000000000000e+02,3.605000000000000000e+02,3.650000000000000000e+02,0.000000000000000000e+00
2.008042800000000000e+07,3.680000000000000000e+02,3.740000000000000000e+02,3.457500000000000000e+02,3.627500000000000000e+02,0.000000000000000000e+00
2.008051200000000000e+07,3.727500000000000000e+02,4.105000000000000000e+02,3.677500000000000000e+02,4.105000000000000000e+02,0.000000000000000000e+00
2.008051900000000000e+07,4.080000000000000000e+02,4.175000000000000000e+02,3.660000000000000000e+02,3.727500000000000000e+02,0.000000000000000000e+00
2.008060200000000000e+07,3.840000000000000000e+02,4.470000000000000000e+02,3.720000000000000000e+02,4.337500000000000000e+02,0.000000000000000000e+00
2.008060900000000000e+07,4.365000000000000000e+02,4.845000000000000000e+02,4.110000000000000000e+02,4.252500000000000000e+02,0.000000000000000000e+00
2.008061600000000000e+07,4.237500000000000000e+02,4.400000000000000000e+02,4.080000000000000000e+02,4.090000000000000000e+02,0.000000000000000000e+00
2.008062300000000000e+07,4.107500000000000000e+02,4.222500000000000000e+02,3.815000000000000000e+02,3.950000000000000000e+02,0.000000000000000000e+00
2.008063000000000000e+07,3.957500000000000000e+02,3.972500000000000000e+02,3.150000000000000000e+02,3.280000000000000000e+02,0.000000000000000000e+00
2.008070700000000000e+07,3.330000000000000000e+02,3.532500000000000000e+02,3.020000000000000000e+02,3.192500000000000000e+02,2.632500000000000000e+06
2.008071400000000000e+07,3.182500000000000000e+02,3.247500000000000000e+02,2.630000000000000000e+02,2.700000000000000000e+02,4.873400000000000000e+06
2.008072100000000000e+07,2.717500000000000000e+02,2.947500000000000000e+02,2.487700042724609375e+02,2.632500000000000000e+02,9.202600000000000000e+06
2.008072800000000000e+07,2.605000000000000000e+02,2.995000000000000000e+02,2.605000000000000000e+02,2.752500000000000000e+02,4.680000000000000000e+06
2.008080400000000000e+07,2.757500000000000000e+02,2.807500000000000000e+02,2.400000000000000000e+02,2.602500000000000000e+02,4.750500000000000000e+06
2.008081100000000000e+07,2.592500000000000000e+02,2.622500000000000000e+02,2.250000000000000000e+02,2.450000000000000000e+02,5.447200000000000000e+06
2.008081800000000000e+07,2.435000000000000000e+02,2.692500000000000000e+02,2.302500000000000000e+02,2.680000000000000000e+02,4.799600000000000000e+06
2.008082500000000000e+07,2.680000000000000000e+02,2.680000000000000000e+02,2.400000000000000000e+02,2.567500000000000000e+02,4.067400000000000000e+06
2.008090100000000000e+07,2.535000000000000000e+02,2.547500000000000000e+02,1.721000061035156250e+02,1.840000000000000000e+02,1.116020000000000000e+07
2.008090800000000000e+07,1.910000000000000000e+02,1.950000000000000000e+02,1.576999969482421875e+02,1.730000000000000000e+02,1.044910000000000000e+07
2.008091500000000000e+07,1.693000000000000114e+02,1.980000000000000000e+02,1.581000061035156250e+02,1.805999999999999943e+02,3.809050000000000000e+07
2.008092200000000000e+07,1.640000000000000000e+02,2.050000000000000000e+02,1.600000000000000000e+02,1.667500000000000000e+02,6.857600000000000000e+06
2.008092900000000000e+07,1.732500000000000000e+02,1.732500000000000000e+02,1.090000000000000000e+02,1.175000000000000000e+02,6.645400000000000000e+06
2.008100600000000000e+07,1.060000000000000000e+02,1.187500000000000000e+02,7.500000000000000000e+01,8.350000000000000000e+01,1.295510960000000000e+08
2.008101300000000000e+07,9.500000000000000000e+01,1.125000000000000000e+02,6.825000000000000000e+01,7.700000000000000000e+01,1.105830000000000000e+07
2.008102000000000000e+07,8.125000000000000000e+01,8.200000000000000000e+01,6.100000000000000000e+01,6.325000000000000000e+01,7.019100000000000000e+06
2.008102700000000000e+07,6.075000000000000000e+01,6.075000000000000000e+01,3.725000000000000000e+01,3.850000000000000000e+01,1.405240000000000000e+07
2.008110300000000000e+07,4.000000000000000000e+01,4.550000000000000000e+01,3.300000000000000000e+01,3.600000000000000000e+01,1.164160000000000000e+07
2.008111000000000000e+07,3.750000000000000000e+01,4.225000000000000000e+01,2.950000000000000000e+01,2.950000000000000000e+01,4.688400000000000000e+06
2.008111700000000000e+07,3.000000000000000000e+01,3.000000000000000000e+01,2.150000000000000000e+01,2.150000000000000000e+01,4.261800000000000000e+06
2.008112400000000000e+07,2.300000000000000000e+01,3.375000000000000000e+01,2.200000000000000000e+01,3.275000000000000000e+01,6.404600000000000000e+06
2.008120100000000000e+07,3.300000000000000000e+01,3.450000000000000000e+01,2.525000000000000000e+01,2.800000000000000000e+01,2.981700000000000000e+06
2.008120800000000000e+07,2.825000000000000000e+01,3.725000000000000000e+01,2.825000000000000000e+01,3.200000000000000000e+01,5.335500000000000000e+06
2.008121500000000000e+07,3.300000000000000000e+01,3.350000000000000000e+01,2.700000000000000000e+01,2.700000000000000000e+01,3.406600000000000000e+06
2.008122200000000000e+07,2.900000000000000000e+01,2.950000000000000000e+01,2.725000000000000000e+01,2.950000000000000000e+01,1.263100000000000000e+06
2.008122900000000000e+07,3.000000000000000000e+01,3.475000000000000000e+01,2.825000000000000000e+01,3.275000000000000000e+01,5.515000000000000000e+06
2.009010500000000000e+07,3.200000000000000000e+01,3.850000000000000000e+01,3.100000000000000000e+01,3.500000000000000000e+01,3.030900000000000000e+06
2.009011200000000000e+07,3.500000000000000000e+01,5.200000000000000000e+01,3.400000000000000000e+01,5.000000000000000000e+01,1.131920000000000000e+07
2.009011900000000000e+07,5.200000000000000000e+01,6.125000000000000000e+01,4.800000000000000000e+01,4.925000000000000000e+01,4.941000000000000000e+06
2.009012600000000000e+07,5.175000000000000000e+01,5.550000000000000000e+01,4.825000000000000000e+01,4.950000000000000000e+01,5.851700000000000000e+06
2.009020200000000000e+07,5.000000000000000000e+01,7.475000000000000000e+01,4.750000000000000000e+01,7.225000000000000000e+01,2.246600000000000000e+06
2.009020900000000000e+07,7.275000000000000000e+01,7.825000000000000000e+01,6.200000000000000000e+01,7.050000000000000000e+01,3.326700000000000000e+06
2.009021600000000000e+07,7.100000000000000000e+01,7.100000000000000000e+01,5.450000000000000000e+01,5.575000000000000000e+01,2.295200000000000000e+06
2.009022300000000000e+07,6.000000000000000000e+01,6.452999877929687500e+01,5.425000000000000000e+01,5.775000000000000000e+01,2.015600000000000000e+06
2.009030200000000000e+07,5.650000000000000000e+01,5.650000000000000000e+01,4.750000000000000000e+01,4.800000000000000000e+01,3.570400000000000000e+06
2.009030900000000000e+07,4.700000000000000000e+01,5.425000000000000000e+01,4.475000000000000000e+01,5.400000000000000000e+01,3.756800000000000000e+06
2.009031600000000000e+07,5.425000000000000000e+01,5.925000000000000000e+01,5.100000000000000000e+01,5.925000000000000000e+01,3.933100000000000000e+06
2.009032300000000000e+07,5.750000000000000000e+01,7.150000000000000000e+01,5.300000000000000000e+01,5.975000000000000000e+01,5.017600000000000000e+06
2.009033000000000000e+07,5.950000000000000000e+01,6.275000000000000000e+01,5.550000000000000000e+01,6.150000000000000000e+01,4.171500000000000000e+06
2.009040600000000000e+07,6.400000000000000000e+01,6.600000000000000000e+01,5.925000000000000000e+01,6.600000000000000000e+01,2.770600000000000000e+06
2.009041300000000000e+07,6.600000000000000000e+01,9.100000000000000000e+01,6.600000000000000000e+01,8.900000000000000000e+01,4.636600000000000000e+06
2.009042000000000000e+07,9.125000000000000000e+01,1.222500000000000000e+02,7.975000000000000000e+01,1.222500000000000000e+02,6.459500000000000000e+06
2.009042700000000000e+07,1.160000000000000000e+02,1.527500000000000000e+02,1.135000000000000000e+02,1.500000000000000000e+02,7.507600000000000000e+06
2.009050400000000000e+07,1.500000000000000000e+02,1.847500000000000000e+02,1.500000000000000000e+02,1.620000000000000000e+02,9.627500000000000000e+06
2.009051100000000000e+07,1.620000000000000000e+02,1.620000000000000000e+02,1.315000000000000000e+02,1.457500000000000000e+02,6.688800000000000000e+06
2.009051800000000000e+07,1.455000000000000000e+02,1.675000000000000000e+02,1.392500000000000000e+02,1.657500000000000000e+02,5.285200000000000000e+06
2.009052500000000000e+07,1.657500000000000000e+02,1.700000000000000000e+02,1.567500000000000000e+02,1.620000000000000000e+02,3.833200000000000000e+06
2.009060100000000000e+07,1.665000000000000000e+02,1.780000000000000000e+02,1.617500000000000000e+02,1.720000000000000000e+02,4.433200000000000000e+06
2.009060800000000000e+07,1.702500000000000000e+02,1.711250000000000000e+02,1.590000000000000000e+02,1.627500000000000000e+02,4.549600000000000000e+06
2.009061500000000000e+07,1.630000000000000000e+02,1.630000000000000000e+02,1.270000000000000000e+02,1.287500000000000000e+02,9.333600000000000000e+06
2.009062200000000000e+07,1.280000000000000000e+02,1.450000000000000000e+02,1.195000000000000000e+02,1.420000000000000000e+02,4.115300000000000000e+06
2.009062900000000000e+07,1.405000000000000000e+02,1.430000000000000000e+02,1.262500000000000000e+02,1.275000000000000000e+02,2.334600000000000000e+06
2.009070600000000000e+07,1.282500000000000000e+02,1.327500000000000000e+02,1.177500000000000000e+02,1.185000000000000000e+02,2.254300000000000000e+06
2.009071300000000000e+07,1.175000000000000000e+02,1.515000000000000000e+02,1.120000000000000000e+02,1.402500000000000000e+02,4.676100000000000000e+06
2.009072000000000000e+07,1.437500000000000000e+02,1.565000000000000000e+02,1.380000000000000000e+02,1.495000000000000000e+02,3.318300000000000000e+06
2.009072700000000000e+07,1.505000000000000000e+02,1.525000000000000000e+02,1.380000000000000000e+02,1.420000000000000000e+02,2.530500000000000000e+06
2.009080300000000000e+07,1.425000000000000000e+02,1.900000000000000000e+02,1.425000000000000000e+02,1.766999999999999886e+02,4.582700000000000000e+06
2.009081000000000000e+07,1.764000000000000057e+02,1.850090026855468750e+02,1.571000061035156250e+02,1.710000000000000000e+02,3.955500000000000000e+06
2.009081700000000000e+07,1.664000000000000057e+02,1.706999969482421875e+02,1.583999938964843750e+02,1.644000000000000057e+02,2.500800000000000000e+06
2.009082400000000000e+07,1.650000000000000000e+02,1.698000030517578125e+02,1.476999969482421875e+02,1.559000000000000057e+02,4.124800000000000000e+06
2.009083100000000000e+07,1.559000000000000057e+02,1.586999969482421875e+02,1.389550018310546875e+02,1.526999999999999886e+02,3.570500000000000000e+06
2.009090700000000000e+07,1.520000000000000000e+02,1.570000000000000000e+02,1.480000000000000000e+02,1.506999999999999886e+02,2.901800000000000000e+06
2.009091400000000000e+07,1.504000000000000057e+02,1.643000030517578125e+02,1.420000000000000000e+02,1.595000000000000000e+02,6.461200000000000000e+06
2.009092100000000000e+07,1.585000000000000000e+02,1.620000000000000000e+02,1.468000030517578125e+02,1.468000000000000114e+02,3.620700000000000000e+06
2.009092800000000000e+07,1.505000000000000000e+02,1.548000030517578125e+02,1.377619934082031250e+02,1.409000000000000057e+02,3.787500000000000000e+06
2.009100500000000000e+07,1.425999999999999943e+02,1.585000000000000000e+02,1.391000061035156250e+02,1.556999999999999886e+02,5.322200000000000000e+06
2.009101200000000000e+07,1.579000000000000057e+02,1.723999938964843750e+02,1.538320007324218750e+02,1.656999999999999886e+02,8.559600000000000000e+06
2.009101900000000000e+07,1.675999999999999943e+02,1.726999969482421875e+02,1.586000061035156250e+02,1.600999999999999943e+02,5.119200000000000000e+06
2.009102600000000000e+07,1.611999999999999886e+02,1.611999969482421875e+02,1.405500030517578125e+02,1.485000000000000000e+02,5.265700000000000000e+06
2.009110200000000000e+07,1.468000000000000114e+02,1.608999938964843750e+02,1.426000061035156250e+02,1.601999999999999886e+02,3.048300000000000000e+06
2.009110900000000000e+07,1.641999999999999886e+02,1.743999938964843750e+02,1.641999969482421875e+02,1.696999999999999886e+02,6.413300000000000000e+06
2.009111600000000000e+07,1.723000000000000114e+02,1.968999938964843750e+02,1.690000000000000000e+02,1.904000000000000057e+02,6.967500000000000000e+06
2.009112300000000000e+07,1.951999999999999886e+02,2.283999938964843750e+02,1.861540069580078125e+02,2.064000000000000057e+02,1.157940000000000000e+07
2.009113000000000000e+07,2.070000000000000000e+02,2.126999969482421875e+02,1.970000000000000000e+02,2.006999999999999886e+02,7.731400000000000000e+06
2.009120700000000000e+07,1.989000000000000057e+02,2.033000030517578125e+02,1.838999938964843750e+02,1.880000000000000000e+02,3.958100000000000000e+06
2.009121400000000000e+07,1.881999999999999886e+02,1.941000061035156250e+02,1.773350067138671875e+02,1.880999999999999943e+02,4.968300000000000000e+06
2.009122100000000000e+07,1.860000000000000000e+02,1.910000000000000000e+02,1.815000000000000000e+02,1.900000000000000000e+02,1.140600000000000000e+06
2.010010400000000000e+07,1.950000000000000000e+02,2.378999938964843750e+02,1.950000000000000000e+02,2.373000000000000114e+02,7.164100000000000000e+06
2.010011100000000000e+07,2.435999999999999943e+02,2.470469970703125000e+02,2.270000000000000000e+02,2.295000000000000000e+02,7.254100000000000000e+06
2.010011800000000000e+07,2.330000000000000000e+02,2.400000000000000000e+02,2.088000030517578125e+02,2.190000000000000000e+02,4.479300000000000000e+06
2.010012500000000000e+07,2.139000000000000057e+02,2.206000061035156250e+02,2.005140075683593750e+02,2.046999999999999886e+02,3.822900000000000000e+06
2.010020100000000000e+07,2.060000000000000000e+02,3.790000000000000000e+02,1.900000000000000000e+02,1.970999999999999943e+02,7.962300000000000000e+06
2.010020800000000000e+07,1.970000000000000000e+02,2.300599975585937500e+02,1.960000000000000000e+02,2.300000000000000000e+02,9.563200000000000000e+06
2.010021500000000000e+07,2.300000000000000000e+02,2.847000122070312500e+02,2.300000000000000000e+02,2.820000000000000000e+02,1.263830000000000000e+07
2.010022200000000000e+07,2.820000000000000000e+02,2.936000061035156250e+02,2.553000030517578125e+02,2.820000000000000000e+02,1.575240000000000000e+07
2.010030100000000000e+07,2.833999999999999773e+02,3.520000000000000000e+02,2.660000000000000000e+02,3.520000000000000000e+02,1.030470000000000000e+07
2.010030800000000000e+07,2.978999999999999773e+02,3.099429931640625000e+02,2.900000000000000000e+02,3.048999999999999773e+02,3.973700000000000000e+06
2.010031500000000000e+07,3.058999999999999773e+02,3.188999938964843750e+02,2.927000122070312500e+02,3.120000000000000000e+02,6.601900000000000000e+06
2.010032200000000000e+07,3.083999999999999773e+02,3.647000122070312500e+02,3.027000122070312500e+02,3.593000000000000114e+02,1.031290000000000000e+07
2.010032900000000000e+07,3.616999999999999886e+02,3.872000122070312500e+02,3.545000000000000000e+02,3.790000000000000000e+02,6.362400000000000000e+06
2.010040500000000000e+07,3.790000000000000000e+02,3.962000122070312500e+02,3.551000061035156250e+02,3.691999999999999886e+02,5.738300000000000000e+06
2.010041200000000000e+07,3.693999999999999773e+02,3.792000122070312500e+02,3.555000000000000000e+02,3.641000000000000227e+02,4.957200000000000000e+06
2.010041900000000000e+07,3.641999999999999886e+02,3.750000000000000000e+02,3.510000000000000000e+02,3.626000000000000227e+02,6.170500000000000000e+06
2.010042600000000000e+07,3.685000000000000000e+02,3.751000061035156250e+02,3.261799926757812500e+02,3.520000000000000000e+02,6.506100000000000000e+06
2.010050300000000000e+07,3.520000000000000000e+02,3.790000000000000000e+02,2.595000000000000000e+02,2.738999999999999773e+02,1.195100000000000000e+07
2.010051000000000000e+07,2.911000000000000227e+02,3.150000000000000000e+02,2.830000000000000000e+02,2.841000000000000227e+02,8.824200000000000000e+06
2.010051700000000000e+07,2.798999999999999773e+02,2.818999938964843750e+02,2.211000061035156250e+02,2.316999999999999886e+02,1.619480000000000000e+07
2.010052400000000000e+07,2.330000000000000000e+02,2.711000061035156250e+02,2.150000000000000000e+02,2.670000000000000000e+02,1.690190000000000000e+07
2.010053100000000000e+07,2.670000000000000000e+02,2.683999938964843750e+02,2.413999938964843750e+02,2.520999999999999943e+02,9.738700000000000000e+06
2.010060700000000000e+07,2.458000000000000114e+02,2.613999938964843750e+02,2.358000030517578125e+02,2.528000000000000114e+02,1.240340000000000000e+07
2.010061400000000000e+07,2.544000000000000057e+02,2.829249877929687500e+02,2.543999938964843750e+02,2.746000000000000227e+02,7.455400000000000000e+06
2.010062100000000000e+07,2.813999999999999773e+02,2.976000061035156250e+02,2.677000122070312500e+02,2.716000000000000227e+02,5.566900000000000000e+06
2.010062800000000000e+07,2.725000000000000000e+02,2.788999938964843750e+02,2.331000061035156250e+02,2.401999999999999886e+02,1.094850000000000000e+07
2.010070500000000000e+07,2.384000000000000057e+02,2.742000122070312500e+02,2.366000061035156250e+02,2.700000000000000000e+02,5.641900000000000000e+06
2.010071200000000000e+07,2.691000000000000227e+02,2.822999877929687500e+02,2.518999938964843750e+02,2.531999999999999886e+02,3.777700000000000000e+06
2.010071900000000000e+07,2.504000000000000057e+02,2.921000061035156250e+02,2.491000061035156250e+02,2.901000000000000227e+02,5.013800000000000000e+06
2.010072600000000000e+07,2.938000000000000114e+02,2.970000000000000000e+02,2.761000061035156250e+02,2.768000000000000114e+02,2.717800000000000000e+06
2.010080200000000000e+07,2.846000000000000227e+02,3.126000061035156250e+02,2.771000061035156250e+02,3.070000000000000000e+02,6.353800000000000000e+06
2.010080900000000000e+07,3.120000000000000000e+02,3.145000000000000000e+02,2.822999877929687500e+02,2.891999999999999886e+02,6.621000000000000000e+06
2.010081600000000000e+07,2.906999999999999886e+02,3.230000000000000000e+02,2.848999938964843750e+02,3.026999999999999886e+02,5.251300000000000000e+06
2.010082300000000000e+07,3.130000000000000000e+02,3.130000000000000000e+02,2.756000061035156250e+02,2.895000000000000000e+02,3.895700000000000000e+06
2.010083000000000000e+07,2.895000000000000000e+02,3.258160095214843750e+02,2.818750000000000000e+02,3.200000000000000000e+02,5.292800000000000000e+06
2.010090600000000000e+07,3.263999999999999773e+02,3.263999938964843750e+02,2.971000061035156250e+02,3.046999999999999886e+02,4.282200000000000000e+06
2.010091300000000000e+07,3.100000000000000000e+02,3.197999877929687500e+02,3.050000000000000000e+02,3.141000000000000227e+02,4.374700000000000000e+06
2.010092000000000000e+07,3.131000000000000227e+02,3.165450134277343750e+02,2.755000000000000000e+02,2.936999999999999886e+02,4.520300000000000000e+06
2.010092700000000000e+07,2.935000000000000000e+02,3.197999877929687500e+02,2.863999938964843750e+02,3.133000000000000114e+02,5.377400000000000000e+06
2.010100400000000000e+07,3.108999999999999773e+02,3.400000000000000000e+02,3.002000122070312500e+02,3.315000000000000000e+02,6.082600000000000000e+06
2.010101100000000000e+07,3.336999999999999886e+02,3.617999877929687500e+02,3.251879882812500000e+02,3.486000000000000227e+02,4.682500000000000000e+06
2.010101800000000000e+07,3.455000000000000000e+02,3.495000000000000000e+02,3.305000000000000000e+02,3.398000000000000114e+02,3.965300000000000000e+06
2.010102500000000000e+07,3.413999999999999773e+02,3.450000000000000000e+02,3.193999938964843750e+02,3.243999999999999773e+02,2.990500000000000000e+06
2.010110100000000000e+07,3.281999999999999886e+02,3.708999938964843750e+02,3.280000000000000000e+02,3.608999999999999773e+02,4.263300000000000000e+06
2.010110800000000000e+07,3.601999999999999886e+02,4.016000061035156250e+02,3.546000061035156250e+02,3.791999999999999886e+02,5.724000000000000000e+06
2.010111500000000000e+07,3.786000000000000227e+02,3.940000000000000000e+02,3.516000061035156250e+02,3.688999999999999773e+02,5.177500000000000000e+06
2.010112200000000000e+07,3.733999999999999773e+02,3.766000061035156250e+02,3.535549926757812500e+02,3.691000000000000227e+02,3.694100000000000000e+06
2.010112900000000000e+07,3.673999999999999773e+02,3.821000061035156250e+02,3.417000122070312500e+02,3.706999999999999886e+02,4.401000000000000000e+06
2.010120600000000000e+07,3.720000000000000000e+02,3.835000000000000000e+02,3.557000122070312500e+02,3.610000000000000000e+02,3.539700000000000000e+06
2.010121300000000000e+07,3.618999999999999773e+02,3.900000000000000000e+02,3.590000000000000000e+02,3.893999999999999773e+02,4.386300000000000000e+06
2.010122000000000000e+07,3.873000000000000114e+02,3.967999877929687500e+02,3.610000000000000000e+02,3.610000000000000000e+02,3.546600000000000000e+06
2.010122700000000000e+07,3.610000000000000000e+02,4.305950012207031250e+02,3.610000000000000000e+02,4.175000000000000000e+02,2.255800000000000000e+06
2.011011000000000000e+07,4.133000000000000114e+02,4.432000122070312500e+02,4.027000122070312500e+02,4.391999999999999886e+02,5.904600000000000000e+06
2.011011700000000000e+07,4.383999999999999773e+02,4.550000000000000000e+02,4.167000122070312500e+02,4.196999999999999886e+02,4.620400000000000000e+06
2.011012400000000000e+07,4.210000000000000000e+02,4.497000122070312500e+02,4.137000122070312500e+02,4.373999999999999773e+02,5.694300000000000000e+06
2.011013100000000000e+07,4.366000000000000227e+02,4.550000000000000000e+02,4.180000000000000000e+02,4.391999999999999886e+02,3.693800000000000000e+06
2.011020700000000000e+07,4.350000000000000000e+02,4.550000000000000000e+02,3.925000000000000000e+02,4.331000000000000227e+02,4.912700000000000000e+06
2.011021400000000000e+07,4.331000000000000227e+02,4.445000000000000000e+02,4.142839965820312500e+02,4.391999999999999886e+02,3.691200000000000000e+06
2.011022100000000000e+07,4.388999999999999773e+02,4.425000000000000000e+02,3.890000000000000000e+02,4.093999999999999773e+02,4.582800000000000000e+06
2.011022800000000000e+07,4.105000000000000000e+02,4.325000000000000000e+02,4.087999877929687500e+02,4.153999999999999773e+02,2.571500000000000000e+06
2.011030700000000000e+07,4.141000000000000227e+02,4.197000122070312500e+02,3.651000061035156250e+02,3.776000000000000227e+02,4.229600000000000000e+06
2.011031400000000000e+07,3.780000000000000000e+02,4.082000122070312500e+02,3.551000061035156250e+02,4.080000000000000000e+02,5.507400000000000000e+06
2.011032100000000000e+07,4.110000000000000000e+02,4.311000061035156250e+02,2.428999938964843750e+02,4.286999999999999886e+02,5.056500000000000000e+06
2.011032800000000000e+07,4.298999999999999773e+02,4.495000000000000000e+02,4.120000000000000000e+02,4.481999999999999886e+02,4.037800000000000000e+06
2.011040400000000000e+07,4.491999999999999886e+02,5.683300170898437500e+02,4.478999938964843750e+02,4.750000000000000000e+02,5.564100000000000000e+06
2.011041100000000000e+07,4.850000000000000000e+02,4.850000000000000000e+02,4.343999938964843750e+02,4.423999999999999773e+02,5.262800000000000000e+06
2.011041800000000000e+07,4.428999999999999773e+02,4.868999938964843750e+02,4.236000061035156250e+02,4.786000000000000227e+02,6.151400000000000000e+06
2.011050900000000000e+07,4.540000000000000000e+02,4.748999938964843750e+02,4.505000000000000000e+02,4.568000000000000114e+02,7.133100000000000000e+06
2.011051600000000000e+07,4.548999999999999773e+02,4.548999938964843750e+02,4.350000000000000000e+02,4.413000000000000114e+02,4.426200000000000000e+06
2.011052300000000000e+07,4.346999999999999886e+02,4.473999938964843750e+02,4.202000122070312500e+02,4.361000000000000227e+02,3.412700000000000000e+06
2.011060600000000000e+07,4.441000000000000227e+02,4.858999938964843750e+02,4.412999877929687500e+02,4.561000000000000227e+02,5.308100000000000000e+06
2.011061300000000000e+07,4.555000000000000000e+02,4.665880126953125000e+02,4.212000122070312500e+02,4.316999999999999886e+02,3.531800000000000000e+06
2.011062000000000000e+07,4.281000000000000227e+02,4.500000000000000000e+02,4.173999938964843750e+02,4.316999999999999886e+02,3.788400000000000000e+06
2.011062700000000000e+07,4.296999999999999886e+02,4.838999938964843750e+02,4.297000122070312500e+02,4.796999999999999886e+02,4.332500000000000000e+06
2.011070400000000000e+07,4.801999999999999886e+02,4.957999877929687500e+02,4.568999938964843750e+02,4.823000000000000114e+02,3.352000000000000000e+06
2.011071100000000000e+07,4.751000000000000227e+02,4.832000122070312500e+02,4.412999877929687500e+02,4.758000000000000114e+02,3.489200000000000000e+06
2.011071800000000000e+07,4.726999999999999886e+02,4.987999877929687500e+02,4.562000122070312500e+02,4.885000000000000000e+02,3.428000000000000000e+06
2.011072500000000000e+07,4.886000000000000227e+02,4.917669982910156250e+02,4.515000000000000000e+02,4.625000000000000000e+02,3.953300000000000000e+06
2.011080100000000000e+07,4.690000000000000000e+02,4.721000061035156250e+02,3.710000000000000000e+02,3.908000000000000114e+02,6.053300000000000000e+06
2.011080800000000000e+07,3.800000000000000000e+02,3.912999877929687500e+02,3.137000122070312500e+02,3.688999999999999773e+02,8.943300000000000000e+06
2.011081500000000000e+07,3.780000000000000000e+02,3.900000000000000000e+02,2.955000000000000000e+02,3.098000000000000114e+02,5.052400000000000000e+06
2.011082200000000000e+07,3.073999999999999773e+02,3.562999877929687500e+02,3.073999938964843750e+02,3.470000000000000000e+02,5.654400000000000000e+06
2.011090500000000000e+07,3.660000000000000000e+02,3.915000000000000000e+02,3.460000000000000000e+02,3.628000000000000114e+02,3.625500000000000000e+06
2.011091200000000000e+07,3.543999999999999773e+02,3.867999877929687500e+02,3.416000061035156250e+02,3.758999999999999773e+02,3.929000000000000000e+06
2.011091900000000000e+07,3.661999999999999886e+02,3.756000061035156250e+02,2.870000000000000000e+02,2.965000000000000000e+02,4.786600000000000000e+06
2.011092600000000000e+07,2.843999999999999773e+02,3.093999938964843750e+02,2.607000122070312500e+02,2.651999999999999886e+02,6.898600000000000000e+06
2.011100300000000000e+07,2.571999999999999886e+02,3.108999938964843750e+02,2.372599945068359375e+02,2.973999999999999773e+02,6.317500000000000000e+06
2.011101000000000000e+07,3.050000000000000000e+02,3.422999877929687500e+02,2.912999877929687500e+02,3.390000000000000000e+02,5.106700000000000000e+06
2.011101700000000000e+07,3.423000000000000114e+02,3.482609863281250000e+02,2.857000122070312500e+02,2.943000000000000114e+02,5.135400000000000000e+06
2.011102400000000000e+07,3.006999999999999886e+02,3.426000061035156250e+02,2.907000122070312500e+02,3.418999999999999773e+02,6.496300000000000000e+06
2.011103100000000000e+07,3.431999999999999886e+02,3.495000000000000000e+02,2.920000000000000000e+02,3.168999999999999773e+02,5.874900000000000000e+06
2.011110700000000000e+07,3.113000000000000114e+02,3.347999877929687500e+02,3.001000061035156250e+02,3.151999999999999886e+02,5.441900000000000000e+06
2.011111400000000000e+07,3.221999999999999886e+02,3.222000122070312500e+02,2.600000000000000000e+02,2.608000000000000114e+02,5.011200000000000000e+06
2.011112100000000000e+07,2.606000000000000227e+02,2.657229919433593750e+02,2.381640014648437500e+02,2.573999999999999773e+02,5.185700000000000000e+06
2.011112800000000000e+07,2.713000000000000114e+02,3.067000122070312500e+02,2.677000122070312500e+02,2.945000000000000000e+02,6.686000000000000000e+06
2.011120500000000000e+07,2.993999999999999773e+02,3.110000000000000000e+02,2.752000122070312500e+02,2.878000000000000114e+02,4.116200000000000000e+06
2.011121200000000000e+07,2.858000000000000114e+02,2.872489929199218750e+02,2.463650054931640625e+02,2.566000000000000227e+02,6.074600000000000000e+06
2.011121900000000000e+07,2.533000000000000114e+02,2.750000000000000000e+02,2.497359924316406250e+02,2.700000000000000000e+02,3.850100000000000000e+06
2.011122600000000000e+07,2.700000000000000000e+02,2.722999877929687500e+02,2.606000061035156250e+02,2.688000000000000114e+02,1.863500000000000000e+06
2.012010200000000000e+07,2.688000000000000114e+02,2.978999938964843750e+02,2.687999877929687500e+02,2.958999999999999773e+02,4.140100000000000000e+06
2.012010900000000000e+07,2.966000000000000227e+02,3.238999938964843750e+02,2.849599914550781250e+02,3.210000000000000000e+02,7.953600000000000000e+06
2.012011600000000000e+07,3.171000000000000227e+02,3.445000000000000000e+02,3.110000000000000000e+02,3.310000000000000000e+02,6.826100000000000000e+06
2.012012300000000000e+07,3.326999999999999886e+02,3.557000122070312500e+02,3.266000061035156250e+02,3.438999999999999773e+02,4.457200000000000000e+06
2.012013000000000000e+07,3.416000000000000227e+02,3.646870117187500000e+02,3.277770080566406250e+02,3.590000000000000000e+02,4.341700000000000000e+06
2.012020600000000000e+07,3.571000000000000227e+02,3.700000000000000000e+02,3.277999877929687500e+02,3.340000000000000000e+02,5.783900000000000000e+06
2.012021300000000000e+07,3.381000000000000227e+02,3.513999938964843750e+02,3.197000122070312500e+02,3.303999999999999773e+02,6.144900000000000000e+06
2.012022000000000000e+07,3.351999999999999886e+02,3.437000122070312500e+02,3.187000122070312500e+02,3.238999999999999773e+02,5.248200000000000000e+06
2.012022700000000000e+07,3.216999999999999886e+02,3.342999877929687500e+02,3.127000122070312500e+02,3.223000000000000114e+02,5.552800000000000000e+06
2.012030500000000000e+07,3.193000000000000114e+02,3.302000122070312500e+02,2.914500122070312500e+02,3.208000000000000114e+02,7.656200000000000000e+06
2.012031200000000000e+07,3.203999999999999773e+02,3.441000061035156250e+02,3.103999938964843750e+02,3.383999999999999773e+02,7.394300000000000000e+06
2.012031900000000000e+07,3.391999999999999886e+02,3.403999938964843750e+02,2.932999877929687500e+02,3.000000000000000000e+02,6.983000000000000000e+06
2.012032600000000000e+07,3.026000000000000227e+02,3.113999938964843750e+02,2.868999938964843750e+02,3.056000000000000227e+02,9.769300000000000000e+06
2.012040200000000000e+07,3.081000000000000227e+02,3.125000000000000000e+02,2.820000000000000000e+02,2.910000000000000000e+02,8.761200000000000000e+06
2.012040900000000000e+07,2.910000000000000000e+02,3.000000000000000000e+02,2.712999877929687500e+02,2.946000000000000227e+02,1.363240000000000000e+07
2.012041600000000000e+07,2.931999999999999886e+02,2.996000061035156250e+02,2.820000000000000000e+02,2.871000000000000227e+02,8.239700000000000000e+06
2.012042300000000000e+07,2.833000000000000114e+02,3.007000122070312500e+02,2.723999938964843750e+02,2.923000000000000114e+02,7.499500000000000000e+06
2.012043000000000000e+07,2.930000000000000000e+02,3.000000000000000000e+02,2.628999938964843750e+02,2.723000000000000114e+02,6.962200000000000000e+06
2.012050700000000000e+07,2.723000000000000114e+02,2.722999877929687500e+02,2.476000061035156250e+02,2.528000000000000114e+02,7.077300000000000000e+06
2.012051400000000000e+07,2.500000000000000000e+02,2.513999938964843750e+02,2.086999969482421875e+02,2.110000000000000000e+02,8.885400000000000000e+06
2.012052100000000000e+07,2.106999999999999886e+02,2.300000000000000000e+02,2.035000000000000000e+02,2.064000000000000057e+02,7.535000000000000000e+06
2.012052800000000000e+07,2.115999999999999943e+02,2.234600067138671875e+02,1.838000030517578125e+02,1.878000000000000114e+02,7.573200000000000000e+06
2.012060400000000000e+07,1.878000000000000114e+02,2.108999938964843750e+02,1.878000030517578125e+02,2.024000000000000057e+02,5.173600000000000000e+06
2.012061100000000000e+07,2.093000000000000114e+02,2.124499969482421875e+02,1.753000030517578125e+02,2.023000000000000114e+02,9.582500000000000000e+06
2.012061800000000000e+07,2.068000000000000114e+02,2.243999938964843750e+02,1.986999969482421875e+02,2.121999999999999886e+02,8.163000000000000000e+06
2.012062500000000000e+07,2.095000000000000000e+02,2.173000030517578125e+02,1.973489990234375000e+02,2.151999999999999886e+02,5.826600000000000000e+06
2.012070200000000000e+07,2.143000000000000114e+02,2.335000000000000000e+02,2.118000030517578125e+02,2.196999999999999886e+02,6.904500000000000000e+06
2.012070900000000000e+07,2.204000000000000057e+02,2.203999938964843750e+02,1.973000030517578125e+02,2.104000000000000057e+02,1.624490000000000000e+07
2.012071600000000000e+07,2.110000000000000000e+02,2.110000000000000000e+02,1.888000030517578125e+02,1.900999999999999943e+02,8.959100000000000000e+06
2.012072300000000000e+07,1.860000000000000000e+02,1.906000061035156250e+02,1.669409942626953125e+02,1.795000000000000000e+02,7.832500000000000000e+06
2.012073000000000000e+07,1.809000000000000057e+02,1.880000000000000000e+02,1.710000000000000000e+02,1.815000000000000000e+02,4.779400000000000000e+06
2.012080600000000000e+07,1.814000000000000057e+02,1.993699951171875000e+02,1.806999969482421875e+02,1.910999999999999943e+02,6.381000000000000000e+06
2.012081300000000000e+07,1.910000000000000000e+02,2.025000000000000000e+02,1.838999938964843750e+02,2.006999999999999886e+02,7.686200000000000000e+06
2.012082000000000000e+07,1.999000000000000057e+02,2.033999938964843750e+02,1.821000061035156250e+02,1.830000000000000000e+02,7.510200000000000000e+06
2.012082700000000000e+07,1.830000000000000000e+02,1.836000061035156250e+02,1.508000030517578125e+02,1.616999999999999886e+02,1.006620000000000000e+07
2.012090300000000000e+07,1.608000000000000114e+02,1.848999938964843750e+02,1.386999969482421875e+02,1.828000000000000114e+02,1.231670000000000000e+07
2.012091000000000000e+07,1.825000000000000000e+02,2.378999938964843750e+02,1.773800048828125000e+02,2.250000000000000000e+02,1.739550000000000000e+07
2.012091700000000000e+07,2.274000000000000057e+02,2.312799987792968750e+02,2.057299957275390625e+02,2.155000000000000000e+02,1.030980000000000000e+07
2.012092400000000000e+07,2.133000000000000114e+02,2.138000030517578125e+02,1.921999969482421875e+02,1.938000000000000114e+02,9.780100000000000000e+06
2.012100100000000000e+07,1.934000000000000057e+02,2.121999969482421875e+02,1.867799987792968750e+02,2.070999999999999943e+02,6.649000000000000000e+06
2.012100800000000000e+07,2.045000000000000000e+02,2.077100067138671875e+02,1.901999969482421875e+02,1.906999999999999886e+02,7.892100000000000000e+06
2.012101500000000000e+07,1.894000000000000057e+02,2.111499938964843750e+02,1.875000000000000000e+02,1.980000000000000000e+02,1.036880000000000000e+07
2.012102200000000000e+07,1.975000000000000000e+02,2.060000000000000000e+02,1.881999969482421875e+02,1.983000000000000114e+02,8.478400000000000000e+06
2.012102900000000000e+07,1.963000000000000114e+02,2.306000061035156250e+02,1.928999938964843750e+02,2.269000000000000057e+02,1.345460000000000000e+07
2.012110500000000000e+07,2.249000000000000057e+02,2.321000061035156250e+02,2.066000061035156250e+02,2.103000000000000114e+02,8.378600000000000000e+06
2.012111200000000000e+07,2.110999999999999943e+02,2.111000061035156250e+02,1.941000061035156250e+02,1.980000000000000000e+02,5.206200000000000000e+06
2.012111900000000000e+07,2.005000000000000000e+02,2.150000000000000000e+02,2.005000000000000000e+02,2.120000000000000000e+02,4.604200000000000000e+06
2.012112600000000000e+07,2.111999999999999886e+02,2.206000061035156250e+02,2.038999938964843750e+02,2.190999999999999943e+02,6.877400000000000000e+06
2.012120300000000000e+07,2.154000000000000057e+02,2.325850067138671875e+02,2.153999938964843750e+02,2.254000000000000057e+02,8.391800000000000000e+06
2.012121000000000000e+07,2.229000000000000057e+02,2.343000030517578125e+02,2.210000000000000000e+02,2.343000000000000114e+02,5.626100000000000000e+06
2.012121700000000000e+07,2.350999999999999943e+02,2.596000061035156250e+02,2.341999969482421875e+02,2.420999999999999943e+02,8.164100000000000000e+06
2.012122400000000000e+07,2.450000000000000000e+02,2.572200012207031250e+02,2.441000061035156250e+02,2.511999999999999886e+02,1.603300000000000000e+06
2.012123100000000000e+07,2.476999999999999886e+02,2.776300048828125000e+02,2.448000030517578125e+02,2.753999999999999773e+02,4.504800000000000000e+06
2.013010700000000000e+07,2.750000000000000000e+02,2.878999938964843750e+02,2.657999877929687500e+02,2.753999999999999773e+02,7.258300000000000000e+06
2.013011400000000000e+07,2.778000000000000114e+02,2.782950134277343750e+02,2.548000030517578125e+02,2.621000000000000227e+02,7.301700000000000000e+06
2.013012100000000000e+07,2.633000000000000114e+02,2.782999877929687500e+02,2.632999877929687500e+02,2.728000000000000114e+02,6.415300000000000000e+06
2.013012800000000000e+07,2.666000000000000227e+02,2.731000061035156250e+02,2.488999938964843750e+02,2.706999999999999886e+02,9.008700000000000000e+06
2.013020400000000000e+07,2.698999999999999773e+02,2.750000000000000000e+02,2.541999969482421875e+02,2.686999999999999886e+02,4.365000000000000000e+06
2.013021100000000000e+07,2.683999999999999773e+02,2.967999877929687500e+02,2.661799926757812500e+02,2.933000000000000114e+02,6.516300000000000000e+06
2.013021800000000000e+07,2.911999999999999886e+02,2.958999938964843750e+02,2.368020019531250000e+02,2.414000000000000057e+02,1.063820000000000000e+07
2.013022500000000000e+07,2.439000000000000057e+02,2.526999969482421875e+02,2.115000000000000000e+02,2.238000000000000114e+02,1.066640000000000000e+07
2.013030400000000000e+07,2.219000000000000057e+02,2.218999938964843750e+02,2.003999938964843750e+02,2.196999999999999886e+02,1.219550000000000000e+07
2.013031100000000000e+07,2.180000000000000000e+02,2.309700012207031250e+02,1.928999938964843750e+02,2.059000000000000057e+02,1.581250000000000000e+07
2.013031800000000000e+07,2.008000000000000114e+02,2.066000061035156250e+02,1.678000030517578125e+02,1.706999999999999886e+02,2.472210000000000000e+07
2.013032500000000000e+07,1.721999999999999886e+02,1.865000000000000000e+02,1.668000030517578125e+02,1.730999999999999943e+02,2.457510000000000000e+07
2.013040100000000000e+07,1.730999999999999943e+02,1.745079956054687500e+02,1.536999969482421875e+02,1.554000000000000057e+02,1.555380000000000000e+07
2.013040800000000000e+07,1.519000000000000057e+02,2.001000061035156250e+02,1.496999969482421875e+02,1.818000000000000114e+02,2.854840000000000000e+07
2.013041500000000000e+07,1.744000000000000057e+02,1.759920043945312500e+02,1.591000061035156250e+02,1.665999999999999943e+02,1.718910000000000000e+07
2.013042200000000000e+07,1.698000000000000114e+02,1.843000030517578125e+02,1.580899963378906250e+02,1.795000000000000000e+02,1.379910000000000000e+07
2.013042900000000000e+07,1.795000000000000000e+02,1.843999938964843750e+02,1.666000061035156250e+02,1.780999999999999943e+02,1.072800000000000000e+07
2.013050600000000000e+07,1.780999999999999943e+02,2.023000030517578125e+02,1.781000061035156250e+02,1.945999999999999943e+02,1.281080000000000000e+07
2.013051300000000000e+07,1.963000000000000114e+02,1.980000000000000000e+02,1.799519958496093750e+02,1.898000000000000114e+02,7.521200000000000000e+06
2.013052000000000000e+07,1.890000000000000000e+02,1.981000061035156250e+02,1.642500000000000000e+02,1.704000000000000057e+02,1.050310000000000000e+07
2.013052700000000000e+07,1.704000000000000057e+02,1.793000030517578125e+02,1.671000061035156250e+02,1.700000000000000000e+02,7.332300000000000000e+06
2.013060300000000000e+07,1.695000000000000000e+02,1.718999938964843750e+02,1.565000000000000000e+02,1.599000000000000057e+02,7.582700000000000000e+06
2.013061000000000000e+07,1.580000000000000000e+02,1.616999969482421875e+02,1.388000030517578125e+02,1.531999999999999886e+02,1.054370000000000000e+07
2.013061700000000000e+07,1.548000000000000114e+02,1.550000000000000000e+02,1.427339935302734375e+02,1.441999999999999886e+02,8.474500000000000000e+06
2.013062400000000000e+07,1.415999999999999943e+02,1.443800048828125000e+02,1.301000061035156250e+02,1.330999999999999943e+02,7.284600000000000000e+06
2.013070100000000000e+07,1.348000000000000114e+02,1.436640014648437500e+02,1.321999969482421875e+02,1.361999999999999886e+02,5.842000000000000000e+06
2.013070800000000000e+07,1.371999999999999886e+02,1.605000000000000000e+02,1.343000030517578125e+02,1.529000000000000057e+02,9.580400000000000000e+06
2.013071500000000000e+07,1.548000000000000114e+02,1.691000061035156250e+02,1.535000000000000000e+02,1.648000000000000114e+02,6.143100000000000000e+06
2.013072200000000000e+07,1.685999999999999943e+02,1.768999938964843750e+02,1.626000061035156250e+02,1.685000000000000000e+02,7.400800000000000000e+06
2.013072900000000000e+07,1.711999999999999886e+02,1.771999969482421875e+02,1.656999969482421875e+02,1.720999999999999943e+02,4.681900000000000000e+06
2.013080500000000000e+07,1.669000000000000057e+02,1.949499969482421875e+02,1.620579986572265625e+02,1.930000000000000000e+02,1.049070000000000000e+07
2.013081200000000000e+07,1.931999999999999886e+02,1.991000061035156250e+02,1.805000000000000000e+02,1.885999999999999943e+02,6.932600000000000000e+06
2.013081900000000000e+07,1.868000000000000114e+02,1.900500030517578125e+02,1.710000000000000000e+02,1.853000000000000114e+02,4.943200000000000000e+06
2.013082600000000000e+07,1.853000000000000114e+02,1.883999938964843750e+02,1.645000000000000000e+02,1.661999999999999886e+02,5.612000000000000000e+06
2.013090200000000000e+07,1.690000000000000000e+02,1.801000061035156250e+02,1.688000030517578125e+02,1.770000000000000000e+02,6.345800000000000000e+06
2.013090900000000000e+07,1.780999999999999943e+02,1.933229980468750000e+02,1.766000061035156250e+02,1.865000000000000000e+02,4.952800000000000000e+06
2.013091600000000000e+07,1.900999999999999943e+02,1.931000061035156250e+02,1.782380065917968750e+02,1.821999999999999886e+02,4.253200000000000000e+06
2.013092300000000000e+07,1.839000000000000057e+02,1.870930023193359375e+02,1.740000000000000000e+02,1.790000000000000000e+02,4.389600000000000000e+06
2.013093000000000000e+07,1.766999999999999886e+02,1.785000000000000000e+02,1.717619934082031250e+02,1.756999999999999886e+02,4.050400000000000000e+06
2.013100700000000000e+07,1.745000000000000000e+02,1.848000030517578125e+02,1.668000030517578125e+02,1.836999999999999886e+02,5.349200000000000000e+06
2.013101400000000000e+07,1.815999999999999943e+02,1.994799957275390625e+02,1.816000061035156250e+02,1.918000000000000114e+02,5.421800000000000000e+06
2.013102100000000000e+07,1.934000000000000057e+02,1.983000030517578125e+02,1.841999969482421875e+02,1.938000000000000114e+02,4.174200000000000000e+06
2.013102800000000000e+07,1.966999999999999886e+02,1.966999969482421875e+02,1.810000000000000000e+02,1.840000000000000000e+02,3.142500000000000000e+06
2.013110400000000000e+07,1.831999999999999886e+02,2.090800018310546875e+02,1.831999969482421875e+02,1.930000000000000000e+02,6.160400000000000000e+06
2.013111100000000000e+07,1.943000000000000114e+02,1.961399993896484375e+02,1.778999938964843750e+02,1.826999999999999886e+02,5.144500000000000000e+06
2.013111800000000000e+07,1.821999999999999886e+02,1.876000061035156250e+02,1.718999938964843750e+02,1.765999999999999943e+02,3.359200000000000000e+06
2.013112500000000000e+07,1.786999999999999886e+02,1.843999938964843750e+02,1.705000000000000000e+02,1.808000000000000114e+02,2.542000000000000000e+06
2.013120200000000000e+07,1.820999999999999943e+02,1.821000061035156250e+02,1.603999938964843750e+02,1.750000000000000000e+02,4.279700000000000000e+06
2.013120900000000000e+07,1.760000000000000000e+02,1.800099945068359375e+02,1.705000000000000000e+02,1.749000000000000057e+02,3.347200000000000000e+06
2.013121600000000000e+07,1.751999999999999886e+02,1.867599945068359375e+02,1.746000061035156250e+02,1.798000000000000114e+02,4.945000000000000000e+06
2.013122300000000000e+07,1.888000000000000114e+02,1.929920043945312500e+02,1.786999969482421875e+02,1.896999999999999886e+02,1.530600000000000000e+06
2.013123000000000000e+07,1.904000000000000057e+02,1.940000000000000000e+02,1.833079986572265625e+02,1.870000000000000000e+02,2.058900000000000000e+06
2.014010600000000000e+07,1.875999999999999943e+02,1.888760070800781250e+02,1.736000061035156250e+02,1.751999999999999886e+02,4.285400000000000000e+06
2.014011300000000000e+07,1.770999999999999943e+02,1.816999969482421875e+02,1.650000000000000000e+02,1.815999999999999943e+02,6.856100000000000000e+06
2.014012000000000000e+07,1.820000000000000000e+02,1.820000000000000000e+02,1.605000000000000000e+02,1.618000000000000114e+02,6.119400000000000000e+06
2.014012700000000000e+07,1.616999999999999886e+02,1.682050018310546875e+02,1.495000000000000000e+02,1.520000000000000000e+02,6.951700000000000000e+06
2.014020300000000000e+07,1.505999999999999943e+02,1.673000030517578125e+02,1.483000030517578125e+02,1.605999999999999943e+02,5.021600000000000000e+06
2.014021000000000000e+07,1.598000000000000114e+02,1.745000000000000000e+02,1.571000061035156250e+02,1.700999999999999943e+02,8.637400000000000000e+06
2.014021700000000000e+07,1.696999999999999886e+02,1.750000000000000000e+02,1.553300018310546875e+02,1.650999999999999943e+02,6.582700000000000000e+06
2.014022400000000000e+07,1.628000000000000114e+02,1.736529998779296875e+02,1.508999938964843750e+02,1.530000000000000000e+02,1.028410000000000000e+07
2.014030300000000000e+07,1.465999999999999943e+02,1.533000030517578125e+02,1.273010025024414062e+02,1.415999999999999943e+02,1.474500000000000000e+07
2.014031000000000000e+07,1.379000000000000057e+02,1.482079925537109375e+02,1.350000000000000000e+02,1.390000000000000000e+02,7.805800000000000000e+06
2.014031700000000000e+07,1.408000000000000114e+02,1.478999938964843750e+02,1.398999938964843750e+02,1.438000000000000114e+02,7.166800000000000000e+06
2.014032400000000000e+07,1.431999999999999886e+02,1.540000000000000000e+02,1.395000000000000000e+02,1.528000000000000114e+02,5.640200000000000000e+06
2.014033100000000000e+07,1.519000000000000057e+02,1.631000061035156250e+02,1.518999938964843750e+02,1.620999999999999943e+02,3.952100000000000000e+06
2.014040700000000000e+07,1.616999999999999886e+02,1.616999969482421875e+02,1.484799957275390625e+02,1.545000000000000000e+02,4.224900000000000000e+06
2.014041400000000000e+07,1.515999999999999943e+02,1.546999969482421875e+02,1.461000061035156250e+02,1.501999999999999886e+02,3.990600000000000000e+06
2.014042100000000000e+07,1.501999999999999886e+02,1.563999938964843750e+02,1.501999969482421875e+02,1.508000000000000114e+02,1.807900000000000000e+06
2.014042800000000000e+07,1.533000000000000114e+02,1.533000030517578125e+02,1.405000000000000000e+02,1.460000000000000000e+02,2.391500000000000000e+06
2.014050500000000000e+07,1.460000000000000000e+02,1.491100006103515625e+02,1.423399963378906250e+02,1.458000000000000114e+02,1.354200000000000000e+06
2.014051200000000000e+07,1.468000000000000114e+02,1.533999938964843750e+02,1.401999969482421875e+02,1.421999999999999886e+02,2.327100000000000000e+06
2.014051900000000000e+07,1.408000000000000114e+02,1.431999969482421875e+02,1.321000061035156250e+02,1.375000000000000000e+02,4.081200000000000000e+06
2.014052600000000000e+07,1.375000000000000000e+02,1.430000000000000000e+02,1.358000030517578125e+02,1.369000000000000057e+02,3.202800000000000000e+06
2.014060200000000000e+07,1.366999999999999886e+02,1.390000000000000000e+02,1.311000061035156250e+02,1.370000000000000000e+02,3.281700000000000000e+06
2.014060900000000000e+07,1.383000000000000114e+02,1.410000000000000000e+02,1.275999984741210938e+02,1.294000000000000057e+02,3.245400000000000000e+06
2.014061600000000000e+07,1.291999999999999886e+02,1.325000000000000000e+02,1.217760009765625000e+02,1.217999999999999972e+02,6.557200000000000000e+06
2.014062300000000000e+07,1.237000000000000028e+02,1.315000000000000000e+02,1.213960037231445312e+02,1.310000000000000000e+02,4.398500000000000000e+06
2.014063000000000000e+07,1.315000000000000000e+02,1.405000000000000000e+02,1.302500000000000000e+02,1.405000000000000000e+02,4.854500000000000000e+06
2.014070700000000000e+07,1.390999999999999943e+02,1.440000000000000000e+02,1.341479949951171875e+02,1.404000000000000057e+02,3.749000000000000000e+06
2.014071400000000000e+07,1.405000000000000000e+02,1.445639953613281250e+02,1.313999938964843750e+02,1.355000000000000000e+02,3.544900000000000000e+06
2.014072100000000000e+07,1.355000000000000000e+02,1.438999938964843750e+02,1.300000000000000000e+02,1.410999999999999943e+02,1.969100000000000000e+06
2.014072800000000000e+07,1.410999999999999943e+02,1.426000061035156250e+02,1.299100036621093750e+02,1.325000000000000000e+02,2.225400000000000000e+06
2.014080400000000000e+07,1.341999999999999886e+02,1.383220062255859375e+02,1.250000000000000000e+02,1.286999999999999886e+02,3.308000000000000000e+06
2.014081100000000000e+07,1.305999999999999943e+02,1.396999969482421875e+02,1.280000000000000000e+02,1.348000000000000114e+02,3.200500000000000000e+06
2.014081800000000000e+07,1.301999999999999886e+02,1.410000000000000000e+02,1.301999969482421875e+02,1.380000000000000000e+02,2.021100000000000000e+06
2.014082500000000000e+07,1.380000000000000000e+02,1.390359954833984375e+02,1.293000030517578125e+02,1.320999999999999943e+02,1.925600000000000000e+06
2.014090100000000000e+07,1.318000000000000114e+02,1.358999938964843750e+02,1.275999984741210938e+02,1.320000000000000000e+02,2.886800000000000000e+06
2.014090800000000000e+07,1.324000000000000057e+02,1.331999969482421875e+02,1.260000000000000000e+02,1.272000000000000028e+02,3.126100000000000000e+06
2.014091500000000000e+07,1.279000000000000057e+02,1.321999969482421875e+02,1.258000030517578125e+02,1.303000000000000114e+02,2.439900000000000000e+06
2.014092200000000000e+07,1.310000000000000000e+02,1.331999969482421875e+02,1.175000000000000000e+02,1.182999999999999972e+02,3.525300000000000000e+06
2.014092900000000000e+07,1.172999999999999972e+02,1.180000000000000000e+02,9.955300140380859375e+01,1.022000000000000028e+02,6.401100000000000000e+06
2.014100600000000000e+07,1.030000000000000000e+02,1.069000015258789062e+02,8.765000152587890625e+01,8.784999999999999432e+01,4.612500000000000000e+06
2.014101300000000000e+07,8.850000000000000000e+01,9.575000000000000000e+01,8.284999847412109375e+01,8.645000000000000284e+01,7.282900000000000000e+06
2.014102000000000000e+07,8.734999999999999432e+01,9.269999694824218750e+01,8.590000152587890625e+01,8.715000000000000568e+01,5.110400000000000000e+06
2.014102700000000000e+07,8.900000000000000000e+01,9.125000000000000000e+01,8.284999847412109375e+01,8.415000000000000568e+01,4.136000000000000000e+06
2.014110300000000000e+07,8.575000000000000000e+01,8.890000152587890625e+01,7.834999847412109375e+01,7.984999999999999432e+01,4.606600000000000000e+06
2.014111000000000000e+07,8.029999999999999716e+01,8.169999694824218750e+01,7.644999694824218750e+01,7.890000000000000568e+01,3.852000000000000000e+06
2.014111700000000000e+07,7.904999999999999716e+01,8.073400115966796875e+01,7.100000000000000000e+01,7.325000000000000000e+01,3.969800000000000000e+06
2.014112400000000000e+07,7.075000000000000000e+01,7.494999694824218750e+01,6.794999694824218750e+01,6.840000000000000568e+01,3.065700000000000000e+06
2.014120100000000000e+07,6.629999999999999716e+01,6.944999694824218750e+01,6.242599868774414062e+01,6.470000000000000284e+01,5.439700000000000000e+06
2.014120800000000000e+07,6.360000000000000142e+01,6.800000000000000000e+01,5.534999847412109375e+01,5.579999999999999716e+01,5.047500000000000000e+06
2.014121500000000000e+07,5.520000000000000284e+01,5.520000076293945312e+01,4.759999847412109375e+01,5.050000000000000000e+01,9.050200000000000000e+06
2.014122200000000000e+07,5.100000000000000000e+01,5.425000000000000000e+01,4.925000000000000000e+01,4.925000000000000000e+01,1.773300000000000000e+06
2.014122900000000000e+07,5.175000000000000000e+01,5.577000045776367188e+01,5.025000000000000000e+01,5.500000000000000000e+01,2.169600000000000000e+06
2.015010500000000000e+07,5.500000000000000000e+01,5.863100051879882812e+01,5.325000000000000000e+01,5.550000000000000000e+01,5.449600000000000000e+06
2.015011200000000000e+07,5.850000000000000000e+01,5.900000000000000000e+01,5.000000000000000000e+01,5.550000000000000000e+01,5.957900000000000000e+06
2.015011900000000000e+07,5.500000000000000000e+01,6.434999847412109375e+01,5.225000000000000000e+01,5.875000000000000000e+01,4.683900000000000000e+06
2.015012600000000000e+07,5.900000000000000000e+01,6.000000000000000000e+01,5.000000000000000000e+01,5.000000000000000000e+01,4.416600000000000000e+06
2.015020200000000000e+07,5.175000000000000000e+01,5.600000000000000000e+01,5.000000000000000000e+01,5.500000000000000000e+01,4.531300000000000000e+06
2.015020900000000000e+07,5.325000000000000000e+01,7.156300354003906250e+01,5.325000000000000000e+01,6.800000000000000000e+01,8.114000000000000000e+06
2.015021600000000000e+07,6.725000000000000000e+01,7.175000000000000000e+01,6.125000000000000000e+01,6.450000000000000000e+01,4.889600000000000000e+06
2.015022300000000000e+07,6.625000000000000000e+01,6.750000000000000000e+01,6.313000106811523438e+01,6.550000000000000000e+01,3.081300000000000000e+06
2.015030200000000000e+07,6.800000000000000000e+01,6.825000000000000000e+01,5.425000000000000000e+01,5.500000000000000000e+01,4.484700000000000000e+06
2.015030900000000000e+07,5.600000000000000000e+01,6.244100189208984375e+01,5.125000000000000000e+01,5.800000000000000000e+01,1.080600000000000000e+07
2.015031600000000000e+07,5.975000000000000000e+01,6.137500000000000000e+01,5.450000000000000000e+01,5.750000000000000000e+01,6.608300000000000000e+06
2.015032300000000000e+07,5.875000000000000000e+01,6.400000000000000000e+01,5.643799972534179688e+01,6.175000000000000000e+01,4.419100000000000000e+06
2.015033000000000000e+07,6.325000000000000000e+01,6.525000000000000000e+01,6.075000000000000000e+01,6.275000000000000000e+01,3.629600000000000000e+06
2.015040600000000000e+07,6.275000000000000000e+01,6.875000000000000000e+01,6.275000000000000000e+01,6.700000000000000000e+01,4.192800000000000000e+06
2.015041300000000000e+07,6.600000000000000000e+01,7.150000000000000000e+01,6.425000000000000000e+01,6.825000000000000000e+01,5.432100000000000000e+06
2.015042000000000000e+07,6.850000000000000000e+01,7.200000000000000000e+01,6.631999969482421875e+01,7.175000000000000000e+01,2.940600000000000000e+06
2.015042700000000000e+07,7.225000000000000000e+01,8.300000000000000000e+01,7.025000000000000000e+01,7.750000000000000000e+01,6.083200000000000000e+06
2.015050400000000000e+07,7.750000000000000000e+01,8.150000000000000000e+01,7.400000000000000000e+01,7.850000000000000000e+01,3.466000000000000000e+06
2.015051100000000000e+07,7.850000000000000000e+01,8.200000000000000000e+01,7.535299682617187500e+01,7.650000000000000000e+01,2.630300000000000000e+06
2.015051800000000000e+07,7.700000000000000000e+01,7.700000000000000000e+01,6.925000000000000000e+01,7.450000000000000000e+01,3.804600000000000000e+06
2.015052500000000000e+07,7.450000000000000000e+01,7.500000000000000000e+01,6.975000000000000000e+01,7.450000000000000000e+01,2.800500000000000000e+06
2.015060100000000000e+07,7.100000000000000000e+01,8.125000000000000000e+01,7.100000000000000000e+01,7.825000000000000000e+01,3.549000000000000000e+06
2.015060800000000000e+07,7.475000000000000000e+01,7.850000000000000000e+01,7.400000000000000000e+01,7.400000000000000000e+01,1.634800000000000000e+06
2.015061500000000000e+07,7.400000000000000000e+01,7.430000305175781250e+01,6.500000000000000000e+01,6.950000000000000000e+01,5.375300000000000000e+06
2.015062200000000000e+07,7.125000000000000000e+01,7.125000000000000000e+01,6.600000000000000000e+01,6.950000000000000000e+01,2.512300000000000000e+06
2.015062900000000000e+07,6.825000000000000000e+01,7.050000000000000000e+01,6.425000000000000000e+01,6.450000000000000000e+01,1.276500000000000000e+06
2.015070600000000000e+07,6.175000000000000000e+01,6.450000000000000000e+01,5.400000000000000000e+01,5.875000000000000000e+01,4.526000000000000000e+06
2.015071300000000000e+07,6.175000000000000000e+01,6.300000000000000000e+01,5.750000000000000000e+01,5.800000000000000000e+01,2.485300000000000000e+06
2.015072000000000000e+07,5.700000000000000000e+01,5.979999923706054688e+01,5.375000000000000000e+01,5.575000000000000000e+01,2.165700000000000000e+06
2.015072700000000000e+07,5.525000000000000000e+01,6.100000000000000000e+01,5.425000000000000000e+01,5.775000000000000000e+01,2.592700000000000000e+06
2.015080300000000000e+07,5.900000000000000000e+01,6.450000000000000000e+01,5.575000000000000000e+01,6.175000000000000000e+01,2.728300000000000000e+06
2.015081000000000000e+07,6.400000000000000000e+01,6.650000000000000000e+01,5.975000000000000000e+01,6.525000000000000000e+01,3.089000000000000000e+06
2.015081700000000000e+07,6.825000000000000000e+01,7.100000000000000000e+01,6.350000000000000000e+01,6.400000000000000000e+01,2.747800000000000000e+06
2.015082400000000000e+07,6.400000000000000000e+01,6.415000152587890625e+01,5.400000000000000000e+01,6.175000000000000000e+01,3.038400000000000000e+06
2.015083100000000000e+07,6.175000000000000000e+01,6.525000000000000000e+01,5.700000000000000000e+01,5.875000000000000000e+01,1.823300000000000000e+06
2.015090700000000000e+07,5.875000000000000000e+01,6.250000000000000000e+01,5.525000000000000000e+01,5.575000000000000000e+01,1.908900000000000000e+06
2.015091400000000000e+07,5.400000000000000000e+01,5.950000000000000000e+01,3.825000000000000000e+01,4.000000000000000000e+01,9.977400000000000000e+06
2.015092100000000000e+07,3.700000000000000000e+01,3.813000106811523438e+01,2.940299987792968750e+01,3.575000000000000000e+01,1.063120000000000000e+07
2.015092800000000000e+07,3.600000000000000000e+01,3.675000000000000000e+01,3.300000000000000000e+01,3.575000000000000000e+01,3.883800000000000000e+06
2.015100500000000000e+07,3.600000000000000000e+01,4.200000000000000000e+01,3.600000000000000000e+01,4.000000000000000000e+01,3.284500000000000000e+06
2.015101200000000000e+07,3.950000000000000000e+01,4.150000000000000000e+01,3.850000000000000000e+01,4.075000000000000000e+01,2.810100000000000000e+06
2.015101900000000000e+07,4.075000000000000000e+01,4.075000000000000000e+01,3.515000152587890625e+01,3.575000000000000000e+01,2.351500000000000000e+06
2.015102600000000000e+07,3.500000000000000000e+01,3.900000000000000000e+01,3.395000076293945312e+01,3.400000000000000000e+01,1.999400000000000000e+06
2.015110200000000000e+07,3.575000000000000000e+01,3.575000000000000000e+01,2.975000000000000000e+01,3.225000000000000000e+01,6.337300000000000000e+06
2.015110900000000000e+07,3.100000000000000000e+01,3.500000000000000000e+01,3.050000000000000000e+01,3.050000000000000000e+01,3.881000000000000000e+06
2.015111600000000000e+07,3.000000000000000000e+01,3.350000000000000000e+01,2.814999961853027344e+01,3.050000000000000000e+01,2.285000000000000000e+06
2.015112300000000000e+07,2.950000000000000000e+01,2.975000000000000000e+01,2.375000000000000000e+01,2.575000000000000000e+01,3.254300000000000000e+06
2.015113000000000000e+07,2.650000000000000000e+01,2.700000000000000000e+01,2.500000000000000000e+01,2.550000000000000000e+01,2.797300000000000000e+06
2.015120700000000000e+07,2.550000000000000000e+01,2.600000000000000000e+01,2.075000000000000000e+01,2.250000000000000000e+01,3.310500000000000000e+06
2.015121400000000000e+07,2.175000000000000000e+01,2.300000000000000000e+01,1.250000000000000000e+01,1.575000000000000000e+01,8.598600000000000000e+06
2.015122100000000000e+07,1.650000000000000000e+01,2.125000000000000000e+01,1.550000000000000000e+01,2.075000000000000000e+01,8.191600000000000000e+06
2.016010400000000000e+07,2.000000000000000000e+01,2.300000000000000000e+01,2.000000000000000000e+01,2.075000000000000000e+01,2.066800000000000000e+06
2.016011100000000000e+07,2.050000000000000000e+01,2.225000000000000000e+01,1.925000000000000000e+01,1.950000000000000000e+01,2.213800000000000000e+06
2.016011800000000000e+07,2.000000000000000000e+01,2.000000000000000000e+01,1.462500000000000000e+01,1.675000000000000000e+01,4.564800000000000000e+06
2.016012500000000000e+07,1.750000000000000000e+01,1.925000000000000000e+01,1.575000000000000000e+01,1.750000000000000000e+01,3.320900000000000000e+06
2.016020100000000000e+07,1.900000000000000000e+01,2.100000000000000000e+01,1.775000000000000000e+01,2.100000000000000000e+01,2.522100000000000000e+06
2.016020800000000000e+07,2.075000000000000000e+01,2.100000000000000000e+01,1.950000000000000000e+01,1.950000000000000000e+01,1.636500000000000000e+06
2.016021500000000000e+07,2.000000000000000000e+01,2.150000000000000000e+01,1.875000000000000000e+01,2.050000000000000000e+01,1.111700000000000000e+06
2.016022200000000000e+07,2.050000000000000000e+01,2.700000000000000000e+01,2.050000000000000000e+01,2.525000000000000000e+01,3.650200000000000000e+06
