2.003072100000000000e+07,7.085099999999999909e+01,7.683799743652343750e+01,6.860600280761718750e+01,7.559099999999999397e+01,1.367550000000000000e+07
2.003072800000000000e+07,7.683799999999999386e+01,7.683799743652343750e+01,7.334600067138671875e+01,7.534099999999999397e+01,6.635900000000000000e+06
2.003080400000000000e+07,7.584000000000000341e+01,8.033100128173828125e+01,7.459300231933593750e+01,7.908400000000000318e+01,1.248500000000000000e+07
2.003081100000000000e+07,7.858499999999999375e+01,8.831400299072265625e+01,7.858499908447265625e+01,8.681699999999999307e+01,1.120910000000000000e+07
2.003081800000000000e+07,8.581900000000000261e+01,8.956199645996093750e+01,8.382399749755859375e+01,8.656799999999999784e+01,8.547900000000000000e+06
2.003082500000000000e+07,8.656799999999999784e+01,8.856400299072265625e+01,8.083000183105468750e+01,8.531999999999999318e+01,5.780200000000000000e+06
2.003090100000000000e+07,8.631799999999999784e+01,9.255500030517578125e+01,8.581900024414062500e+01,8.981100000000000705e+01,6.449700000000000000e+06
2.003090800000000000e+07,8.831399999999999295e+01,8.906300354003906250e+01,8.182800292968750000e+01,8.432299999999999329e+01,7.547800000000000000e+06
2.003091500000000000e+07,8.382399999999999807e+01,8.731600189208984375e+01,8.282599639892578125e+01,8.282599999999999341e+01,8.120200000000000000e+06
2.003092200000000000e+07,8.282599999999999341e+01,8.981099700927734375e+01,8.282599639892578125e+01,8.482200000000000273e+01,1.097930000000000000e+07
2.003092900000000000e+07,8.482200000000000273e+01,8.806500244140625000e+01,8.232700347900390625e+01,8.681699999999999307e+01,8.589600000000000000e+06
2.003100600000000000e+07,8.656799999999999784e+01,8.881300354003906250e+01,8.606900024414062500e+01,8.831399999999999295e+01,3.930600000000000000e+06
2.003101300000000000e+07,8.756600000000000250e+01,9.380300140380859375e+01,8.681700134277343750e+01,9.080899999999999750e+01,1.053130000000000000e+07
2.003102000000000000e+07,8.931199999999999761e+01,8.981099700927734375e+01,8.407299804687500000e+01,8.581900000000000261e+01,7.334800000000000000e+06
2.003102700000000000e+07,8.531999999999999318e+01,9.080899810791015625e+01,8.382399749755859375e+01,8.706699999999999307e+01,6.069100000000000000e+06
2.003110300000000000e+07,8.631799999999999784e+01,9.355300140380859375e+01,8.432299804687500000e+01,9.205599999999999739e+01,7.584700000000000000e+06
2.003111000000000000e+07,9.155700000000000216e+01,9.230599975585937500e+01,8.981099700927734375e+01,9.006000000000000227e+01,5.667100000000000000e+06
2.003111700000000000e+07,9.280500000000000682e+01,9.405200195312500000e+01,8.881300354003906250e+01,9.006000000000000227e+01,3.842700000000000000e+06
2.003112400000000000e+07,9.080899999999999750e+01,9.230599975585937500e+01,8.482199859619140625e+01,8.781499999999999773e+01,6.881100000000000000e+06
2.003120100000000000e+07,8.781499999999999773e+01,9.529900360107421875e+01,8.083000183105468750e+01,9.280500000000000682e+01,2.088590000000000000e+07
2.003120800000000000e+07,9.305400000000000205e+01,9.729499816894531250e+01,9.130799865722656250e+01,9.230599999999999739e+01,8.528900000000000000e+06
2.003121500000000000e+07,9.280500000000000682e+01,9.455100250244140625e+01,9.055899810791015625e+01,9.155700000000000216e+01,7.582700000000000000e+06
2.003122200000000000e+07,9.130800000000000693e+01,9.380300140380859375e+01,9.080899810791015625e+01,9.255500000000000682e+01,1.670400000000000000e+06
2.003122900000000000e+07,9.255500000000000682e+01,9.804399871826171875e+01,9.080899810791015625e+01,9.480100000000000193e+01,2.372100000000000000e+06
2.004010500000000000e+07,9.504999999999999716e+01,1.007880020141601562e+02,9.505000305175781250e+01,9.979000000000000625e+01,1.101310000000000000e+07
2.004011200000000000e+07,9.779399999999999693e+01,1.040309982299804688e+02,9.779399871826171875e+01,1.025340000000000060e+02,9.190400000000000000e+06
2.004011900000000000e+07,1.032830000000000013e+02,1.135110015869140625e+02,1.015360031127929688e+02,1.107669999999999959e+02,8.893500000000000000e+06
2.004012600000000000e+07,1.107950000000000017e+02,1.147590026855468750e+02,1.067750015258789062e+02,1.117650000000000006e+02,1.198400000000000000e+07
2.004020200000000000e+07,1.097690000000000055e+02,1.219929962158203125e+02,1.097689971923828125e+02,1.185010000000000048e+02,2.999310000000000000e+07
2.004020900000000000e+07,1.185010000000000048e+02,1.185009994506835938e+02,1.147590026855468750e+02,1.167540000000000049e+02,1.547360000000000000e+07
2.004021600000000000e+07,1.157560000000000002e+02,1.172529983520507812e+02,1.155070037841796875e+02,1.162549999999999955e+02,9.284800000000000000e+06
2.004022300000000000e+07,1.167540000000000049e+02,1.347169952392578125e+02,1.167539978027343750e+02,1.282299999999999898e+02,3.974780000000000000e+07
2.004030100000000000e+07,1.279809999999999945e+02,1.284799957275390625e+02,1.197480010986328125e+02,1.217439999999999998e+02,1.192950000000000000e+07
2.004030800000000000e+07,1.227420000000000044e+02,1.232409973144531250e+02,1.112659988403320312e+02,1.182510000000000048e+02,2.261100000000000000e+07
2.004031500000000000e+07,1.167540000000000049e+02,1.187500000000000000e+02,1.117649993896484375e+02,1.127630000000000052e+02,1.829740000000000000e+07
2.004032200000000000e+07,1.167540000000000049e+02,1.170039978027343750e+02,1.040309982299804688e+02,1.150079999999999956e+02,1.723330000000000000e+07
2.004032900000000000e+07,1.165049999999999955e+02,1.244879989624023438e+02,1.165049972534179688e+02,1.209950000000000045e+02,1.754600000000000000e+07
2.004040500000000000e+07,1.227420000000000044e+02,1.227419967651367188e+02,1.187500000000000000e+02,1.199969999999999999e+02,7.468100000000000000e+06
2.004041200000000000e+07,1.199969999999999999e+02,1.234899978637695312e+02,1.199970016479492188e+02,1.222429999999999950e+02,7.712000000000000000e+06
2.004041900000000000e+07,1.227420000000000044e+02,1.272320022583007812e+02,1.214940032958984375e+02,1.252360000000000042e+02,5.490400000000000000e+06
2.004042600000000000e+07,1.247379999999999995e+02,1.257350006103515625e+02,1.199970016479492188e+02,1.217439999999999998e+02,7.753300000000000000e+06
2.004050300000000000e+07,1.217439999999999998e+02,1.219929962158203125e+02,1.142600021362304688e+02,1.170040000000000049e+02,2.303130000000000000e+07
2.004051000000000000e+07,1.177519999999999953e+02,1.194990005493164062e+02,1.137610015869140625e+02,1.167540000000000049e+02,1.714810000000000000e+07
2.004051700000000000e+07,1.137609999999999957e+02,1.165049972534179688e+02,1.107669982910156250e+02,1.152570000000000050e+02,1.343210000000000000e+07
2.004052400000000000e+07,1.157560000000000002e+02,1.202470016479492188e+02,1.132620010375976562e+02,1.202469999999999999e+02,2.978430000000000000e+07
2.004053100000000000e+07,1.202469999999999999e+02,1.202470016479492188e+02,1.157559967041015625e+02,1.157560000000000002e+02,1.021690000000000000e+07
2.004060700000000000e+07,1.172530000000000001e+02,1.202470016479492188e+02,1.132620010375976562e+02,1.157560000000000002e+02,1.100400000000000000e+07
2.004061400000000000e+07,1.157560000000000002e+02,1.232409973144531250e+02,1.145090026855468750e+02,1.232409999999999997e+02,1.420550000000000000e+07
2.004062100000000000e+07,1.232409999999999997e+02,1.269830017089843750e+02,1.204960021972656250e+02,1.252360000000000042e+02,1.474370000000000000e+07
2.004062800000000000e+07,1.247379999999999995e+02,1.302259979248046875e+02,1.237399978637695312e+02,1.262339999999999947e+02,1.630360000000000000e+07
2.004070500000000000e+07,1.267330000000000041e+02,1.272320022583007812e+02,1.244879989624023438e+02,1.249869999999999948e+02,1.541400000000000000e+07
2.004071200000000000e+07,1.247379999999999995e+02,1.337189941406250000e+02,1.247379989624023438e+02,1.307249999999999943e+02,3.364280000000000000e+07
2.004071900000000000e+07,1.317230000000000132e+02,1.347169952392578125e+02,1.167620010375976562e+02,1.197500000000000000e+02,6.112700000000000000e+07
2.004072600000000000e+07,1.195010000000000048e+02,1.214919967651367188e+02,1.117829971313476562e+02,1.170000000000000000e+02,2.256570000000000000e+07
2.004080200000000000e+07,1.185049999999999955e+02,1.185049972534179688e+02,1.117529983520507812e+02,1.152500000000000000e+02,1.294390000000000000e+07
2.004080900000000000e+07,1.150000000000000000e+02,2.098730010986328125e+02,1.097910003662109375e+02,1.107870000000000061e+02,1.440710000000000000e+07
2.004081600000000000e+07,1.105379999999999967e+02,1.162639999389648438e+02,1.092929992675781250e+02,1.145210000000000008e+02,2.377570000000000000e+07
2.004082300000000000e+07,1.152500000000000000e+02,1.180070037841796875e+02,1.145210037231445312e+02,1.165000000000000000e+02,7.700200000000000000e+06
2.004083000000000000e+07,1.160150000000000006e+02,1.212429962158203125e+02,1.160149993896484375e+02,1.197500000000000000e+02,1.046150000000000000e+07
2.004090600000000000e+07,1.190000000000000000e+02,1.219899978637695312e+02,1.150189971923828125e+02,1.177500000000000000e+02,7.969600000000000000e+06
2.004091300000000000e+07,1.180000000000000000e+02,1.185049972534179688e+02,1.103489990234375000e+02,1.172600000000000051e+02,6.330600000000000000e+06
2.004092000000000000e+07,1.160000000000000000e+02,1.202470016479492188e+02,1.095419998168945312e+02,1.180000000000000000e+02,1.781220000000000000e+07
2.004092700000000000e+07,1.167500000000000000e+02,1.175090026855468750e+02,1.132770004272460938e+02,1.160000000000000000e+02,0.000000000000000000e+00
2.004100400000000000e+07,1.170000000000000000e+02,1.200000000000000000e+02,1.155169982910156250e+02,1.190000000000000000e+02,6.159200000000000000e+06
2.004101100000000000e+07,1.185000000000000000e+02,1.185000000000000000e+02,1.142720031738281250e+02,1.150190000000000055e+02,1.405590000000000000e+07
2.004101800000000000e+07,1.155000000000000000e+02,1.172600021362304688e+02,1.134649963378906250e+02,1.145000000000000000e+02,1.239640000000000000e+07
2.004102500000000000e+07,1.147699999999999960e+02,1.175000000000000000e+02,1.125299987792968750e+02,1.160150000000000006e+02,1.222570000000000000e+07
2.004110100000000000e+07,1.162500000000000000e+02,1.229359970092773438e+02,1.147699966430664062e+02,1.220000000000000000e+02,1.793020000000000000e+07
2.004110800000000000e+07,1.230000000000000000e+02,1.282140045166015625e+02,1.175090026855468750e+02,1.277159999999999940e+02,4.139910000000000000e+07
2.004111500000000000e+07,1.294590000000000032e+02,1.294589996337890625e+02,1.214420013427734375e+02,1.255000000000000000e+02,7.497600000000000000e+06
2.004112200000000000e+07,1.249779999999999944e+02,1.254759979248046875e+02,1.224879989624023438e+02,1.245000000000000000e+02,1.597770000000000000e+07
2.004112900000000000e+07,1.237330000000000041e+02,1.292100067138671875e+02,1.222389984130859375e+02,1.287119999999999891e+02,4.434070000000000000e+07
2.004120600000000000e+07,1.284629999999999939e+02,1.315000000000000000e+02,1.242310028076171875e+02,1.270000000000000000e+02,1.960410000000000000e+07
2.004121300000000000e+07,1.290000000000000000e+02,1.380000000000000000e+02,1.252760009765625000e+02,1.322500000000000000e+02,1.032260000000000000e+07
2.004122000000000000e+07,1.325000000000000000e+02,1.394170074462890625e+02,1.283630065917968750e+02,1.364300000000000068e+02,1.002300000000000000e+06
2.004122700000000000e+07,1.364300000000000068e+02,1.424550018310546875e+02,1.344380035400390625e+02,1.400000000000000000e+02,0.000000000000000000e+00
2.005010300000000000e+07,1.394170000000000016e+02,1.491139984130859375e+02,1.386699981689453125e+02,1.394170000000000016e+02,2.493150000000000000e+07
2.005011000000000000e+07,1.394170000000000016e+02,1.425000000000000000e+02,1.349360046386718750e+02,1.396659999999999968e+02,4.260520000000000000e+07
2.005011700000000000e+07,1.402500000000000000e+02,1.496250000000000000e+02,1.334420013427734375e+02,1.432500000000000000e+02,2.393020000000000000e+07
2.005012400000000000e+07,1.437500000000000000e+02,1.443959960937500000e+02,1.381719970703125000e+02,1.399149999999999920e+02,2.566710000000000000e+07
2.005013100000000000e+07,1.401639999999999873e+02,1.431519927978515625e+02,1.334420013427734375e+02,1.420000000000000000e+02,1.266700000000000000e+07
2.005020700000000000e+07,1.427500000000000000e+02,1.437500000000000000e+02,1.372259979248046875e+02,1.396659999999999968e+02,3.971850000000000000e+07
2.005021400000000000e+07,1.412500000000000000e+02,1.440000000000000000e+02,1.366790008544921875e+02,1.376750000000000114e+02,1.619600000000000000e+07
2.005022100000000000e+07,1.381719999999999970e+02,1.396660003662109375e+02,1.244440002441406250e+02,1.364300000000000068e+02,1.873490000000000000e+07
2.005022800000000000e+07,1.370000000000000000e+02,1.440000000000000000e+02,1.354340057373046875e+02,1.432500000000000000e+02,8.143500000000000000e+06
2.005030700000000000e+07,1.427500000000000000e+02,1.443959960937500000e+02,1.394170074462890625e+02,1.416579999999999870e+02,1.826890000000000000e+07
2.005031400000000000e+07,1.400000000000000000e+02,1.470850067138671875e+02,1.304550018310546875e+02,1.351850000000000023e+02,1.437700000000000000e+07
2.005032100000000000e+07,1.346870000000000118e+02,1.357500000000000000e+02,1.276460037231445312e+02,1.334420000000000073e+02,1.525650000000000000e+07
2.005032800000000000e+07,1.334420000000000073e+02,1.396660003662109375e+02,1.334420013427734375e+02,1.379230000000000018e+02,1.848390000000000000e+07
2.005040400000000000e+07,1.379230000000000018e+02,1.404129943847656250e+02,1.359320068359375000e+02,1.399149999999999920e+02,2.990850000000000000e+07
2.005041100000000000e+07,1.399149999999999920e+02,1.409109954833984375e+02,1.351849975585937500e+02,1.354339999999999975e+02,3.419390000000000000e+07
2.005041800000000000e+07,1.326949999999999932e+02,1.384210052490234375e+02,1.319479980468750000e+02,1.357500000000000000e+02,1.557600000000000000e+07
2.005042500000000000e+07,1.356829999999999927e+02,1.414089965820312500e+02,1.274670028686523438e+02,1.312500000000000000e+02,2.370620000000000000e+07
2.005050200000000000e+07,1.307040000000000077e+02,1.361809997558593750e+02,1.299570007324218750e+02,1.309530000000000030e+02,3.856220000000000000e+07
2.005050900000000000e+07,1.314509999999999934e+02,1.360000000000000000e+02,1.291300048828125000e+02,1.312500000000000000e+02,2.217440000000000000e+07
2.005051600000000000e+07,1.312019999999999982e+02,1.376049957275390625e+02,1.304550018310546875e+02,1.345000000000000000e+02,2.653150000000000000e+07
2.005052300000000000e+07,1.341889999999999930e+02,1.404129943847656250e+02,1.339400024414062500e+02,1.384209999999999923e+02,2.998360000000000000e+07
2.005053000000000000e+07,1.384209999999999923e+02,1.461390075683593750e+02,1.369279937744140625e+02,1.446450000000000102e+02,9.440600000000000000e+06
2.005060600000000000e+07,1.460000000000000000e+02,1.486289978027343750e+02,1.426540069580078125e+02,1.468859999999999957e+02,3.165710000000000000e+07
2.005061300000000000e+07,1.487500000000000000e+02,1.553509979248046875e+02,1.456410064697265625e+02,1.481310000000000002e+02,3.315780000000000000e+07
2.005062000000000000e+07,1.478820000000000050e+02,1.498739929199218750e+02,1.426540069580078125e+02,1.429029999999999916e+02,2.819310000000000000e+07
2.005062700000000000e+07,1.431519999999999868e+02,1.513670043945312500e+02,1.414089965820312500e+02,1.491270000000000095e+02,3.164110000000000000e+07
2.005070400000000000e+07,1.483799999999999955e+02,1.638150024414062500e+02,1.477500000000000000e+02,1.613259999999999934e+02,2.652420000000000000e+07
2.005071100000000000e+07,1.645000000000000000e+02,1.645000000000000000e+02,1.541060028076171875e+02,1.573420000000000130e+02,1.892080000000000000e+07
2.005071800000000000e+07,1.583379999999999939e+02,1.620729980468750000e+02,1.526119995117187500e+02,1.546040000000000134e+02,4.546120000000000000e+07
2.005072500000000000e+07,1.570000000000000000e+02,1.630679931640625000e+02,1.531100006103515625e+02,1.577500000000000000e+02,7.003300000000000000e+06
2.005080100000000000e+07,1.580889999999999986e+02,1.630679931640625000e+02,1.548029937744140625e+02,1.583379999999999939e+02,1.443140000000000000e+07
2.005080800000000000e+07,1.600000000000000000e+02,1.620000000000000000e+02,1.521139984130859375e+02,1.541059999999999945e+02,8.144100000000000000e+06
2.005081500000000000e+07,1.557500000000000000e+02,1.573419952392578125e+02,1.511179962158203125e+02,1.530000000000000000e+02,1.108480000000000000e+07
2.005082200000000000e+07,1.530000000000000000e+02,1.577500000000000000e+02,1.506199951171875000e+02,1.540000000000000000e+02,6.807400000000000000e+06
2.005082900000000000e+07,1.533590000000000089e+02,1.557790069580078125e+02,1.496250000000000000e+02,1.501229999999999905e+02,1.640350000000000000e+07
2.005090500000000000e+07,1.522500000000000000e+02,1.565000000000000000e+02,1.498439941406250000e+02,1.527500000000000000e+02,7.075100000000000000e+06
2.005091200000000000e+07,1.555000000000000000e+02,1.570000000000000000e+02,1.498739929199218750e+02,1.533590000000000089e+02,1.379670000000000000e+07
2.005091900000000000e+07,1.532500000000000000e+02,1.570930023193359375e+02,1.488780059814453125e+02,1.536080000000000041e+02,1.800070000000000000e+07
2.005092600000000000e+07,1.543549999999999898e+02,1.558489990234375000e+02,1.498439941406250000e+02,1.506200000000000045e+02,3.540350000000000000e+07
2.005100300000000000e+07,1.503710000000000093e+02,1.546040039062500000e+02,1.486289978027343750e+02,1.508689999999999998e+02,3.536290000000000000e+07
2.005101000000000000e+07,1.508689999999999998e+02,1.523630065917968750e+02,1.466369934082031250e+02,1.488779999999999859e+02,2.512740000000000000e+07
2.005101700000000000e+07,1.501229999999999905e+02,1.507500000000000000e+02,1.379230041503906250e+02,1.441469999999999914e+02,1.690870000000000000e+07
2.005102400000000000e+07,1.451430000000000007e+02,1.518650054931640625e+02,1.426540069580078125e+02,1.456409999999999911e+02,3.097120000000000000e+07
2.005103100000000000e+07,1.468859999999999957e+02,1.552709960937500000e+02,1.463880004882812500e+02,1.506200000000000045e+02,1.110760000000000000e+07
2.005110700000000000e+07,1.580889999999999986e+02,1.580890045166015625e+02,1.493760070800781250e+02,1.555999999999999943e+02,1.419160000000000000e+07
2.005111400000000000e+07,1.573420000000000130e+02,1.620729980468750000e+02,1.543549957275390625e+02,1.575910000000000082e+02,2.343050000000000000e+07
2.005112100000000000e+07,1.553509999999999991e+02,1.613849945068359375e+02,1.553509979248046875e+02,1.585000000000000000e+02,1.145530000000000000e+07
2.005112800000000000e+07,1.593340000000000032e+02,1.613260040283203125e+02,1.538569946289062500e+02,1.613259999999999934e+02,2.254820000000000000e+07
2.005120500000000000e+07,1.628189999999999884e+02,1.677989959716796875e+02,1.595829925537109375e+02,1.655579999999999927e+02,3.038900000000000000e+07
2.005121200000000000e+07,1.658069999999999879e+02,1.658070068359375000e+02,1.528609924316406250e+02,1.528609999999999900e+02,4.063890000000000000e+07
2.005121900000000000e+07,1.533590000000000089e+02,1.613260040283203125e+02,1.521139984130859375e+02,1.608280000000000030e+02,3.583710000000000000e+07
2.005122600000000000e+07,1.608280000000000030e+02,1.638150024414062500e+02,1.593339996337890625e+02,1.603300000000000125e+02,5.588400000000000000e+06
2.006010200000000000e+07,1.603300000000000125e+02,1.653390045166015625e+02,1.603300018310546875e+02,1.615749999999999886e+02,2.265180000000000000e+07
2.006010900000000000e+07,1.630680000000000121e+02,1.687940063476562500e+02,1.595829925537109375e+02,1.670519999999999925e+02,2.067600000000000000e+07
2.006011600000000000e+07,1.673009999999999877e+02,1.689839935302734375e+02,1.603300018310546875e+02,1.643129999999999882e+02,2.842640000000000000e+07
2.006012300000000000e+07,1.615749999999999886e+02,1.707859954833984375e+02,1.575910034179687500e+02,1.677990000000000066e+02,2.000630000000000000e+07
2.006013000000000000e+07,1.663050000000000068e+02,1.715330047607421875e+02,1.645619964599609375e+02,1.665540000000000020e+02,2.272150000000000000e+07
2.006020600000000000e+07,1.663050000000000068e+02,1.797489929199218750e+02,1.660559997558593750e+02,1.737740000000000009e+02,4.439610000000000000e+07
2.006021300000000000e+07,1.727779999999999916e+02,1.762630004882812500e+02,1.687940063476562500e+02,1.757649999999999864e+02,2.289930000000000000e+07
2.006022000000000000e+07,1.752669999999999959e+02,1.817400054931640625e+02,1.732760009765625000e+02,1.777570000000000050e+02,3.580730000000000000e+07
2.006022700000000000e+07,1.782549999999999955e+02,1.807440032958984375e+02,1.747689971923828125e+02,1.775080000000000098e+02,2.529170000000000000e+07
2.006030600000000000e+07,1.780060000000000002e+02,1.839810028076171875e+02,1.740229949951171875e+02,1.809929999999999950e+02,3.575980000000000000e+07
2.006031300000000000e+07,1.827359999999999900e+02,1.944369964599609375e+02,1.824869995117187500e+02,1.919480000000000075e+02,4.848500000000000000e+07
2.006032000000000000e+07,1.912009999999999934e+02,1.941880035400390625e+02,1.872169952392578125e+02,1.912009999999999934e+02,2.466000000000000000e+07
2.006032700000000000e+07,1.921970000000000027e+02,1.932500000000000000e+02,1.879640045166015625e+02,1.884619999999999891e+02,3.545700000000000000e+07
2.006040300000000000e+07,1.899559999999999889e+02,1.914499969482421875e+02,1.854750061035156250e+02,1.887110000000000127e+02,2.683890000000000000e+07
2.006041000000000000e+07,1.879639999999999986e+02,1.914499969482421875e+02,1.844790039062500000e+02,1.874660000000000082e+02,2.199710000000000000e+07
2.006041700000000000e+07,1.874660000000000082e+02,1.949349975585937500e+02,1.847279968261718750e+02,1.916990000000000123e+02,2.303390000000000000e+07
2.006042400000000000e+07,1.902050000000000125e+02,1.938800048828125000e+02,1.877149963378906250e+02,1.892090000000000032e+02,1.415970000000000000e+07
2.006050100000000000e+07,1.892090000000000032e+02,1.931920013427734375e+02,1.867200012207031250e+02,1.919480000000000075e+02,1.340480000000000000e+07
2.006050800000000000e+07,1.921970000000000027e+02,1.941880035400390625e+02,1.839810028076171875e+02,1.849770000000000039e+02,2.814730000000000000e+07
2.006051500000000000e+07,1.847500000000000000e+02,1.847500000000000000e+02,1.652489929199218750e+02,1.720310000000000059e+02,6.864000000000000000e+06
2.006052200000000000e+07,1.680000000000000000e+02,1.807640075683593750e+02,1.624510040283203125e+02,1.795000000000000000e+02,0.000000000000000000e+00
2.006052900000000000e+07,1.787529999999999859e+02,1.812420043945312500e+02,1.711649932861328125e+02,1.762500000000000000e+02,3.794500000000000000e+06
2.006060500000000000e+07,1.787500000000000000e+02,1.787500000000000000e+02,1.583379974365234375e+02,1.670000000000000000e+02,3.112700000000000000e+06
2.006061200000000000e+07,1.640000000000000000e+02,1.675500030517578125e+02,1.561569976806640625e+02,1.580000000000000000e+02,7.136300000000000000e+06
2.006061900000000000e+07,1.655000000000000000e+02,1.655000000000000000e+02,1.573419952392578125e+02,1.613259999999999934e+02,1.366670000000000000e+07
2.006062600000000000e+07,1.638149999999999977e+02,1.702879943847656250e+02,1.605789947509765625e+02,1.670519999999999925e+02,1.864710000000000000e+07
2.006070300000000000e+07,1.658069999999999879e+02,1.720310058593750000e+02,1.658070068359375000e+02,1.705370000000000061e+02,3.102660000000000000e+07
2.006071000000000000e+07,1.680480000000000018e+02,1.722799987792968750e+02,1.618240051269531250e+02,1.625709999999999980e+02,1.637000000000000000e+07
2.006071700000000000e+07,1.630680000000000121e+02,1.687940063476562500e+02,1.582779998779296875e+02,1.630680000000000121e+02,1.301490000000000000e+07
2.006072400000000000e+07,1.620730000000000075e+02,1.692920074462890625e+02,1.620729980468750000e+02,1.665540000000000020e+02,8.984700000000000000e+06
2.006073100000000000e+07,1.670519999999999925e+02,1.719109954833984375e+02,1.610169982910156250e+02,1.623220000000000027e+02,2.618140000000000000e+07
2.006080700000000000e+07,1.603300000000000125e+02,1.658070068359375000e+02,1.580690002441406250e+02,1.618240000000000123e+02,2.776380000000000000e+07
2.006081400000000000e+07,1.643129999999999882e+02,1.707859954833984375e+02,1.613260040283203125e+02,1.690430000000000064e+02,1.259790000000000000e+07
2.006082100000000000e+07,1.673009999999999877e+02,1.777570037841796875e+02,1.673009948730468750e+02,1.692920000000000016e+02,2.098460000000000000e+07
2.006082800000000000e+07,1.692920000000000016e+02,1.750180053710937500e+02,1.682969970703125000e+02,1.740229999999999961e+02,1.428940000000000000e+07
2.006090400000000000e+07,1.752669999999999959e+02,1.755160064697265625e+02,1.682969970703125000e+02,1.695409999999999968e+02,2.275170000000000000e+07
2.006091100000000000e+07,1.695409999999999968e+02,1.707359924316406250e+02,1.600809936523437500e+02,1.623220000000000027e+02,4.423170000000000000e+07
2.006091800000000000e+07,1.633170000000000073e+02,1.662339935302734375e+02,1.608280029296875000e+02,1.620730000000000075e+02,4.549080000000000000e+07
2.006092500000000000e+07,1.620730000000000075e+02,1.698200073242187500e+02,1.600809936523437500e+02,1.682969999999999970e+02,5.975570000000000000e+07
2.006100200000000000e+07,1.673009999999999877e+02,1.711649932861328125e+02,1.663049926757812500e+02,1.702880000000000109e+02,3.186590000000000000e+07
2.006100900000000000e+07,1.682969999999999970e+02,1.740229949951171875e+02,1.682969970703125000e+02,1.727779999999999916e+02,2.162610000000000000e+07
2.006101600000000000e+07,1.732760000000000105e+02,1.743339996337890625e+02,1.692920074462890625e+02,1.737740000000000009e+02,1.633900000000000000e+07
2.006102300000000000e+07,1.752669999999999959e+02,1.790019989013671875e+02,1.725290069580078125e+02,1.747690000000000055e+02,2.302390000000000000e+07
2.006103000000000000e+07,1.732760000000000105e+02,1.757649993896484375e+02,1.717819976806640625e+02,1.737740000000000009e+02,1.583900000000000000e+07
2.006110600000000000e+07,1.742719999999999914e+02,1.760140075683593750e+02,1.727779998779296875e+02,1.755159999999999911e+02,2.050440000000000000e+07
2.006111300000000000e+07,1.762630000000000052e+02,1.770099945068359375e+02,1.705370025634765625e+02,1.725289999999999964e+02,1.700070000000000000e+07
2.006112000000000000e+07,1.705370000000000061e+02,1.804960021972656250e+02,1.695410003662109375e+02,1.705370000000000061e+02,1.655810000000000000e+07
2.006112700000000000e+07,1.710349999999999966e+02,1.725290069580078125e+02,1.648110046386718750e+02,1.658069999999999879e+02,2.742940000000000000e+07
2.006120400000000000e+07,1.673009999999999877e+02,1.782550048828125000e+02,1.658780059814453125e+02,1.780060000000000002e+02,3.575810000000000000e+07
2.006121100000000000e+07,1.782549999999999955e+02,1.827359924316406250e+02,1.771649932861328125e+02,1.819890000000000043e+02,3.026240000000000000e+07
2.006121800000000000e+07,1.827359999999999900e+02,1.867200012207031250e+02,1.810639953613281250e+02,1.859730000000000132e+02,1.262300000000000000e+07
2.006122500000000000e+07,1.859730000000000132e+02,1.899559936523437500e+02,1.815610046386718750e+02,1.872170000000000130e+02,9.713500000000000000e+06
2.007010100000000000e+07,1.872170000000000130e+02,1.899559936523437500e+02,1.847279968261718750e+02,1.857239999999999895e+02,1.359980000000000000e+07
2.007010800000000000e+07,1.852259999999999991e+02,1.897070007324218750e+02,1.844790039062500000e+02,1.859730000000000132e+02,1.548440000000000000e+07
2.007011500000000000e+07,1.874660000000000082e+02,1.882129974365234375e+02,1.834559936523437500e+02,1.874660000000000082e+02,1.966800000000000000e+07
2.007012200000000000e+07,1.872170000000000130e+02,1.907030029296875000e+02,1.854750061035156250e+02,1.877150000000000034e+02,3.062820000000000000e+07
2.007012900000000000e+07,1.882129999999999939e+02,1.892089996337890625e+02,1.857239990234375000e+02,1.879639999999999986e+02,1.838860000000000000e+07
2.007020500000000000e+07,1.884619999999999891e+02,1.902050018310546875e+02,1.869680023193359375e+02,1.874660000000000082e+02,1.602620000000000000e+07
2.007021200000000000e+07,1.872170000000000130e+02,2.004120025634765625e+02,1.862220001220703125e+02,1.919480000000000075e+02,4.350460000000000000e+07
2.007021900000000000e+07,1.914499999999999886e+02,1.944369964599609375e+02,1.902050018310546875e+02,1.929439999999999884e+02,3.638520000000000000e+07
2.007022600000000000e+07,1.946860000000000070e+02,1.946860046386718750e+02,1.799160003662109375e+02,1.819890000000000043e+02,4.405500000000000000e+07
2.007030500000000000e+07,1.770099999999999909e+02,1.912010040283203125e+02,1.765119934082031250e+02,1.904540000000000077e+02,4.233240000000000000e+07
2.007031200000000000e+07,1.894579999999999984e+02,1.984210052490234375e+02,1.884620056152343750e+02,1.934410000000000025e+02,7.020310400000000000e+07
2.007031900000000000e+07,1.954329999999999927e+02,2.056399993896484375e+02,1.941880035400390625e+02,1.991680000000000064e+02,5.248030000000000000e+07
2.007032600000000000e+07,2.001630000000000109e+02,2.009100036621093750e+02,1.954329986572265625e+02,2.001630000000000109e+02,2.787050000000000000e+07
2.007040200000000000e+07,1.991680000000000064e+02,2.081300048828125000e+02,1.989190063476562500e+02,2.071339999999999861e+02,1.997040000000000000e+07
2.007040900000000000e+07,2.071339999999999861e+02,2.098730010986328125e+02,2.037980041503906250e+02,2.068849999999999909e+02,2.164740000000000000e+07
2.007041600000000000e+07,2.086279999999999859e+02,2.144239959716796875e+02,2.058890075683593750e+02,2.121129999999999995e+02,2.686610000000000000e+07
2.007042300000000000e+07,2.131090000000000089e+02,2.366179962158203125e+02,2.097729949951171875e+02,2.352669999999999959e+02,2.459391840000000000e+08
2.007043000000000000e+07,2.360130000000000052e+02,2.360130004882812500e+02,1.906060028076171875e+02,2.243120000000000118e+02,4.262200000000000000e+07
2.007050700000000000e+07,2.243120000000000118e+02,2.265529937744140625e+02,2.143540039062500000e+02,2.190840000000000032e+02,2.488690000000000000e+07
2.007051400000000000e+07,2.175910000000000082e+02,2.250590057373046875e+02,2.175910034179687500e+02,2.228189999999999884e+02,3.010150000000000000e+07
2.007052100000000000e+07,2.250589999999999975e+02,2.250590057373046875e+02,2.162010040283203125e+02,2.183369999999999891e+02,1.719010000000000000e+07
2.007052800000000000e+07,2.183369999999999891e+02,2.230679931640625000e+02,2.150310058593750000e+02,2.197500000000000000e+02,1.238700000000000000e+07
2.007060400000000000e+07,2.165949999999999989e+02,2.208269958496093750e+02,2.048939971923828125e+02,2.096239999999999952e+02,3.046310000000000000e+07
2.007061100000000000e+07,2.128600000000000136e+02,2.131089935302734375e+02,2.056399993896484375e+02,2.113669999999999902e+02,3.967810000000000000e+07
2.007061800000000000e+07,2.128600000000000136e+02,2.170930023193359375e+02,2.083789978027343750e+02,2.103710000000000093e+02,3.109570000000000000e+07
2.007062500000000000e+07,2.071339999999999861e+02,2.121130065917968750e+02,2.053919982910156250e+02,2.106200000000000045e+02,3.092600000000000000e+07
2.007070200000000000e+07,2.108689999999999998e+02,2.213249969482421875e+02,2.091260070800781250e+02,2.183369999999999891e+02,3.095610000000000000e+07
2.007070900000000000e+07,2.185860000000000127e+02,2.203289947509765625e+02,2.116159973144531250e+02,2.178389999999999986e+02,3.134450000000000000e+07
2.007071600000000000e+07,2.165949999999999989e+02,2.210760040283203125e+02,2.151009979248046875e+02,2.200800000000000125e+02,1.989680000000000000e+07
2.007072300000000000e+07,2.215740000000000123e+02,2.317810058593750000e+02,2.088769989013671875e+02,2.108689999999999998e+02,4.928850000000000000e+07
2.007073000000000000e+07,2.133580000000000041e+02,2.223209991455078125e+02,2.071340026855468750e+02,2.141049999999999898e+02,2.734600000000000000e+07
2.007080600000000000e+07,2.083789999999999907e+02,2.210760040283203125e+02,2.021549987792968750e+02,2.056399999999999864e+02,5.086930000000000000e+07
2.007081300000000000e+07,2.106200000000000045e+02,2.155989990234375000e+02,1.877149963378906250e+02,1.969269999999999925e+02,4.522300000000000000e+07
2.007082000000000000e+07,1.971759999999999877e+02,2.056399993896484375e+02,1.916990051269531250e+02,2.014079999999999870e+02,4.065120000000000000e+07
2.007082700000000000e+07,2.014079999999999870e+02,2.048939971923828125e+02,1.947230072021484375e+02,1.974250000000000114e+02,3.297390000000000000e+07
2.007090300000000000e+07,1.971759999999999877e+02,1.996649932861328125e+02,1.899559936523437500e+02,1.909519999999999982e+02,2.759800000000000000e+07
2.007091000000000000e+07,1.897069999999999936e+02,1.937500000000000000e+02,1.869680023193359375e+02,1.912009999999999934e+02,2.380180000000000000e+07
2.007091700000000000e+07,1.899559999999999889e+02,1.991679992675781250e+02,1.872169952392578125e+02,1.931920000000000073e+02,3.223210000000000000e+07
2.007092400000000000e+07,1.916990000000000123e+02,2.026529998779296875e+02,1.899559936523437500e+02,2.011589999999999918e+02,5.642600000000000000e+07
2.007100100000000000e+07,2.001630000000000109e+02,2.111179962158203125e+02,2.001629943847656250e+02,2.086279999999999859e+02,5.717080000000000000e+07
2.007100800000000000e+07,2.103710000000000093e+02,2.138560028076171875e+02,2.026529998779296875e+02,2.086279999999999859e+02,1.646200000000000000e+07
2.007101500000000000e+07,2.071339999999999861e+02,2.133580017089843750e+02,2.016569976806640625e+02,2.066359999999999957e+02,2.427620000000000000e+07
2.007102200000000000e+07,2.024039999999999964e+02,2.116159973144531250e+02,1.996649932861328125e+02,2.088770000000000095e+02,1.699740000000000000e+07
2.007102900000000000e+07,2.150000000000000000e+02,2.177500000000000000e+02,2.048939971923828125e+02,2.081299999999999955e+02,1.517710000000000000e+07
2.007110500000000000e+07,2.053919999999999959e+02,2.110000000000000000e+02,1.961799926757812500e+02,1.979230000000000018e+02,1.463970000000000000e+07
2.007111200000000000e+07,1.946860000000000070e+02,2.163459930419921875e+02,1.946860046386718750e+02,2.076320000000000050e+02,2.714580000000000000e+07
2.007111900000000000e+07,2.088770000000000095e+02,2.126109924316406250e+02,1.969270019531250000e+02,2.091260000000000048e+02,2.980900000000000000e+07
2.007112600000000000e+07,2.118640000000000043e+02,2.180879974365234375e+02,2.029019927978515625e+02,2.170929999999999893e+02,2.318390000000000000e+07
2.007120300000000000e+07,2.183369999999999891e+02,2.215740051269531250e+02,2.091260070800781250e+02,2.188350000000000080e+02,2.416640000000000000e+07
2.007121000000000000e+07,2.165949999999999989e+02,2.255570068359375000e+02,2.110000000000000000e+02,2.137500000000000000e+02,2.233100000000000000e+07
2.007121700000000000e+07,2.088770000000000095e+02,2.427350006103515625e+02,2.043959960937500000e+02,2.414910000000000139e+02,1.032080000000000000e+08
2.007122400000000000e+07,2.387520000000000095e+02,2.467189941406250000e+02,2.335240020751953125e+02,2.419890000000000043e+02,1.209240000000000000e+07
2.007123100000000000e+07,2.337729999999999961e+02,2.454739990234375000e+02,2.248099975585937500e+02,2.253079999999999927e+02,2.407550000000000000e+07
2.008010700000000000e+07,2.258060000000000116e+02,2.285449981689453125e+02,2.091260070800781250e+02,2.128600000000000136e+02,3.377980000000000000e+07
2.008011400000000000e+07,2.146030000000000086e+02,2.245610046386718750e+02,2.111179962158203125e+02,2.188350000000000080e+02,4.441380000000000000e+07
2.008012100000000000e+07,2.151009999999999991e+02,2.250590057373046875e+02,2.001629943847656250e+02,2.108689999999999998e+02,6.072480000000000000e+07
2.008012800000000000e+07,2.088770000000000095e+02,2.228190002441406250e+02,2.086280059814453125e+02,2.213249999999999886e+02,2.835700000000000000e+07
2.008020400000000000e+07,2.248100000000000023e+02,2.248099975585937500e+02,2.046450042724609375e+02,2.061380000000000052e+02,2.944040000000000000e+07
2.008021100000000000e+07,2.046450000000000102e+02,2.190839996337890625e+02,2.031510009765625000e+02,2.146030000000000086e+02,2.965400000000000000e+07
2.008021800000000000e+07,2.158480000000000132e+02,2.185859985351562500e+02,2.102359924316406250e+02,2.113669999999999902e+02,2.030910000000000000e+07
2.008022500000000000e+07,2.133580000000000041e+02,2.230679931640625000e+02,2.111179962158203125e+02,2.178389999999999986e+02,2.416220000000000000e+07
2.008030300000000000e+07,2.141049999999999898e+02,2.195820007324218750e+02,2.111179962158203125e+02,2.121129999999999995e+02,2.381940000000000000e+07
2.008031000000000000e+07,2.111179999999999950e+02,2.260549926757812500e+02,2.078809967041015625e+02,2.200800000000000125e+02,3.842800000000000000e+07
2.008031700000000000e+07,2.163460000000000036e+02,2.233170013427734375e+02,2.146029968261718750e+02,2.210759999999999934e+02,2.518600000000000000e+07
2.008032400000000000e+07,2.210759999999999934e+02,2.312830047607421875e+02,2.210760040283203125e+02,2.277980000000000018e+02,3.151780000000000000e+07
2.008033100000000000e+07,2.277980000000000018e+02,2.370090026855468750e+02,2.233170013427734375e+02,2.300380000000000109e+02,3.035910000000000000e+07
2.008040700000000000e+07,2.332750000000000057e+02,2.345200042724609375e+02,2.205780029296875000e+02,2.230680000000000121e+02,1.752360000000000000e+07
2.008041400000000000e+07,2.218230000000000075e+02,2.342709960937500000e+02,2.195820007324218750e+02,2.337729999999999961e+02,1.991750000000000000e+07
2.008042100000000000e+07,2.350180000000000007e+02,2.350180053710937500e+02,2.260549926757812500e+02,2.300380000000000109e+02,2.044500000000000000e+07
2.008042800000000000e+07,2.302870000000000061e+02,2.332749938964843750e+02,2.240630035400390625e+02,2.307849999999999966e+02,1.816570000000000000e+07
2.008050500000000000e+07,2.307849999999999966e+02,2.345200042724609375e+02,2.282960052490234375e+02,2.327769999999999868e+02,1.977050000000000000e+07
2.008051200000000000e+07,2.335240000000000009e+02,2.397480010986328125e+02,2.210760040283203125e+02,2.300000000000000000e+02,5.678340000000000000e+07
2.008051900000000000e+07,2.307500000000000000e+02,2.342500000000000000e+02,2.202500000000000000e+02,2.252500000000000000e+02,3.314940000000000000e+07
2.008052600000000000e+07,2.252500000000000000e+02,2.272500000000000000e+02,2.197500000000000000e+02,2.252500000000000000e+02,2.294450000000000000e+07
2.008060200000000000e+07,2.237500000000000000e+02,2.275000000000000000e+02,2.182500000000000000e+02,2.185000000000000000e+02,3.349690000000000000e+07
2.008060900000000000e+07,2.182500000000000000e+02,2.190000000000000000e+02,2.010000000000000000e+02,2.045000000000000000e+02,2.442560000000000000e+07
2.008061600000000000e+07,2.052500000000000000e+02,2.147500000000000000e+02,2.040000000000000000e+02,2.100000000000000000e+02,2.819220000000000000e+07
2.008062300000000000e+07,2.087500000000000000e+02,2.100000000000000000e+02,1.980000000000000000e+02,1.995000000000000000e+02,2.630680000000000000e+07
2.008063000000000000e+07,1.986999999999999886e+02,2.027500000000000000e+02,1.888000030517578125e+02,1.950000000000000000e+02,2.613250000000000000e+07
2.008070700000000000e+07,1.963000000000000114e+02,2.000000000000000000e+02,1.910000000000000000e+02,1.910000000000000000e+02,3.002600000000000000e+07
2.008071400000000000e+07,1.919000000000000057e+02,1.991000061035156250e+02,1.863000030517578125e+02,1.975000000000000000e+02,2.635530000000000000e+07
2.008072100000000000e+07,1.966999999999999886e+02,2.045000000000000000e+02,1.913000030517578125e+02,1.996999999999999886e+02,2.633330000000000000e+07
2.008072800000000000e+07,1.988000000000000114e+02,1.996999969482421875e+02,1.890000000000000000e+02,1.924000000000000057e+02,2.595490000000000000e+07
2.008080400000000000e+07,1.915999999999999943e+02,2.087500000000000000e+02,1.900000000000000000e+02,2.065000000000000000e+02,3.416850000000000000e+07
2.008081100000000000e+07,2.075000000000000000e+02,2.132500000000000000e+02,2.040000000000000000e+02,2.090000000000000000e+02,2.481040000000000000e+07
2.008081800000000000e+07,2.082500000000000000e+02,2.135000000000000000e+02,2.030000000000000000e+02,2.127500000000000000e+02,1.577320000000000000e+07
2.008082500000000000e+07,2.127500000000000000e+02,2.335000000000000000e+02,2.085000000000000000e+02,2.335000000000000000e+02,2.985910000000000000e+07
2.008090100000000000e+07,2.307500000000000000e+02,2.377500000000000000e+02,2.170000000000000000e+02,2.187500000000000000e+02,2.746900000000000000e+07
2.008090800000000000e+07,2.247500000000000000e+02,2.300000000000000000e+02,2.195000000000000000e+02,2.257500000000000000e+02,2.897280000000000000e+07
2.008091500000000000e+07,2.215000000000000000e+02,2.225000000000000000e+02,1.991000061035156250e+02,2.217500000000000000e+02,3.491930000000000000e+07
2.008092200000000000e+07,2.205000000000000000e+02,2.255000000000000000e+02,2.067500000000000000e+02,2.082500000000000000e+02,1.966870000000000000e+07
2.008092900000000000e+07,2.067500000000000000e+02,2.102500000000000000e+02,1.936999969482421875e+02,1.998000000000000114e+02,2.789620000000000000e+07
2.008100600000000000e+07,1.943000000000000114e+02,2.062500000000000000e+02,1.406000061035156250e+02,1.595000000000000000e+02,6.284010000000000000e+07
2.008101300000000000e+07,1.698000000000000114e+02,1.853000030517578125e+02,1.598000030517578125e+02,1.695999999999999943e+02,4.896490000000000000e+07
2.008102000000000000e+07,1.670000000000000000e+02,1.818999938964843750e+02,1.600000000000000000e+02,1.660999999999999943e+02,3.723670000000000000e+07
2.008102700000000000e+07,1.605999999999999943e+02,1.903999938964843750e+02,1.555000000000000000e+02,1.871999999999999886e+02,3.601610000000000000e+07
2.008110300000000000e+07,1.920000000000000000e+02,2.067500000000000000e+02,1.855000000000000000e+02,2.032500000000000000e+02,3.454300000000000000e+07
2.008111000000000000e+07,2.092500000000000000e+02,2.137500000000000000e+02,1.866799926757812500e+02,1.954000000000000057e+02,2.717540000000000000e+07
2.008111700000000000e+07,1.940999999999999943e+02,2.002500000000000000e+02,1.798999938964843750e+02,1.823000000000000114e+02,3.417810000000000000e+07
2.008112400000000000e+07,1.873000000000000114e+02,2.045000000000000000e+02,1.845000000000000000e+02,2.027500000000000000e+02,3.435120000000000000e+07
2.008120100000000000e+07,2.015000000000000000e+02,2.070000000000000000e+02,1.868000030517578125e+02,1.899000000000000057e+02,3.399230000000000000e+07
2.008120800000000000e+07,2.087500000000000000e+02,2.087500000000000000e+02,1.893999938964843750e+02,1.969000000000000057e+02,3.110860000000000000e+07
2.008121500000000000e+07,2.027500000000000000e+02,2.050000000000000000e+02,1.911999969482421875e+02,1.993000000000000114e+02,3.046620000000000000e+07
2.008122200000000000e+07,1.950999999999999943e+02,2.012500000000000000e+02,1.900000000000000000e+02,1.966999999999999886e+02,6.986100000000000000e+06
2.008122900000000000e+07,1.955000000000000000e+02,2.130000000000000000e+02,1.943000030517578125e+02,2.055000000000000000e+02,5.714900000000000000e+06
2.009010500000000000e+07,2.082500000000000000e+02,2.142500000000000000e+02,2.025000000000000000e+02,2.055000000000000000e+02,2.136480000000000000e+07
2.009011200000000000e+07,2.052500000000000000e+02,2.062500000000000000e+02,1.873999938964843750e+02,1.945000000000000000e+02,3.499030000000000000e+07
2.009011900000000000e+07,1.958000000000000114e+02,1.998000030517578125e+02,1.855000000000000000e+02,1.938000000000000114e+02,3.220070000000000000e+07
2.009012600000000000e+07,1.928000000000000114e+02,1.961000061035156250e+02,1.870000000000000000e+02,1.918000000000000114e+02,2.824110000000000000e+07
2.009020200000000000e+07,1.906999999999999886e+02,1.935000000000000000e+02,1.831999969482421875e+02,1.888000000000000114e+02,9.299600000000000000e+06
2.009020900000000000e+07,1.870000000000000000e+02,1.958999938964843750e+02,1.841000061035156250e+02,1.936999999999999886e+02,2.062710000000000000e+07
2.009021600000000000e+07,1.914000000000000057e+02,1.938999938964843750e+02,1.813999938964843750e+02,1.831999999999999886e+02,2.432230000000000000e+07
2.009022300000000000e+07,1.860999999999999943e+02,1.898999938964843750e+02,1.773999938964843750e+02,1.864000000000000057e+02,3.244330000000000000e+07
2.009030200000000000e+07,1.820999999999999943e+02,1.848000030517578125e+02,1.721999969482421875e+02,1.785999999999999943e+02,3.448280000000000000e+07
2.009030900000000000e+07,1.795000000000000000e+02,1.928999938964843750e+02,1.718999938964843750e+02,1.841999999999999886e+02,4.229550000000000000e+07
2.009031600000000000e+07,1.878000000000000114e+02,1.976000061035156250e+02,1.861999969482421875e+02,1.905000000000000000e+02,3.761730000000000000e+07
2.009032300000000000e+07,1.940000000000000000e+02,1.956000061035156250e+02,1.848000030517578125e+02,1.875999999999999943e+02,2.438580000000000000e+07
2.009033000000000000e+07,1.864000000000000057e+02,2.007500000000000000e+02,1.848999938964843750e+02,1.971999999999999886e+02,3.043640000000000000e+07
2.009040600000000000e+07,2.005000000000000000e+02,2.015000000000000000e+02,1.920000000000000000e+02,1.948000000000000114e+02,1.604740000000000000e+07
2.009041300000000000e+07,1.948000000000000114e+02,1.990000000000000000e+02,1.901999969482421875e+02,1.986999999999999886e+02,1.683980000000000000e+07
2.009042000000000000e+07,1.980000000000000000e+02,1.983999938964843750e+02,1.883000030517578125e+02,1.958000000000000114e+02,2.392990000000000000e+07
2.009042700000000000e+07,1.950000000000000000e+02,1.973000030517578125e+02,1.845000000000000000e+02,1.920999999999999943e+02,3.287790000000000000e+07
2.009050400000000000e+07,1.920999999999999943e+02,2.020000000000000000e+02,1.916000061035156250e+02,1.995999999999999943e+02,3.266860000000000000e+07
2.009051100000000000e+07,2.010000000000000000e+02,2.172500000000000000e+02,2.010000000000000000e+02,2.132500000000000000e+02,3.147520000000000000e+07
2.009051800000000000e+07,2.107500000000000000e+02,2.237389984130859375e+02,2.107500000000000000e+02,2.180000000000000000e+02,2.421870000000000000e+07
2.009052500000000000e+07,2.180000000000000000e+02,2.215000000000000000e+02,2.097500000000000000e+02,2.102500000000000000e+02,1.406470000000000000e+07
2.009060100000000000e+07,2.137500000000000000e+02,2.178300018310546875e+02,2.100000000000000000e+02,2.140000000000000000e+02,1.988620000000000000e+07
2.009060800000000000e+07,2.125000000000000000e+02,2.192500000000000000e+02,2.090000000000000000e+02,2.115000000000000000e+02,1.324700000000000000e+07
2.009061500000000000e+07,2.105000000000000000e+02,2.115700073242187500e+02,1.986000061035156250e+02,2.030000000000000000e+02,3.019980000000000000e+07
2.009062200000000000e+07,2.027500000000000000e+02,2.072500000000000000e+02,1.978999938964843750e+02,2.060000000000000000e+02,2.407270000000000000e+07
2.009062900000000000e+07,2.067500000000000000e+02,2.110000000000000000e+02,2.037500000000000000e+02,2.092500000000000000e+02,2.717050000000000000e+07
2.009070600000000000e+07,2.092500000000000000e+02,2.142500000000000000e+02,2.087500000000000000e+02,2.115000000000000000e+02,2.707590000000000000e+07
2.009071300000000000e+07,2.105000000000000000e+02,2.207500000000000000e+02,2.090000000000000000e+02,2.170000000000000000e+02,1.687780000000000000e+07
2.009072000000000000e+07,2.187500000000000000e+02,2.240000000000000000e+02,2.170000000000000000e+02,2.187500000000000000e+02,1.323560000000000000e+07
2.009072700000000000e+07,2.197500000000000000e+02,2.235000000000000000e+02,2.127500000000000000e+02,2.135000000000000000e+02,2.310250000000000000e+07
2.009080300000000000e+07,2.140999999999999943e+02,2.185000000000000000e+02,2.085000000000000000e+02,2.135000000000000000e+02,1.957820000000000000e+07
2.009081000000000000e+07,2.126999999999999886e+02,2.171999969482421875e+02,2.093000030517578125e+02,2.136999999999999886e+02,2.504640000000000000e+07
2.009081700000000000e+07,2.138000000000000114e+02,2.241999969482421875e+02,2.096000061035156250e+02,2.240999999999999943e+02,3.239410000000000000e+07
2.009082400000000000e+07,2.229000000000000057e+02,2.290000000000000000e+02,2.093999938964843750e+02,2.234000000000000057e+02,4.996050000000000000e+07
2.009083100000000000e+07,2.234000000000000057e+02,2.276999969482421875e+02,2.100000000000000000e+02,2.219000000000000057e+02,2.514230000000000000e+07
2.009090700000000000e+07,2.219000000000000057e+02,2.261000061035156250e+02,2.203999938964843750e+02,2.230999999999999943e+02,2.252840000000000000e+07
2.009091400000000000e+07,2.219000000000000057e+02,2.283000030517578125e+02,2.196000061035156250e+02,2.225000000000000000e+02,2.480540000000000000e+07
2.009092100000000000e+07,2.230999999999999943e+02,2.256000061035156250e+02,2.185000000000000000e+02,2.216999999999999886e+02,1.961020000000000000e+07
2.009092800000000000e+07,2.216999999999999886e+02,2.250099945068359375e+02,2.176999969482421875e+02,2.215000000000000000e+02,2.325640000000000000e+07
2.009100500000000000e+07,2.225000000000000000e+02,2.313999938964843750e+02,2.181000061035156250e+02,2.314000000000000057e+02,1.754030000000000000e+07
2.009101200000000000e+07,2.310000000000000000e+02,2.495000000000000000e+02,2.283999938964843750e+02,2.455999999999999943e+02,4.489310000000000000e+07
2.009101900000000000e+07,2.455000000000000000e+02,2.528000030517578125e+02,2.431000061035156250e+02,2.483000000000000114e+02,2.784730000000000000e+07
2.009102600000000000e+07,2.480000000000000000e+02,2.585000000000000000e+02,2.441999969482421875e+02,2.530000000000000000e+02,3.522460000000000000e+07
2.009110200000000000e+07,2.534000000000000057e+02,2.555000000000000000e+02,2.445000000000000000e+02,2.528000000000000114e+02,2.796890000000000000e+07
2.009110900000000000e+07,2.531999999999999886e+02,2.546000061035156250e+02,2.450000000000000000e+02,2.470999999999999943e+02,3.021310000000000000e+07
2.009111600000000000e+07,2.481999999999999886e+02,2.525000000000000000e+02,2.420000000000000000e+02,2.436999999999999886e+02,2.072880000000000000e+07
2.009112300000000000e+07,2.436999999999999886e+02,2.488000030517578125e+02,2.386999969482421875e+02,2.443000000000000114e+02,1.592710000000000000e+07
2.009113000000000000e+07,2.444000000000000057e+02,2.575000000000000000e+02,2.415000000000000000e+02,2.513000000000000114e+02,2.908800000000000000e+07
2.009120700000000000e+07,2.504000000000000057e+02,2.562999877929687500e+02,2.461999969482421875e+02,2.556999999999999886e+02,1.355220000000000000e+07
2.009121400000000000e+07,2.581999999999999886e+02,2.618999938964843750e+02,2.526000061035156250e+02,2.583999999999999773e+02,1.576020000000000000e+07
2.009122100000000000e+07,2.596999999999999886e+02,2.653999938964843750e+02,2.582999877929687500e+02,2.648000000000000114e+02,5.726400000000000000e+06
2.010010400000000000e+07,2.596999999999999886e+02,2.693999938964843750e+02,2.597000122070312500e+02,2.648999999999999773e+02,9.962600000000000000e+06
2.010011100000000000e+07,2.668000000000000114e+02,2.677000122070312500e+02,2.577000122070312500e+02,2.580000000000000000e+02,1.693430000000000000e+07
2.010011800000000000e+07,2.593000000000000114e+02,2.617999877929687500e+02,2.531999969482421875e+02,2.534000000000000057e+02,1.865750000000000000e+07
2.010012500000000000e+07,2.519000000000000057e+02,2.600000000000000000e+02,2.503000030517578125e+02,2.530000000000000000e+02,2.163170000000000000e+07
2.010020100000000000e+07,2.529000000000000057e+02,2.657999877929687500e+02,2.501000061035156250e+02,2.521999999999999886e+02,2.133510000000000000e+07
2.010020800000000000e+07,2.533000000000000114e+02,2.617999877929687500e+02,2.523999938964843750e+02,2.593000000000000114e+02,2.254060000000000000e+07
2.010021500000000000e+07,2.606000000000000227e+02,2.667000122070312500e+02,2.563999938964843750e+02,2.660000000000000000e+02,1.343470000000000000e+07
2.010022200000000000e+07,2.668000000000000114e+02,2.715000000000000000e+02,2.640000000000000000e+02,2.706999999999999886e+02,1.905420000000000000e+07
2.010030100000000000e+07,2.731000000000000227e+02,2.792999877929687500e+02,2.673999938964843750e+02,2.673999999999999773e+02,1.729030000000000000e+07
2.010030800000000000e+07,2.806999999999999886e+02,2.857000122070312500e+02,2.780000000000000000e+02,2.813000000000000114e+02,1.559320000000000000e+07
2.010031500000000000e+07,2.816999999999999886e+02,2.822999877929687500e+02,2.518999938964843750e+02,2.616000000000000227e+02,6.994790400000000000e+07
2.010032200000000000e+07,2.613000000000000114e+02,2.646000061035156250e+02,2.570000000000000000e+02,2.610000000000000000e+02,2.479810000000000000e+07
2.010032900000000000e+07,2.615000000000000000e+02,2.662000122070312500e+02,2.595000000000000000e+02,2.658000000000000114e+02,1.999150000000000000e+07
2.010040500000000000e+07,2.658000000000000114e+02,2.702999877929687500e+02,2.605000000000000000e+02,2.673999999999999773e+02,1.524270000000000000e+07
2.010041200000000000e+07,2.680000000000000000e+02,2.697999877929687500e+02,2.621000061035156250e+02,2.648000000000000114e+02,2.175750000000000000e+07
2.010041900000000000e+07,2.641999999999999886e+02,2.731000061035156250e+02,2.631000061035156250e+02,2.720000000000000000e+02,2.360940000000000000e+07
2.010042600000000000e+07,2.743999999999999773e+02,2.748999938964843750e+02,2.632999877929687500e+02,2.673999999999999773e+02,2.254190000000000000e+07
2.010050300000000000e+07,2.673999999999999773e+02,2.697999877929687500e+02,2.523000030517578125e+02,2.536999999999999886e+02,4.438960000000000000e+07
2.010051000000000000e+07,2.600000000000000000e+02,2.798999938964843750e+02,2.572999877929687500e+02,2.723999999999999773e+02,3.603190000000000000e+07
2.010051700000000000e+07,2.698000000000000114e+02,2.723999938964843750e+02,2.568999938964843750e+02,2.608000000000000114e+02,3.033420000000000000e+07
2.010052400000000000e+07,2.628999999999999773e+02,2.645000000000000000e+02,2.543000030517578125e+02,2.628000000000000114e+02,3.120490000000000000e+07
2.010053100000000000e+07,2.628000000000000114e+02,2.670000000000000000e+02,2.577999877929687500e+02,2.615000000000000000e+02,2.484120000000000000e+07
2.010060700000000000e+07,2.580000000000000000e+02,2.805000000000000000e+02,2.570000000000000000e+02,2.791000000000000227e+02,4.019360000000000000e+07
2.010061400000000000e+07,2.816999999999999886e+02,2.843999938964843750e+02,2.780000000000000000e+02,2.806000000000000227e+02,2.008000000000000000e+07
2.010062100000000000e+07,2.826999999999999886e+02,2.840000000000000000e+02,2.776000061035156250e+02,2.808000000000000114e+02,2.042820000000000000e+07
2.010062800000000000e+07,2.803999999999999773e+02,2.825000000000000000e+02,2.612999877929687500e+02,2.626000000000000227e+02,2.423250000000000000e+07
2.010070500000000000e+07,2.626999999999999886e+02,2.697000122070312500e+02,2.626000061035156250e+02,2.648999999999999773e+02,1.806050000000000000e+07
2.010071200000000000e+07,2.646000000000000227e+02,2.751000061035156250e+02,2.637000122070312500e+02,2.676999999999999886e+02,1.365130000000000000e+07
2.010071900000000000e+07,2.676999999999999886e+02,2.695000000000000000e+02,2.573999938964843750e+02,2.658000000000000114e+02,2.443700000000000000e+07
2.010072600000000000e+07,2.668000000000000114e+02,2.683999938964843750e+02,2.577000122070312500e+02,2.586000000000000227e+02,1.659350000000000000e+07
2.010080200000000000e+07,2.606999999999999886e+02,2.652999877929687500e+02,2.583999938964843750e+02,2.596999999999999886e+02,1.670250000000000000e+07
2.010080900000000000e+07,2.601000000000000227e+02,2.651000061035156250e+02,2.592000122070312500e+02,2.618000000000000114e+02,1.783810000000000000e+07
2.010081600000000000e+07,2.615000000000000000e+02,2.663999938964843750e+02,2.568999938964843750e+02,2.578000000000000114e+02,1.588610000000000000e+07
2.010082300000000000e+07,2.570000000000000000e+02,2.593999938964843750e+02,2.431000061035156250e+02,2.551999999999999886e+02,2.158740000000000000e+07
2.010083000000000000e+07,2.551999999999999886e+02,2.588999938964843750e+02,2.481000061035156250e+02,2.566000000000000227e+02,1.529790000000000000e+07
2.010090600000000000e+07,2.578999999999999773e+02,2.591000061035156250e+02,2.511000061035156250e+02,2.530999999999999943e+02,1.844580000000000000e+07
2.010091300000000000e+07,2.543000000000000114e+02,2.553999938964843750e+02,2.496000061035156250e+02,2.501999999999999886e+02,2.057560000000000000e+07
2.010092000000000000e+07,2.510000000000000000e+02,2.606000061035156250e+02,2.476000061035156250e+02,2.601999999999999886e+02,2.691000000000000000e+07
2.010092700000000000e+07,2.600000000000000000e+02,2.612999877929687500e+02,2.488999938964843750e+02,2.535000000000000000e+02,2.905980000000000000e+07
2.010100400000000000e+07,2.540000000000000000e+02,2.561000061035156250e+02,2.508999938964843750e+02,2.539000000000000057e+02,1.800100000000000000e+07
2.010101100000000000e+07,2.538000000000000114e+02,2.700000000000000000e+02,2.531999969482421875e+02,2.666000000000000227e+02,1.759790000000000000e+07
2.010101800000000000e+07,2.651999999999999886e+02,2.712000122070312500e+02,2.620000000000000000e+02,2.700000000000000000e+02,1.682260000000000000e+07
2.010102500000000000e+07,2.706000000000000227e+02,2.717000122070312500e+02,2.617000122070312500e+02,2.616999999999999886e+02,1.725940000000000000e+07
2.010110100000000000e+07,2.638999999999999773e+02,2.646000061035156250e+02,2.573999938964843750e+02,2.581000000000000227e+02,1.926140000000000000e+07
2.010110800000000000e+07,2.606999999999999886e+02,2.620000000000000000e+02,2.456000061035156250e+02,2.480000000000000000e+02,2.766480000000000000e+07
2.010111500000000000e+07,2.479000000000000057e+02,2.516999969482421875e+02,2.466999969482421875e+02,2.491999999999999886e+02,1.734730000000000000e+07
2.010112200000000000e+07,2.505000000000000000e+02,2.510000000000000000e+02,2.393000030517578125e+02,2.401999999999999886e+02,1.690030000000000000e+07
2.010112900000000000e+07,2.414000000000000057e+02,2.448999938964843750e+02,2.361000061035156250e+02,2.385000000000000000e+02,3.354660000000000000e+07
2.010120600000000000e+07,2.383000000000000114e+02,2.571000061035156250e+02,2.361999969482421875e+02,2.520999999999999943e+02,4.093620000000000000e+07
2.010121300000000000e+07,2.530999999999999943e+02,2.541000061035156250e+02,2.476999969482421875e+02,2.528000000000000114e+02,2.160180000000000000e+07
2.010122000000000000e+07,2.525000000000000000e+02,2.567999877929687500e+02,2.506999969482421875e+02,2.568000000000000114e+02,1.208150000000000000e+07
2.010122700000000000e+07,2.568000000000000114e+02,2.642000122070312500e+02,2.535000000000000000e+02,2.545000000000000000e+02,1.357300000000000000e+07
2.011011000000000000e+07,2.606999999999999886e+02,2.712000122070312500e+02,2.595000000000000000e+02,2.696000000000000227e+02,2.469240000000000000e+07
2.011011700000000000e+07,2.703000000000000114e+02,2.762000122070312500e+02,2.608999938964843750e+02,2.618999999999999773e+02,2.577100000000000000e+07
2.011012400000000000e+07,2.626999999999999886e+02,2.742000122070312500e+02,2.612999877929687500e+02,2.686999999999999886e+02,1.572040000000000000e+07
2.011013100000000000e+07,2.673000000000000114e+02,2.703999938964843750e+02,2.622000122070312500e+02,2.638000000000000114e+02,1.296360000000000000e+07
2.011020700000000000e+07,2.636999999999999886e+02,2.703999938964843750e+02,2.637000122070312500e+02,2.688999999999999773e+02,1.489540000000000000e+07
2.011021400000000000e+07,2.690000000000000000e+02,2.706000061035156250e+02,2.622999877929687500e+02,2.680000000000000000e+02,1.001970000000000000e+07
2.011022100000000000e+07,2.683999999999999773e+02,2.692999877929687500e+02,2.625000000000000000e+02,2.650000000000000000e+02,1.417290000000000000e+07
2.011022800000000000e+07,2.648999999999999773e+02,2.718999938964843750e+02,2.597999877929687500e+02,2.700000000000000000e+02,2.145210000000000000e+07
2.011030700000000000e+07,2.690000000000000000e+02,2.708999938964843750e+02,2.617999877929687500e+02,2.618999999999999773e+02,1.760870000000000000e+07
2.011031400000000000e+07,2.603000000000000114e+02,2.617000122070312500e+02,2.471000061035156250e+02,2.554000000000000057e+02,2.994050000000000000e+07
2.011032100000000000e+07,2.566999999999999886e+02,2.586000061035156250e+02,2.468000030517578125e+02,2.510999999999999943e+02,3.138130000000000000e+07
2.011032800000000000e+07,2.518000000000000114e+02,2.612999877929687500e+02,2.503999938964843750e+02,2.601000000000000227e+02,1.690430000000000000e+07
2.011040400000000000e+07,2.598999999999999773e+02,2.643999938964843750e+02,2.568999938964843750e+02,2.626999999999999886e+02,1.545580000000000000e+07
2.011041100000000000e+07,2.616000000000000227e+02,2.776000061035156250e+02,2.363849945068359375e+02,2.753000000000000114e+02,2.942050000000000000e+07
2.011041800000000000e+07,2.755000000000000000e+02,2.825000000000000000e+02,2.717999877929687500e+02,2.808999999999999773e+02,2.270310000000000000e+07
2.011050900000000000e+07,2.743000000000000114e+02,2.852000122070312500e+02,2.720000000000000000e+02,2.825000000000000000e+02,2.344530000000000000e+07
2.011051600000000000e+07,2.801999999999999886e+02,2.842000122070312500e+02,2.773999938964843750e+02,2.805000000000000000e+02,1.899860000000000000e+07
2.011052300000000000e+07,2.783000000000000114e+02,2.827999877929687500e+02,2.735000000000000000e+02,2.811999999999999886e+02,1.916890000000000000e+07
2.011060600000000000e+07,2.901000000000000227e+02,2.911000061035156250e+02,2.805000000000000000e+02,2.808999999999999773e+02,2.085640000000000000e+07
2.011061300000000000e+07,2.813000000000000114e+02,2.876000061035156250e+02,2.745000000000000000e+02,2.823000000000000114e+02,2.172360000000000000e+07
2.011062000000000000e+07,2.808000000000000114e+02,2.845000000000000000e+02,2.737999877929687500e+02,2.740000000000000000e+02,1.481820000000000000e+07
2.011062700000000000e+07,2.741000000000000227e+02,2.813999938964843750e+02,2.718999938964843750e+02,2.803999999999999773e+02,1.644860000000000000e+07
2.011070400000000000e+07,2.795000000000000000e+02,2.867000122070312500e+02,2.790000000000000000e+02,2.806000000000000227e+02,8.985200000000000000e+06
2.011071100000000000e+07,2.803999999999999773e+02,2.818999938964843750e+02,2.707999877929687500e+02,2.743999999999999773e+02,1.282570000000000000e+07
2.011071800000000000e+07,2.720000000000000000e+02,2.788999938964843750e+02,2.708999938964843750e+02,2.785000000000000000e+02,9.485700000000000000e+06
2.011072500000000000e+07,2.771000000000000227e+02,2.800000000000000000e+02,2.707000122070312500e+02,2.741999999999999886e+02,8.188600000000000000e+06
2.011080100000000000e+07,2.771999999999999886e+02,2.772000122070312500e+02,2.460000000000000000e+02,2.519000000000000057e+02,1.424460000000000000e+07
2.011080800000000000e+07,2.498000000000000114e+02,2.550000000000000000e+02,2.273999938964843750e+02,2.550000000000000000e+02,2.225400000000000000e+07
2.011081500000000000e+07,2.561999999999999886e+02,2.572000122070312500e+02,2.356999969482421875e+02,2.429000000000000057e+02,1.670160000000000000e+07
2.011082200000000000e+07,2.431999999999999886e+02,2.747999877929687500e+02,2.416000061035156250e+02,2.601999999999999886e+02,2.841560000000000000e+07
2.011090500000000000e+07,2.620000000000000000e+02,2.663999938964843750e+02,2.510000000000000000e+02,2.640000000000000000e+02,2.081830000000000000e+07
2.011091200000000000e+07,2.576000000000000227e+02,2.692000122070312500e+02,2.566000061035156250e+02,2.650000000000000000e+02,3.042420000000000000e+07
2.011091900000000000e+07,2.605000000000000000e+02,2.690000000000000000e+02,2.506999969482421875e+02,2.543000000000000114e+02,2.154770000000000000e+07
2.011092600000000000e+07,2.505000000000000000e+02,2.698999938964843750e+02,2.483000030517578125e+02,2.670000000000000000e+02,1.362860000000000000e+07
2.011100300000000000e+07,2.606999999999999886e+02,2.786000061035156250e+02,2.578999938964843750e+02,2.771000000000000227e+02,2.176580000000000000e+07
2.011101000000000000e+07,2.778000000000000114e+02,2.856000061035156250e+02,2.736000061035156250e+02,2.823000000000000114e+02,1.191750000000000000e+07
2.011101700000000000e+07,2.500000000000000000e+02,2.559329986572265625e+02,2.141999969482421875e+02,2.423000000000000114e+02,9.664800000000000000e+07
2.011102400000000000e+07,2.426999999999999886e+02,2.473000030517578125e+02,2.341999969482421875e+02,2.465999999999999943e+02,3.541030000000000000e+07
2.011103100000000000e+07,2.459000000000000057e+02,2.590000000000000000e+02,2.410000000000000000e+02,2.539000000000000057e+02,6.009610000000000000e+07
2.011110700000000000e+07,2.525999999999999943e+02,2.551000061035156250e+02,2.390000000000000000e+02,2.504000000000000057e+02,1.677530000000000000e+07
2.011111400000000000e+07,2.519000000000000057e+02,2.526000061035156250e+02,2.324499969482421875e+02,2.356999999999999886e+02,2.459670000000000000e+07
2.011112100000000000e+07,2.345000000000000000e+02,2.386000061035156250e+02,2.295000000000000000e+02,2.320000000000000000e+02,1.927990000000000000e+07
2.011112800000000000e+07,2.360000000000000000e+02,2.603999938964843750e+02,2.338999938964843750e+02,2.566000000000000227e+02,2.764050000000000000e+07
2.011120500000000000e+07,2.580000000000000000e+02,2.580000000000000000e+02,2.485000000000000000e+02,2.511999999999999886e+02,1.389370000000000000e+07
2.011121200000000000e+07,2.509000000000000057e+02,2.587999877929687500e+02,2.469010009765625000e+02,2.578000000000000114e+02,2.012360000000000000e+07
2.011121900000000000e+07,2.568000000000000114e+02,2.668999938964843750e+02,2.551000061035156250e+02,2.645000000000000000e+02,1.450160000000000000e+07
2.011122600000000000e+07,2.645000000000000000e+02,2.722000122070312500e+02,2.600000000000000000e+02,2.718000000000000114e+02,3.921100000000000000e+06
2.012010200000000000e+07,2.718000000000000114e+02,2.795000000000000000e+02,2.663999938964843750e+02,2.726999999999999886e+02,1.134940000000000000e+07
2.012010900000000000e+07,2.731000000000000227e+02,2.780000000000000000e+02,2.668999938964843750e+02,2.698999999999999773e+02,1.413370000000000000e+07
2.012011600000000000e+07,2.686999999999999886e+02,2.761000061035156250e+02,2.632999877929687500e+02,2.713999999999999773e+02,1.918730000000000000e+07
2.012012300000000000e+07,2.718999999999999773e+02,2.730000000000000000e+02,2.672999877929687500e+02,2.711000000000000227e+02,1.341670000000000000e+07
2.012013000000000000e+07,2.701000000000000227e+02,2.740000000000000000e+02,2.677000122070312500e+02,2.740000000000000000e+02,1.575100000000000000e+07
2.012020600000000000e+07,2.741000000000000227e+02,2.822000122070312500e+02,2.713999938964843750e+02,2.796000000000000227e+02,1.195990000000000000e+07
2.012021300000000000e+07,2.808000000000000114e+02,2.871000061035156250e+02,2.771000061035156250e+02,2.801000000000000227e+02,1.291020000000000000e+07
2.012022000000000000e+07,2.816999999999999886e+02,2.878999938964843750e+02,2.780000000000000000e+02,2.868999999999999773e+02,1.433410000000000000e+07
2.012022700000000000e+07,2.868999999999999773e+02,2.922999877929687500e+02,2.837000122070312500e+02,2.886999999999999886e+02,1.179940000000000000e+07
2.012030500000000000e+07,2.875000000000000000e+02,2.933999938964843750e+02,2.805000000000000000e+02,2.921000000000000227e+02,1.272970000000000000e+07
2.012031200000000000e+07,2.928000000000000114e+02,2.927999877929687500e+02,2.750000000000000000e+02,2.763000000000000114e+02,3.540410000000000000e+07
2.012031900000000000e+07,2.775000000000000000e+02,2.775000000000000000e+02,2.680000000000000000e+02,2.730000000000000000e+02,1.974670000000000000e+07
2.012032600000000000e+07,2.743000000000000114e+02,2.796000061035156250e+02,2.725000000000000000e+02,2.725000000000000000e+02,2.198940000000000000e+07
2.012040200000000000e+07,2.730000000000000000e+02,2.771000061035156250e+02,2.662000122070312500e+02,2.696000000000000227e+02,1.836970000000000000e+07
2.012040900000000000e+07,2.696000000000000227e+02,2.865000000000000000e+02,2.657000122070312500e+02,2.835000000000000000e+02,2.448040000000000000e+07
2.012041600000000000e+07,2.820000000000000000e+02,2.898999938964843750e+02,2.818099975585937500e+02,2.898999999999999773e+02,2.140490000000000000e+07
2.012042300000000000e+07,2.893999999999999773e+02,2.893999938964843750e+02,2.768999938964843750e+02,2.841999999999999886e+02,1.777860000000000000e+07
2.012043000000000000e+07,2.851999999999999886e+02,2.855000000000000000e+02,2.720000000000000000e+02,2.733999999999999773e+02,1.248180000000000000e+07
2.012050700000000000e+07,2.733999999999999773e+02,2.757000122070312500e+02,2.591000061035156250e+02,2.671999999999999886e+02,1.706260000000000000e+07
2.012051400000000000e+07,2.658000000000000114e+02,2.811000061035156250e+02,2.635000000000000000e+02,2.710000000000000000e+02,2.445380000000000000e+07
2.012052100000000000e+07,2.705000000000000000e+02,2.767000122070312500e+02,2.686000061035156250e+02,2.758999999999999773e+02,1.529270000000000000e+07
2.012052800000000000e+07,2.760000000000000000e+02,2.822000122070312500e+02,2.703999938964843750e+02,2.720000000000000000e+02,1.664020000000000000e+07
2.012060400000000000e+07,2.720000000000000000e+02,2.798999938964843750e+02,2.712000122070312500e+02,2.760000000000000000e+02,1.116870000000000000e+07
2.012061100000000000e+07,2.801000000000000227e+02,2.802999877929687500e+02,2.713999938964843750e+02,2.730000000000000000e+02,2.460040000000000000e+07
2.012061800000000000e+07,2.768000000000000114e+02,2.836000061035156250e+02,2.720000000000000000e+02,2.763999999999999773e+02,1.357320000000000000e+07
2.012062500000000000e+07,2.761999999999999886e+02,2.818999938964843750e+02,2.730000000000000000e+02,2.791000000000000227e+02,1.558860000000000000e+07
2.012070200000000000e+07,2.798999999999999773e+02,2.916000061035156250e+02,2.796000061035156250e+02,2.903000000000000114e+02,1.308780000000000000e+07
2.012070900000000000e+07,2.906999999999999886e+02,2.907999877929687500e+02,2.723999938964843750e+02,2.786999999999999886e+02,2.636830000000000000e+07
2.012071600000000000e+07,2.660000000000000000e+02,2.663999938964843750e+02,2.383000030517578125e+02,2.418000000000000114e+02,9.205590400000000000e+07
2.012072300000000000e+07,2.395999999999999943e+02,2.470000000000000000e+02,2.373000030517578125e+02,2.451999999999999886e+02,3.079260000000000000e+07
2.012073000000000000e+07,2.459000000000000057e+02,2.573999938964843750e+02,2.445019989013671875e+02,2.568999999999999773e+02,2.154090000000000000e+07
2.012080600000000000e+07,2.565000000000000000e+02,2.636270141601562500e+02,2.548000030517578125e+02,2.625000000000000000e+02,1.555680000000000000e+07
2.012081300000000000e+07,2.623000000000000114e+02,2.687999877929687500e+02,2.605000000000000000e+02,2.681000000000000227e+02,1.939350000000000000e+07
2.012082000000000000e+07,2.681999999999999886e+02,2.712999877929687500e+02,2.642999877929687500e+02,2.661999999999999886e+02,1.305380000000000000e+07
2.012082700000000000e+07,2.661999999999999886e+02,2.662000122070312500e+02,2.528000030517578125e+02,2.530000000000000000e+02,1.900610000000000000e+07
2.012090300000000000e+07,2.536999999999999886e+02,2.587000122070312500e+02,2.505000000000000000e+02,2.585000000000000000e+02,1.310960000000000000e+07
2.012091000000000000e+07,2.581000000000000227e+02,2.620000000000000000e+02,2.523000030517578125e+02,2.610000000000000000e+02,1.646540000000000000e+07
2.012091700000000000e+07,2.613999999999999773e+02,2.692000122070312500e+02,2.606000061035156250e+02,2.686000000000000227e+02,2.441680000000000000e+07
2.012092400000000000e+07,2.668000000000000114e+02,2.695000000000000000e+02,2.602999877929687500e+02,2.656999999999999886e+02,1.964560000000000000e+07
2.012100100000000000e+07,2.660000000000000000e+02,2.710000000000000000e+02,2.633999938964843750e+02,2.685000000000000000e+02,1.630720000000000000e+07
2.012100800000000000e+07,2.673999999999999773e+02,2.692999877929687500e+02,2.623999938964843750e+02,2.638000000000000114e+02,1.123560000000000000e+07
2.012101500000000000e+07,2.640000000000000000e+02,2.682000122070312500e+02,2.637179870605468750e+02,2.640000000000000000e+02,1.639900000000000000e+07
2.012102200000000000e+07,2.636999999999999886e+02,2.658999938964843750e+02,2.605000000000000000e+02,2.635000000000000000e+02,1.874480000000000000e+07
2.012102900000000000e+07,2.631000000000000227e+02,2.660000000000000000e+02,2.588999938964843750e+02,2.645000000000000000e+02,1.689870000000000000e+07
2.012110500000000000e+07,2.638999999999999773e+02,2.735000000000000000e+02,2.486000061035156250e+02,2.534000000000000057e+02,3.791750000000000000e+07
2.012111200000000000e+07,2.501999999999999886e+02,2.523999938964843750e+02,2.438000030517578125e+02,2.440999999999999943e+02,2.546050000000000000e+07
2.012111900000000000e+07,2.421999999999999886e+02,2.478999938964843750e+02,2.403999938964843750e+02,2.470999999999999943e+02,2.061720000000000000e+07
2.012112600000000000e+07,2.470000000000000000e+02,2.498000030517578125e+02,2.428999938964843750e+02,2.471999999999999886e+02,2.461850000000000000e+07
2.012120300000000000e+07,2.480000000000000000e+02,2.543000030517578125e+02,2.471000061035156250e+02,2.491999999999999886e+02,1.593610000000000000e+07
2.012121000000000000e+07,2.485000000000000000e+02,2.562369995117187500e+02,2.471000061035156250e+02,2.525000000000000000e+02,1.116430000000000000e+07
2.012121700000000000e+07,2.511999999999999886e+02,2.638999938964843750e+02,2.491000061035156250e+02,2.601000000000000227e+02,1.907900000000000000e+07
2.012122400000000000e+07,2.606000000000000227e+02,2.615000000000000000e+02,2.556999969482421875e+02,2.571999999999999886e+02,2.521300000000000000e+06
2.012123100000000000e+07,2.556999999999999886e+02,2.657799987792968750e+02,2.546000061035156250e+02,2.643000000000000114e+02,6.616400000000000000e+06
2.013010700000000000e+07,2.640000000000000000e+02,2.688999938964843750e+02,2.612000122070312500e+02,2.676999999999999886e+02,1.390280000000000000e+07
2.013011400000000000e+07,2.738999999999999773e+02,2.771000061035156250e+02,2.662999877929687500e+02,2.738000000000000114e+02,1.551690000000000000e+07
2.013012100000000000e+07,2.748999999999999773e+02,2.782999877929687500e+02,2.722000122070312500e+02,2.768999999999999773e+02,1.036190000000000000e+07
2.013012800000000000e+07,2.765000000000000000e+02,2.832000122070312500e+02,2.680000000000000000e+02,2.828000000000000114e+02,1.994180000000000000e+07
2.013020400000000000e+07,2.825000000000000000e+02,2.832000122070312500e+02,2.751000061035156250e+02,2.793999999999999773e+02,1.198330000000000000e+07
2.013021100000000000e+07,2.796000000000000227e+02,2.862000122070312500e+02,2.780000000000000000e+02,2.848000000000000114e+02,1.294250000000000000e+07
2.013021800000000000e+07,2.850000000000000000e+02,2.952999877929687500e+02,2.756000061035156250e+02,2.871000000000000227e+02,1.480360000000000000e+07
2.013022500000000000e+07,2.868000000000000114e+02,2.950000000000000000e+02,2.808999938964843750e+02,2.950000000000000000e+02,1.221620000000000000e+07
2.013030400000000000e+07,2.938000000000000114e+02,3.009519958496093750e+02,2.912000122070312500e+02,3.005000000000000000e+02,1.155210000000000000e+07
2.013031100000000000e+07,2.996999999999999886e+02,3.105000000000000000e+02,2.943999938964843750e+02,2.983000000000000114e+02,2.872780000000000000e+07
2.013031800000000000e+07,2.930000000000000000e+02,2.992999877929687500e+02,2.873999938964843750e+02,2.921000000000000227e+02,1.805220000000000000e+07
2.013032500000000000e+07,2.935000000000000000e+02,2.958999938964843750e+02,2.865000000000000000e+02,2.913999999999999773e+02,1.377940000000000000e+07
2.013040100000000000e+07,2.913999999999999773e+02,2.972000122070312500e+02,2.867999877929687500e+02,2.876999999999999886e+02,1.142200000000000000e+07
2.013040800000000000e+07,2.891000000000000227e+02,2.990000000000000000e+02,2.878999938964843750e+02,2.975000000000000000e+02,1.262660000000000000e+07
2.013041500000000000e+07,2.975000000000000000e+02,3.023999938964843750e+02,2.945000000000000000e+02,3.018999999999999773e+02,2.376110000000000000e+07
2.013042200000000000e+07,3.026000000000000227e+02,3.152999877929687500e+02,3.020000000000000000e+02,3.121999999999999886e+02,1.680340000000000000e+07
2.013042900000000000e+07,3.118000000000000114e+02,3.157999877929687500e+02,2.990000000000000000e+02,3.055000000000000000e+02,1.434460000000000000e+07
2.013050600000000000e+07,3.055000000000000000e+02,3.055000000000000000e+02,2.466000061035156250e+02,2.476999999999999886e+02,6.346690000000000000e+07
2.013051300000000000e+07,2.481999999999999886e+02,2.600000000000000000e+02,2.470000000000000000e+02,2.490999999999999943e+02,3.983570000000000000e+07
2.013052000000000000e+07,2.494000000000000057e+02,2.613999938964843750e+02,2.436000061035156250e+02,2.465999999999999943e+02,3.949700000000000000e+07
2.013052700000000000e+07,2.465999999999999943e+02,2.515000000000000000e+02,2.443000030517578125e+02,2.465999999999999943e+02,2.699490000000000000e+07
2.013060300000000000e+07,2.455999999999999943e+02,2.496999969482421875e+02,2.430000000000000000e+02,2.445999999999999943e+02,2.687150000000000000e+07
2.013061000000000000e+07,2.440000000000000000e+02,2.451999969482421875e+02,2.341000061035156250e+02,2.418000000000000114e+02,3.200850000000000000e+07
2.013061700000000000e+07,2.424000000000000057e+02,2.451000061035156250e+02,2.320000000000000000e+02,2.320000000000000000e+02,6.986100000000000000e+07
2.013062400000000000e+07,2.323000000000000114e+02,2.431999969482421875e+02,2.301000061035156250e+02,2.304000000000000057e+02,5.376520000000000000e+07
2.013070100000000000e+07,2.318000000000000114e+02,2.353999938964843750e+02,2.238999938964843750e+02,2.263000000000000114e+02,2.664310000000000000e+07
2.013070800000000000e+07,2.276999999999999886e+02,2.300000000000000000e+02,2.061999969482421875e+02,2.095000000000000000e+02,3.664620000000000000e+07
2.013071500000000000e+07,2.056999999999999886e+02,2.177700042724609375e+02,2.036000061035156250e+02,2.169000000000000057e+02,3.023710000000000000e+07
2.013072200000000000e+07,2.160000000000000000e+02,2.256000061035156250e+02,2.155350036621093750e+02,2.229000000000000057e+02,1.755400000000000000e+07
2.013072900000000000e+07,2.230000000000000000e+02,2.286000061035156250e+02,2.223000030517578125e+02,2.273000000000000114e+02,1.270930000000000000e+07
2.013080500000000000e+07,2.276999999999999886e+02,2.356000061035156250e+02,2.258000030517578125e+02,2.355000000000000000e+02,1.385050000000000000e+07
2.013081200000000000e+07,2.358000000000000114e+02,2.535000000000000000e+02,2.338999938964843750e+02,2.495000000000000000e+02,2.761220000000000000e+07
2.013081900000000000e+07,2.499000000000000057e+02,2.511000061035156250e+02,2.411999969482421875e+02,2.458000000000000114e+02,1.636990000000000000e+07
2.013082600000000000e+07,2.458000000000000114e+02,2.600000000000000000e+02,2.353999938964843750e+02,2.600000000000000000e+02,5.826020000000000000e+07
2.013090200000000000e+07,2.611000000000000227e+02,2.627999877929687500e+02,2.523000030517578125e+02,2.576999999999999886e+02,2.899100000000000000e+07
2.013090900000000000e+07,2.576999999999999886e+02,2.610000000000000000e+02,2.521000061035156250e+02,2.570000000000000000e+02,2.313380000000000000e+07
2.013091600000000000e+07,2.586999999999999886e+02,2.598299865722656250e+02,2.481999969482421875e+02,2.493000000000000114e+02,2.501680000000000000e+07
2.013092300000000000e+07,2.500000000000000000e+02,2.548999938964843750e+02,2.451999969482421875e+02,2.539000000000000057e+02,1.836380000000000000e+07
2.013093000000000000e+07,2.531999999999999886e+02,2.567000122070312500e+02,2.516000061035156250e+02,2.526999999999999886e+02,2.346380000000000000e+07
2.013100700000000000e+07,2.519000000000000057e+02,2.526000061035156250e+02,2.358999938964843750e+02,2.430000000000000000e+02,1.800610000000000000e+07
2.013101400000000000e+07,2.425000000000000000e+02,2.457500000000000000e+02,2.376000061035156250e+02,2.420000000000000000e+02,1.856730000000000000e+07
2.013102100000000000e+07,2.470000000000000000e+02,2.635000000000000000e+02,2.450000000000000000e+02,2.585000000000000000e+02,1.708240000000000000e+07
2.013102800000000000e+07,2.641000000000000227e+02,2.646000061035156250e+02,2.543999938964843750e+02,2.548000000000000114e+02,2.400260000000000000e+07
2.013110400000000000e+07,2.553000000000000114e+02,2.605000000000000000e+02,2.450000000000000000e+02,2.591000000000000227e+02,3.724970000000000000e+07
2.013111100000000000e+07,2.595000000000000000e+02,2.601510009765625000e+02,2.543000030517578125e+02,2.545999999999999943e+02,2.154710000000000000e+07
2.013111800000000000e+07,2.539000000000000057e+02,2.652000122070312500e+02,2.538000030517578125e+02,2.636000000000000227e+02,2.538990000000000000e+07
2.013112500000000000e+07,2.633999999999999773e+02,2.648999938964843750e+02,2.598500061035156250e+02,2.611999999999999886e+02,1.160290000000000000e+07
2.013120200000000000e+07,2.616000000000000227e+02,2.630000000000000000e+02,2.561000061035156250e+02,2.628000000000000114e+02,1.845490000000000000e+07
2.013120900000000000e+07,2.625000000000000000e+02,2.642000122070312500e+02,2.550000000000000000e+02,2.558000000000000114e+02,1.349260000000000000e+07
2.013121600000000000e+07,2.550000000000000000e+02,2.572000122070312500e+02,2.430500030517578125e+02,2.489000000000000057e+02,2.456330000000000000e+07
2.013122300000000000e+07,2.483000000000000114e+02,2.603999938964843750e+02,2.482810058593750000e+02,2.598999999999999773e+02,5.145200000000000000e+06
2.013123000000000000e+07,2.600000000000000000e+02,2.658999938964843750e+02,2.585000000000000000e+02,2.601999999999999886e+02,7.606900000000000000e+06
2.014010600000000000e+07,2.596000000000000227e+02,2.602000122070312500e+02,2.486000061035156250e+02,2.506999999999999886e+02,2.265210000000000000e+07
2.014011300000000000e+07,2.480999999999999943e+02,2.596000061035156250e+02,2.466999969482421875e+02,2.591000000000000227e+02,2.326400000000000000e+07
2.014012000000000000e+07,2.591000000000000227e+02,2.613999938964843750e+02,2.518000030517578125e+02,2.530000000000000000e+02,1.439790000000000000e+07
2.014012700000000000e+07,2.535999999999999943e+02,2.536999969482421875e+02,2.350000000000000000e+02,2.388000000000000114e+02,3.106520000000000000e+07
2.014020300000000000e+07,2.386999999999999886e+02,2.410000000000000000e+02,2.296999969482421875e+02,2.350999999999999943e+02,3.230000000000000000e+07
2.014021000000000000e+07,2.350999999999999943e+02,2.353560028076171875e+02,2.261000061035156250e+02,2.315000000000000000e+02,3.237190000000000000e+07
2.014021700000000000e+07,2.313000000000000114e+02,2.373999938964843750e+02,2.298079986572265625e+02,2.366999999999999886e+02,1.856580000000000000e+07
2.014022400000000000e+07,2.310000000000000000e+02,2.386999969482421875e+02,2.308000030517578125e+02,2.374000000000000057e+02,1.845920000000000000e+07
2.014030300000000000e+07,2.351999999999999886e+02,2.443000030517578125e+02,2.295000000000000000e+02,2.439000000000000057e+02,1.835150000000000000e+07
2.014031000000000000e+07,2.438000000000000114e+02,2.481999969482421875e+02,2.253999938964843750e+02,2.294000000000000057e+02,5.101230000000000000e+07
2.014031700000000000e+07,2.293000000000000114e+02,2.420000000000000000e+02,2.293000030517578125e+02,2.390999999999999943e+02,2.565510000000000000e+07
2.014032400000000000e+07,2.385000000000000000e+02,2.401999969482421875e+02,2.316929931640625000e+02,2.379000000000000057e+02,4.679110000000000000e+07
2.014033100000000000e+07,2.389000000000000057e+02,2.503999938964843750e+02,2.386000061035156250e+02,2.503000000000000114e+02,2.783780000000000000e+07
2.014040700000000000e+07,2.480999999999999943e+02,2.508999938964843750e+02,2.425000000000000000e+02,2.464000000000000057e+02,2.209970000000000000e+07
2.014041400000000000e+07,2.450999999999999943e+02,2.485000000000000000e+02,2.371999969482421875e+02,2.420999999999999943e+02,1.556840000000000000e+07
2.014042100000000000e+07,2.420999999999999943e+02,2.461999969482421875e+02,2.386000061035156250e+02,2.420000000000000000e+02,1.651520000000000000e+07
2.014042800000000000e+07,2.414000000000000057e+02,2.420000000000000000e+02,2.310000000000000000e+02,2.380000000000000000e+02,2.486510000000000000e+07
2.014050500000000000e+07,2.380000000000000000e+02,2.513000030517578125e+02,2.370000000000000000e+02,2.481999999999999886e+02,2.081220000000000000e+07
2.014051200000000000e+07,2.493000000000000114e+02,2.582000122070312500e+02,2.481000061035156250e+02,2.581999999999999886e+02,2.367110000000000000e+07
2.014051900000000000e+07,2.588999999999999773e+02,2.623999938964843750e+02,2.511000061035156250e+02,2.515000000000000000e+02,2.240180000000000000e+07
2.014052600000000000e+07,2.515000000000000000e+02,2.543000030517578125e+02,2.498000030517578125e+02,2.500000000000000000e+02,1.377310000000000000e+07
2.014060200000000000e+07,2.511999999999999886e+02,2.525000000000000000e+02,2.445000000000000000e+02,2.500000000000000000e+02,1.795080000000000000e+07
2.014060900000000000e+07,2.498000000000000114e+02,2.572999877929687500e+02,2.493999938964843750e+02,2.570000000000000000e+02,1.424460000000000000e+07
2.014061600000000000e+07,2.566999999999999886e+02,2.665000000000000000e+02,2.541999969482421875e+02,2.628000000000000114e+02,3.019830000000000000e+07
2.014062300000000000e+07,2.621000000000000227e+02,2.641000061035156250e+02,2.513000030517578125e+02,2.536999999999999886e+02,1.534340000000000000e+07
2.014063000000000000e+07,2.535999999999999943e+02,2.627770080566406250e+02,2.515000000000000000e+02,2.621000000000000227e+02,1.489140000000000000e+07
2.014070700000000000e+07,2.606999999999999886e+02,2.642999877929687500e+02,2.511999969482421875e+02,2.551999999999999886e+02,1.741320000000000000e+07
2.014071400000000000e+07,2.555000000000000000e+02,2.612000122070312500e+02,2.540000000000000000e+02,2.568999999999999773e+02,1.190730000000000000e+07
2.014072100000000000e+07,2.566999999999999886e+02,2.618999938964843750e+02,2.553110046386718750e+02,2.573000000000000114e+02,1.059070000000000000e+07
2.014072800000000000e+07,2.575000000000000000e+02,2.602000122070312500e+02,2.476999969482421875e+02,2.511999999999999886e+02,1.622320000000000000e+07
2.014080400000000000e+07,2.514000000000000057e+02,2.573999938964843750e+02,2.471999969482421875e+02,2.540999999999999943e+02,1.701010000000000000e+07
2.014081100000000000e+07,2.550999999999999943e+02,2.743999938964843750e+02,2.545000000000000000e+02,2.636999999999999886e+02,5.035190000000000000e+07
2.014081800000000000e+07,2.641000000000000227e+02,2.672000122070312500e+02,2.600000000000000000e+02,2.653999999999999773e+02,3.474480000000000000e+07
2.014082500000000000e+07,2.653999999999999773e+02,2.722999877929687500e+02,2.628200073242187500e+02,2.650000000000000000e+02,1.964600000000000000e+07
2.014090100000000000e+07,2.640000000000000000e+02,2.685000000000000000e+02,2.627999877929687500e+02,2.636999999999999886e+02,1.289400000000000000e+07
2.014090800000000000e+07,2.630000000000000000e+02,2.638999938964843750e+02,2.541999969482421875e+02,2.595000000000000000e+02,2.495640000000000000e+07
2.014091500000000000e+07,2.586000000000000227e+02,2.618999938964843750e+02,2.538999938964843750e+02,2.603000000000000114e+02,1.911160000000000000e+07
2.014092200000000000e+07,2.595000000000000000e+02,2.600000000000000000e+02,2.478000030517578125e+02,2.500000000000000000e+02,1.809190000000000000e+07
2.014092900000000000e+07,2.495999999999999943e+02,2.550000000000000000e+02,2.483719940185546875e+02,2.508000000000000114e+02,2.110200000000000000e+07
2.014100600000000000e+07,2.510000000000000000e+02,2.572000122070312500e+02,2.486000061035156250e+02,2.555000000000000000e+02,2.009060000000000000e+07
2.014101300000000000e+07,2.535999999999999943e+02,2.540000000000000000e+02,2.396999969482421875e+02,2.501999999999999886e+02,2.580230000000000000e+07
2.014102000000000000e+07,2.495999999999999943e+02,2.575000000000000000e+02,2.483999938964843750e+02,2.510000000000000000e+02,1.731690000000000000e+07
2.014102700000000000e+07,2.530999999999999943e+02,2.556000061035156250e+02,2.488999938964843750e+02,2.555000000000000000e+02,2.174770000000000000e+07
2.014110300000000000e+07,2.550999999999999943e+02,2.651000061035156250e+02,2.518000030517578125e+02,2.646999999999999886e+02,2.352420000000000000e+07
2.014111000000000000e+07,2.640000000000000000e+02,2.780000000000000000e+02,2.591000061035156250e+02,2.715000000000000000e+02,3.235320000000000000e+07
2.014111700000000000e+07,2.703000000000000114e+02,2.730000000000000000e+02,2.685000000000000000e+02,2.700000000000000000e+02,1.749290000000000000e+07
2.014112400000000000e+07,2.700000000000000000e+02,2.772999877929687500e+02,2.682999877929687500e+02,2.763999999999999773e+02,2.051540000000000000e+07
2.014120100000000000e+07,2.756000000000000227e+02,2.802000122070312500e+02,2.727000122070312500e+02,2.761000000000000227e+02,1.575310000000000000e+07
2.014120800000000000e+07,2.758999999999999773e+02,2.827000122070312500e+02,2.710000000000000000e+02,2.710000000000000000e+02,2.274420000000000000e+07
2.014121500000000000e+07,2.708999999999999773e+02,2.785000000000000000e+02,2.657999877929687500e+02,2.758999999999999773e+02,3.038610000000000000e+07
2.014122200000000000e+07,2.773000000000000114e+02,2.807999877929687500e+02,2.725000000000000000e+02,2.786000000000000227e+02,8.084200000000000000e+06
2.014122900000000000e+07,2.748999999999999773e+02,2.840000000000000000e+02,2.728999938964843750e+02,2.736999999999999886e+02,5.608600000000000000e+06
2.015010500000000000e+07,2.725000000000000000e+02,2.772000122070312500e+02,2.695000000000000000e+02,2.718999999999999773e+02,1.711470000000000000e+07
2.015011200000000000e+07,2.721000000000000227e+02,2.798999938964843750e+02,2.693999938964843750e+02,2.795000000000000000e+02,2.895430000000000000e+07
2.015011900000000000e+07,2.790000000000000000e+02,2.871530151367187500e+02,2.790000000000000000e+02,2.871000000000000227e+02,1.875720000000000000e+07
2.015012600000000000e+07,2.865000000000000000e+02,2.892399902343750000e+02,2.782770080566406250e+02,2.851999999999999886e+02,1.298910000000000000e+07
2.015020200000000000e+07,2.851999999999999886e+02,2.867999877929687500e+02,2.779639892578125000e+02,2.826999999999999886e+02,1.518990000000000000e+07
2.015020900000000000e+07,2.828999999999999773e+02,2.865000000000000000e+02,2.783999938964843750e+02,2.858000000000000114e+02,1.429100000000000000e+07
2.015021600000000000e+07,2.853000000000000114e+02,2.862000122070312500e+02,2.792999877929687500e+02,2.838999999999999773e+02,1.596280000000000000e+07
2.015022300000000000e+07,2.845000000000000000e+02,3.007000122070312500e+02,2.837999877929687500e+02,2.980000000000000000e+02,1.640460000000000000e+07
2.015030200000000000e+07,2.980000000000000000e+02,3.017640075683593750e+02,2.933999938964843750e+02,2.953000000000000114e+02,1.799840000000000000e+07
2.015030900000000000e+07,2.950000000000000000e+02,3.015000000000000000e+02,2.847999877929687500e+02,2.923999999999999773e+02,3.076360000000000000e+07
2.015031600000000000e+07,2.928000000000000114e+02,3.010000000000000000e+02,2.892999877929687500e+02,2.996999999999999886e+02,1.922130000000000000e+07
2.015032300000000000e+07,2.996000000000000227e+02,3.017999877929687500e+02,2.908999938964843750e+02,2.923999999999999773e+02,1.449170000000000000e+07
2.015033000000000000e+07,2.943999999999999773e+02,2.998999938964843750e+02,2.910000000000000000e+02,2.988000000000000114e+02,1.431710000000000000e+07
2.015040600000000000e+07,2.988000000000000114e+02,3.096000061035156250e+02,2.987999877929687500e+02,3.088000000000000114e+02,1.599320000000000000e+07
2.015041300000000000e+07,3.081999999999999886e+02,3.087000122070312500e+02,2.965000000000000000e+02,2.981999999999999886e+02,2.177560000000000000e+07
2.015042000000000000e+07,2.986999999999999886e+02,3.056000061035156250e+02,2.946000061035156250e+02,3.036000000000000227e+02,1.958250000000000000e+07
2.015042700000000000e+07,3.036999999999999886e+02,3.052000122070312500e+02,2.882999877929687500e+02,2.916000000000000227e+02,2.134310000000000000e+07
2.015050400000000000e+07,2.916000000000000227e+02,3.040000000000000000e+02,2.800000000000000000e+02,2.938000000000000114e+02,2.008100000000000000e+07
2.015051100000000000e+07,2.925000000000000000e+02,2.962999877929687500e+02,2.882000122070312500e+02,2.933999999999999773e+02,1.463490000000000000e+07
2.015051800000000000e+07,2.941000000000000227e+02,2.997999877929687500e+02,2.930000000000000000e+02,2.985000000000000000e+02,1.806140000000000000e+07
2.015052500000000000e+07,2.985000000000000000e+02,3.069800109863281250e+02,2.966000061035156250e+02,2.981999999999999886e+02,2.225780000000000000e+07
2.015060100000000000e+07,2.986000000000000227e+02,2.998999938964843750e+02,2.872000122070312500e+02,2.876000000000000227e+02,1.709100000000000000e+07
2.015060800000000000e+07,2.871000000000000227e+02,2.943359985351562500e+02,2.865000000000000000e+02,2.891000000000000227e+02,1.590850000000000000e+07
2.015061500000000000e+07,2.876999999999999886e+02,2.885000000000000000e+02,2.741000061035156250e+02,2.811999999999999886e+02,1.816850000000000000e+07
2.015062200000000000e+07,2.838000000000000114e+02,2.873999938964843750e+02,2.787999877929687500e+02,2.788000000000000114e+02,1.191740000000000000e+07
2.015062900000000000e+07,2.723999999999999773e+02,2.777000122070312500e+02,2.666000061035156250e+02,2.675000000000000000e+02,2.318360000000000000e+07
2.015070600000000000e+07,2.656999999999999886e+02,2.720000000000000000e+02,2.615000000000000000e+02,2.718000000000000114e+02,1.695360000000000000e+07
2.015071300000000000e+07,2.735000000000000000e+02,2.750000000000000000e+02,2.700000000000000000e+02,2.726999999999999886e+02,1.516740000000000000e+07
2.015072000000000000e+07,2.723999999999999773e+02,2.745000000000000000e+02,2.663999938964843750e+02,2.680000000000000000e+02,1.249780000000000000e+07
2.015072700000000000e+07,2.668000000000000114e+02,2.748999938964843750e+02,2.667699890136718750e+02,2.746999999999999886e+02,1.592980000000000000e+07
2.015080300000000000e+07,2.733000000000000114e+02,2.773999938964843750e+02,2.722000122070312500e+02,2.723999999999999773e+02,1.445970000000000000e+07
2.015081000000000000e+07,2.738000000000000114e+02,2.743999938964843750e+02,2.531000061035156250e+02,2.568999999999999773e+02,3.517740000000000000e+07
2.015081700000000000e+07,2.588000000000000114e+02,2.595000000000000000e+02,2.525000000000000000e+02,2.525000000000000000e+02,2.510830000000000000e+07
2.015082400000000000e+07,2.460999999999999943e+02,2.578999938964843750e+02,2.426000061035156250e+02,2.565000000000000000e+02,3.947590000000000000e+07
2.015083100000000000e+07,2.565000000000000000e+02,2.565000000000000000e+02,2.400000000000000000e+02,2.421999999999999886e+02,1.874310000000000000e+07
2.015090700000000000e+07,2.443000000000000114e+02,2.501000061035156250e+02,2.420000000000000000e+02,2.433000000000000114e+02,1.530140000000000000e+07
2.015091400000000000e+07,2.440000000000000000e+02,2.458000030517578125e+02,2.363000030517578125e+02,2.370999999999999943e+02,1.877520000000000000e+07
2.015092100000000000e+07,2.368000000000000114e+02,2.395000000000000000e+02,2.303009948730468750e+02,2.336999999999999886e+02,1.558730000000000000e+07
2.015092800000000000e+07,2.340000000000000000e+02,2.388000030517578125e+02,2.261999969482421875e+02,2.380999999999999943e+02,1.671820000000000000e+07
2.015100500000000000e+07,2.410999999999999943e+02,2.595000000000000000e+02,2.408800048828125000e+02,2.593999999999999773e+02,2.153950000000000000e+07
2.015101200000000000e+07,2.598999999999999773e+02,2.598999938964843750e+02,2.433999938964843750e+02,2.466999999999999886e+02,1.834180000000000000e+07
2.015101900000000000e+07,2.455999999999999943e+02,2.510000000000000000e+02,2.431999969482421875e+02,2.510000000000000000e+02,1.242030000000000000e+07
2.015102600000000000e+07,2.500000000000000000e+02,2.505000000000000000e+02,2.411000061035156250e+02,2.426999999999999886e+02,1.381020000000000000e+07
2.015110200000000000e+07,2.423000000000000114e+02,2.523999938964843750e+02,2.423000030517578125e+02,2.479000000000000057e+02,1.640770000000000000e+07
2.015110900000000000e+07,2.485999999999999943e+02,2.496000061035156250e+02,2.220000000000000000e+02,2.275999999999999943e+02,1.861340000000000000e+07
2.015111600000000000e+07,2.270000000000000000e+02,2.346000061035156250e+02,2.173000030517578125e+02,2.190000000000000000e+02,3.367110000000000000e+07
2.015112300000000000e+07,2.179000000000000057e+02,2.238000030517578125e+02,2.138999938964843750e+02,2.234000000000000057e+02,3.396920000000000000e+07
2.015113000000000000e+07,2.229000000000000057e+02,2.363000030517578125e+02,2.228999938964843750e+02,2.328000000000000114e+02,4.553650000000000000e+07
2.015120700000000000e+07,2.338000000000000114e+02,2.343000030517578125e+02,2.140000000000000000e+02,2.140000000000000000e+02,2.429860000000000000e+07
2.015121400000000000e+07,2.120000000000000000e+02,2.216999969482421875e+02,2.113999938964843750e+02,2.175000000000000000e+02,5.113860000000000000e+07
2.015122100000000000e+07,2.171999999999999886e+02,2.298999938964843750e+02,2.165000000000000000e+02,2.288000000000000114e+02,1.439320000000000000e+07
2.016010400000000000e+07,2.238000000000000114e+02,2.256000061035156250e+02,2.153000030517578125e+02,2.188000000000000114e+02,2.068990000000000000e+07
2.016011100000000000e+07,2.170999999999999943e+02,2.256000061035156250e+02,2.135000000000000000e+02,2.158000000000000114e+02,2.620670000000000000e+07
2.016011800000000000e+07,2.158000000000000114e+02,2.208999938964843750e+02,2.086999969482421875e+02,2.200999999999999943e+02,2.429210000000000000e+07
2.016012500000000000e+07,2.209000000000000057e+02,2.268000030517578125e+02,2.120000000000000000e+02,2.268000000000000114e+02,2.264530000000000000e+07
2.016020100000000000e+07,2.284000000000000057e+02,2.298999938964843750e+02,2.018000030517578125e+02,2.094000000000000057e+02,2.339690000000000000e+07
2.016020800000000000e+07,2.076999999999999886e+02,2.076999969482421875e+02,1.878999938964843750e+02,2.000999999999999943e+02,4.029530000000000000e+07
2.016021500000000000e+07,2.043000000000000114e+02,2.061999969482421875e+02,1.956000061035156250e+02,1.993000000000000114e+02,2.460610000000000000e+07
2.016022200000000000e+07,2.004000000000000057e+02,2.141999969482421875e+02,1.968000030517578125e+02,2.094000000000000057e+02,2.649060000000000000e+07
