2.006052200000000000e+07,2.505000000000000000e+02,2.505000000000000000e+02,2.300000000000000000e+02,2.350000000000000000e+02,3.865000000000000000e+05
2.006052900000000000e+07,2.350000000000000000e+02,2.400000000000000000e+02,2.250000000000000000e+02,2.365000000000000000e+02,1.158000000000000000e+05
2.006060500000000000e+07,2.365000000000000000e+02,2.380000000000000000e+02,2.300000000000000000e+02,2.340000000000000000e+02,4.820000000000000000e+04
2.006061200000000000e+07,2.340000000000000000e+02,2.340000000000000000e+02,2.280000000000000000e+02,2.320000000000000000e+02,1.740000000000000000e+04
2.006061900000000000e+07,2.320000000000000000e+02,2.340000000000000000e+02,2.300000000000000000e+02,2.320000000000000000e+02,1.400000000000000000e+03
2.006062600000000000e+07,2.320000000000000000e+02,2.325000000000000000e+02,2.295000000000000000e+02,2.295000000000000000e+02,3.600000000000000000e+03
2.006070300000000000e+07,2.295000000000000000e+02,2.303750000000000000e+02,2.290000000000000000e+02,2.290000000000000000e+02,1.320000000000000000e+04
2.006071000000000000e+07,2.290000000000000000e+02,2.290000000000000000e+02,2.230000000000000000e+02,2.230000000000000000e+02,3.460000000000000000e+04
2.006071700000000000e+07,1.925000000000000000e+02,2.150000000000000000e+02,1.600000000000000000e+02,1.730000000000000000e+02,1.896000000000000000e+05
2.006072400000000000e+07,1.730000000000000000e+02,1.730000000000000000e+02,1.680000000000000000e+02,1.695000000000000000e+02,2.070000000000000000e+04
2.006073100000000000e+07,1.695000000000000000e+02,1.700000000000000000e+02,1.650000000000000000e+02,1.695000000000000000e+02,1.230000000000000000e+04
2.006080700000000000e+07,1.695000000000000000e+02,1.760000000000000000e+02,1.650000000000000000e+02,1.740000000000000000e+02,2.960000000000000000e+04
2.006081400000000000e+07,1.740000000000000000e+02,1.770000000000000000e+02,1.700000000000000000e+02,1.740000000000000000e+02,2.090000000000000000e+04
2.006082100000000000e+07,1.750000000000000000e+02,1.750000000000000000e+02,1.640000000000000000e+02,1.695000000000000000e+02,2.340000000000000000e+04
2.006082800000000000e+07,1.695000000000000000e+02,1.695000000000000000e+02,1.540000000000000000e+02,1.660000000000000000e+02,0.000000000000000000e+00
2.006090400000000000e+07,1.660000000000000000e+02,1.730000000000000000e+02,1.650000000000000000e+02,1.715000000000000000e+02,0.000000000000000000e+00
2.006091100000000000e+07,1.715000000000000000e+02,1.735000000000000000e+02,1.700000000000000000e+02,1.735000000000000000e+02,0.000000000000000000e+00
2.006091800000000000e+07,1.735000000000000000e+02,1.750000000000000000e+02,1.735000000000000000e+02,1.750000000000000000e+02,0.000000000000000000e+00
2.006092500000000000e+07,1.750000000000000000e+02,1.750000000000000000e+02,1.700000000000000000e+02,1.750000000000000000e+02,0.000000000000000000e+00
2.006100200000000000e+07,1.750000000000000000e+02,1.760000000000000000e+02,1.700000000000000000e+02,1.740000000000000000e+02,0.000000000000000000e+00
2.006100900000000000e+07,1.740000000000000000e+02,1.740000000000000000e+02,1.720000000000000000e+02,1.740000000000000000e+02,0.000000000000000000e+00
2.006101600000000000e+07,1.750000000000000000e+02,1.759199981689453125e+02,1.680000000000000000e+02,1.730000000000000000e+02,0.000000000000000000e+00
2.006102300000000000e+07,1.730000000000000000e+02,1.730000000000000000e+02,1.500000000000000000e+02,1.505000000000000000e+02,0.000000000000000000e+00
2.006103000000000000e+07,1.500000000000000000e+02,1.564199981689453125e+02,1.496999969482421875e+02,1.560000000000000000e+02,0.000000000000000000e+00
2.006110600000000000e+07,1.620000000000000000e+02,1.806999969482421875e+02,1.600000000000000000e+02,1.795000000000000000e+02,0.000000000000000000e+00
2.006111300000000000e+07,1.795000000000000000e+02,1.835000000000000000e+02,1.781000061035156250e+02,1.835000000000000000e+02,0.000000000000000000e+00
2.006112000000000000e+07,1.900000000000000000e+02,2.000000000000000000e+02,1.750000000000000000e+02,1.820000000000000000e+02,0.000000000000000000e+00
2.006112700000000000e+07,1.820000000000000000e+02,1.820000000000000000e+02,1.770000000000000000e+02,1.805000000000000000e+02,0.000000000000000000e+00
2.006120400000000000e+07,1.750000000000000000e+02,1.770000000000000000e+02,1.700000000000000000e+02,1.760000000000000000e+02,0.000000000000000000e+00
2.006121100000000000e+07,1.760000000000000000e+02,1.760000000000000000e+02,1.701699981689453125e+02,1.750000000000000000e+02,0.000000000000000000e+00
2.006121800000000000e+07,1.750000000000000000e+02,1.868000030517578125e+02,1.703999938964843750e+02,1.815000000000000000e+02,0.000000000000000000e+00
2.006122500000000000e+07,1.815000000000000000e+02,1.815000000000000000e+02,1.815000000000000000e+02,1.815000000000000000e+02,0.000000000000000000e+00
2.007010100000000000e+07,1.815000000000000000e+02,1.878119964599609375e+02,1.760000000000000000e+02,1.790000000000000000e+02,0.000000000000000000e+00
2.007010800000000000e+07,1.790000000000000000e+02,1.828000030517578125e+02,1.750000000000000000e+02,1.780000000000000000e+02,0.000000000000000000e+00
2.007011500000000000e+07,1.780000000000000000e+02,1.850000000000000000e+02,1.780000000000000000e+02,1.825000000000000000e+02,0.000000000000000000e+00
2.007012200000000000e+07,1.825000000000000000e+02,1.850000000000000000e+02,1.820000000000000000e+02,1.850000000000000000e+02,0.000000000000000000e+00
2.007012900000000000e+07,1.850000000000000000e+02,1.860000000000000000e+02,1.800000000000000000e+02,1.840000000000000000e+02,0.000000000000000000e+00
2.007020500000000000e+07,1.840000000000000000e+02,1.850000000000000000e+02,1.731730041503906250e+02,1.780000000000000000e+02,0.000000000000000000e+00
2.007021200000000000e+07,1.780000000000000000e+02,1.780000000000000000e+02,1.600000000000000000e+02,1.640000000000000000e+02,0.000000000000000000e+00
2.007021900000000000e+07,1.640000000000000000e+02,1.640000000000000000e+02,1.610000000000000000e+02,1.640000000000000000e+02,0.000000000000000000e+00
2.007022600000000000e+07,1.640000000000000000e+02,1.720000000000000000e+02,1.600000000000000000e+02,1.625000000000000000e+02,0.000000000000000000e+00
2.007030500000000000e+07,1.625000000000000000e+02,1.625000000000000000e+02,1.600000000000000000e+02,1.625000000000000000e+02,0.000000000000000000e+00
2.007031200000000000e+07,1.625000000000000000e+02,1.635000000000000000e+02,1.550000000000000000e+02,1.625000000000000000e+02,0.000000000000000000e+00
2.007031900000000000e+07,1.625000000000000000e+02,1.750000000000000000e+02,1.600000000000000000e+02,1.750000000000000000e+02,0.000000000000000000e+00
2.007032600000000000e+07,1.750000000000000000e+02,1.750000000000000000e+02,1.550000000000000000e+02,1.550000000000000000e+02,0.000000000000000000e+00
2.007040200000000000e+07,1.635000000000000000e+02,1.635000000000000000e+02,1.475000000000000000e+02,1.510000000000000000e+02,0.000000000000000000e+00
2.007040900000000000e+07,1.510000000000000000e+02,1.540000000000000000e+02,1.510000000000000000e+02,1.530000000000000000e+02,0.000000000000000000e+00
2.007041600000000000e+07,1.530000000000000000e+02,1.530000000000000000e+02,1.520000000000000000e+02,1.530000000000000000e+02,0.000000000000000000e+00
2.007042300000000000e+07,1.530000000000000000e+02,1.530000000000000000e+02,1.530000000000000000e+02,1.530000000000000000e+02,0.000000000000000000e+00
2.007043000000000000e+07,1.530000000000000000e+02,1.530000000000000000e+02,1.515000000000000000e+02,1.530000000000000000e+02,0.000000000000000000e+00
2.007050700000000000e+07,1.530000000000000000e+02,1.530000000000000000e+02,1.510000000000000000e+02,1.530000000000000000e+02,0.000000000000000000e+00
2.007051400000000000e+07,1.530000000000000000e+02,1.547500000000000000e+02,1.520000000000000000e+02,1.535000000000000000e+02,0.000000000000000000e+00
2.007052100000000000e+07,1.535000000000000000e+02,1.535000000000000000e+02,1.535000000000000000e+02,1.535000000000000000e+02,0.000000000000000000e+00
2.007052800000000000e+07,1.535000000000000000e+02,1.535000000000000000e+02,1.520000000000000000e+02,1.535000000000000000e+02,0.000000000000000000e+00
2.007060400000000000e+07,1.535000000000000000e+02,1.535000000000000000e+02,1.535000000000000000e+02,1.535000000000000000e+02,0.000000000000000000e+00
2.007061100000000000e+07,1.535000000000000000e+02,1.535000000000000000e+02,1.520000000000000000e+02,1.535000000000000000e+02,0.000000000000000000e+00
2.007061800000000000e+07,1.525000000000000000e+02,1.525000000000000000e+02,1.500000000000000000e+02,1.525000000000000000e+02,0.000000000000000000e+00
2.007062500000000000e+07,1.525000000000000000e+02,1.525000000000000000e+02,1.510000000000000000e+02,1.525000000000000000e+02,0.000000000000000000e+00
2.007070200000000000e+07,1.525000000000000000e+02,1.600000000000000000e+02,1.525000000000000000e+02,1.555000000000000000e+02,0.000000000000000000e+00
2.007070900000000000e+07,1.565000000000000000e+02,1.670000000000000000e+02,1.550000000000000000e+02,1.610000000000000000e+02,0.000000000000000000e+00
2.007071600000000000e+07,1.610000000000000000e+02,1.610000000000000000e+02,1.610000000000000000e+02,1.610000000000000000e+02,0.000000000000000000e+00
2.007072300000000000e+07,1.610000000000000000e+02,1.650000000000000000e+02,1.590000000000000000e+02,1.600000000000000000e+02,0.000000000000000000e+00
2.007073000000000000e+07,1.600000000000000000e+02,1.640000000000000000e+02,1.590000000000000000e+02,1.610000000000000000e+02,0.000000000000000000e+00
2.007080600000000000e+07,1.610000000000000000e+02,1.650000000000000000e+02,1.610000000000000000e+02,1.630000000000000000e+02,0.000000000000000000e+00
2.007081300000000000e+07,1.630000000000000000e+02,1.680000000000000000e+02,1.590000000000000000e+02,1.615000000000000000e+02,0.000000000000000000e+00
2.007082000000000000e+07,1.640000000000000000e+02,1.700000000000000000e+02,1.640000000000000000e+02,1.685000000000000000e+02,0.000000000000000000e+00
2.007082700000000000e+07,1.685000000000000000e+02,1.750000000000000000e+02,1.650000000000000000e+02,1.745000000000000000e+02,0.000000000000000000e+00
2.007090300000000000e+07,1.745000000000000000e+02,1.780000000000000000e+02,1.720000000000000000e+02,1.755000000000000000e+02,0.000000000000000000e+00
2.007091000000000000e+07,1.765000000000000000e+02,1.785000000000000000e+02,1.750000000000000000e+02,1.775000000000000000e+02,0.000000000000000000e+00
2.007091700000000000e+07,1.775000000000000000e+02,1.785000000000000000e+02,1.750000000000000000e+02,1.785000000000000000e+02,0.000000000000000000e+00
2.007092400000000000e+07,1.785000000000000000e+02,1.810000000000000000e+02,1.770000000000000000e+02,1.805000000000000000e+02,0.000000000000000000e+00
2.007100100000000000e+07,1.805000000000000000e+02,1.820000000000000000e+02,1.800000000000000000e+02,1.815000000000000000e+02,0.000000000000000000e+00
2.007100800000000000e+07,1.825000000000000000e+02,1.870000000000000000e+02,1.814499969482421875e+02,1.870000000000000000e+02,0.000000000000000000e+00
2.007101500000000000e+07,1.870000000000000000e+02,1.880000000000000000e+02,1.850000000000000000e+02,1.875000000000000000e+02,0.000000000000000000e+00
2.007102200000000000e+07,1.875000000000000000e+02,1.876880035400390625e+02,1.830000000000000000e+02,1.845000000000000000e+02,0.000000000000000000e+00
2.007102900000000000e+07,1.845000000000000000e+02,1.845000000000000000e+02,1.800000000000000000e+02,1.810000000000000000e+02,0.000000000000000000e+00
2.007110500000000000e+07,1.800000000000000000e+02,1.800000000000000000e+02,1.650000000000000000e+02,1.690000000000000000e+02,0.000000000000000000e+00
2.007111200000000000e+07,1.690000000000000000e+02,1.690000000000000000e+02,1.653999938964843750e+02,1.685000000000000000e+02,0.000000000000000000e+00
2.007111900000000000e+07,1.685000000000000000e+02,1.685000000000000000e+02,1.470000000000000000e+02,1.515000000000000000e+02,0.000000000000000000e+00
2.007112600000000000e+07,1.515000000000000000e+02,1.515000000000000000e+02,1.370000000000000000e+02,1.425000000000000000e+02,0.000000000000000000e+00
2.007120300000000000e+07,1.425000000000000000e+02,1.425000000000000000e+02,1.377500000000000000e+02,1.410000000000000000e+02,0.000000000000000000e+00
2.007121000000000000e+07,1.410000000000000000e+02,1.410000000000000000e+02,1.360000000000000000e+02,1.390000000000000000e+02,0.000000000000000000e+00
2.007121700000000000e+07,1.390000000000000000e+02,1.390000000000000000e+02,1.350000000000000000e+02,1.385000000000000000e+02,0.000000000000000000e+00
2.007122400000000000e+07,1.385000000000000000e+02,1.385000000000000000e+02,1.350000000000000000e+02,1.385000000000000000e+02,0.000000000000000000e+00
2.007123100000000000e+07,1.385000000000000000e+02,1.385000000000000000e+02,1.385000000000000000e+02,1.385000000000000000e+02,0.000000000000000000e+00
2.008010700000000000e+07,1.385000000000000000e+02,1.385000000000000000e+02,1.356999969482421875e+02,1.380000000000000000e+02,0.000000000000000000e+00
2.008011400000000000e+07,1.380000000000000000e+02,1.390000000000000000e+02,1.328000030517578125e+02,1.340000000000000000e+02,0.000000000000000000e+00
2.008012100000000000e+07,1.350000000000000000e+02,1.360000000000000000e+02,1.350000000000000000e+02,1.350000000000000000e+02,0.000000000000000000e+00
2.008012800000000000e+07,1.350000000000000000e+02,1.350000000000000000e+02,1.300000000000000000e+02,1.300000000000000000e+02,0.000000000000000000e+00
2.008020400000000000e+07,1.300000000000000000e+02,1.310000000000000000e+02,1.286000061035156250e+02,1.300000000000000000e+02,0.000000000000000000e+00
2.008021100000000000e+07,1.300000000000000000e+02,1.300000000000000000e+02,1.250000000000000000e+02,1.300000000000000000e+02,0.000000000000000000e+00
2.008021800000000000e+07,1.300000000000000000e+02,1.300000000000000000e+02,1.260000000000000000e+02,1.300000000000000000e+02,0.000000000000000000e+00
2.008022500000000000e+07,1.300000000000000000e+02,1.350000000000000000e+02,1.300000000000000000e+02,1.325000000000000000e+02,0.000000000000000000e+00
2.008030300000000000e+07,1.325000000000000000e+02,1.325000000000000000e+02,1.300000000000000000e+02,1.325000000000000000e+02,0.000000000000000000e+00
2.008031000000000000e+07,1.325000000000000000e+02,1.325000000000000000e+02,1.230000000000000000e+02,1.250000000000000000e+02,0.000000000000000000e+00
2.008031700000000000e+07,1.230000000000000000e+02,1.230000000000000000e+02,1.100000000000000000e+02,1.175000000000000000e+02,0.000000000000000000e+00
2.008032400000000000e+07,1.175000000000000000e+02,1.175000000000000000e+02,8.300000000000000000e+01,8.650000000000000000e+01,0.000000000000000000e+00
2.008033100000000000e+07,8.650000000000000000e+01,9.750700378417968750e+01,8.400000000000000000e+01,9.250000000000000000e+01,0.000000000000000000e+00
2.008040700000000000e+07,9.250000000000000000e+01,1.100000000000000000e+02,9.250000000000000000e+01,1.075000000000000000e+02,0.000000000000000000e+00
2.008041400000000000e+07,1.075000000000000000e+02,1.135000000000000000e+02,1.060500030517578125e+02,1.135000000000000000e+02,0.000000000000000000e+00
2.008042100000000000e+07,1.140000000000000000e+02,1.150000000000000000e+02,1.128199996948242188e+02,1.130000000000000000e+02,0.000000000000000000e+00
2.008042800000000000e+07,1.130000000000000000e+02,1.130000000000000000e+02,1.110000000000000000e+02,1.130000000000000000e+02,0.000000000000000000e+00
2.008050500000000000e+07,1.130000000000000000e+02,1.150000000000000000e+02,1.130000000000000000e+02,1.145000000000000000e+02,0.000000000000000000e+00
2.008051200000000000e+07,1.145000000000000000e+02,1.145000000000000000e+02,1.120000000000000000e+02,1.135000000000000000e+02,0.000000000000000000e+00
2.008051900000000000e+07,1.140000000000000000e+02,1.175000000000000000e+02,1.130000000000000000e+02,1.175000000000000000e+02,0.000000000000000000e+00
2.008052600000000000e+07,1.175000000000000000e+02,1.200000000000000000e+02,1.175000000000000000e+02,1.190000000000000000e+02,0.000000000000000000e+00
2.008060200000000000e+07,1.190000000000000000e+02,1.195000000000000000e+02,1.190000000000000000e+02,1.195000000000000000e+02,0.000000000000000000e+00
2.008060900000000000e+07,1.195000000000000000e+02,1.250000000000000000e+02,1.195000000000000000e+02,1.225000000000000000e+02,0.000000000000000000e+00
2.008061600000000000e+07,1.225000000000000000e+02,1.225000000000000000e+02,1.200000000000000000e+02,1.225000000000000000e+02,0.000000000000000000e+00
2.008062300000000000e+07,1.225000000000000000e+02,1.250000000000000000e+02,1.200000000000000000e+02,1.250000000000000000e+02,0.000000000000000000e+00
2.008063000000000000e+07,1.225000000000000000e+02,1.225000000000000000e+02,1.200000000000000000e+02,1.225000000000000000e+02,0.000000000000000000e+00
2.008070700000000000e+07,1.225000000000000000e+02,1.225000000000000000e+02,1.200000000000000000e+02,1.225000000000000000e+02,0.000000000000000000e+00
2.008071400000000000e+07,1.225000000000000000e+02,1.225000000000000000e+02,1.100000000000000000e+02,1.162500000000000000e+02,0.000000000000000000e+00
2.008072100000000000e+07,1.162500000000000000e+02,1.162500000000000000e+02,1.130000000000000000e+02,1.150000000000000000e+02,0.000000000000000000e+00
2.008072800000000000e+07,1.150000000000000000e+02,1.150000000000000000e+02,1.140000000000000000e+02,1.150000000000000000e+02,0.000000000000000000e+00
2.008080400000000000e+07,1.150000000000000000e+02,1.235000000000000000e+02,1.150000000000000000e+02,1.225000000000000000e+02,0.000000000000000000e+00
2.008081100000000000e+07,1.225000000000000000e+02,1.250000000000000000e+02,1.200000000000000000e+02,1.250000000000000000e+02,0.000000000000000000e+00
2.008081800000000000e+07,1.250000000000000000e+02,1.260000000000000000e+02,1.250000000000000000e+02,1.260000000000000000e+02,0.000000000000000000e+00
2.008082500000000000e+07,1.260000000000000000e+02,1.260000000000000000e+02,1.240000000000000000e+02,1.260000000000000000e+02,0.000000000000000000e+00
2.008090100000000000e+07,1.260000000000000000e+02,1.260000000000000000e+02,1.240000000000000000e+02,1.260000000000000000e+02,0.000000000000000000e+00
2.008090800000000000e+07,1.260000000000000000e+02,1.260000000000000000e+02,1.225000000000000000e+02,1.225000000000000000e+02,0.000000000000000000e+00
2.008091500000000000e+07,1.225000000000000000e+02,1.225000000000000000e+02,1.130000000000000000e+02,1.175000000000000000e+02,0.000000000000000000e+00
2.008092200000000000e+07,1.175000000000000000e+02,1.175000000000000000e+02,1.136999969482421875e+02,1.165000000000000000e+02,0.000000000000000000e+00
2.008092900000000000e+07,1.165000000000000000e+02,1.165000000000000000e+02,1.050000000000000000e+02,1.060000000000000000e+02,0.000000000000000000e+00
2.008100600000000000e+07,1.035000000000000000e+02,1.050000000000000000e+02,8.600000000000000000e+01,8.600000000000000000e+01,0.000000000000000000e+00
2.008101300000000000e+07,8.600000000000000000e+01,8.600000000000000000e+01,7.800000000000000000e+01,8.550000000000000000e+01,0.000000000000000000e+00
2.008102000000000000e+07,8.550000000000000000e+01,8.550000000000000000e+01,8.100000000000000000e+01,8.550000000000000000e+01,0.000000000000000000e+00
2.008102700000000000e+07,8.550000000000000000e+01,8.550000000000000000e+01,7.500000000000000000e+01,7.650000000000000000e+01,0.000000000000000000e+00
2.008110300000000000e+07,7.650000000000000000e+01,7.700000000000000000e+01,6.800000000000000000e+01,7.600000000000000000e+01,0.000000000000000000e+00
2.008111000000000000e+07,7.550000000000000000e+01,7.550000000000000000e+01,7.500000000000000000e+01,7.550000000000000000e+01,0.000000000000000000e+00
2.008111700000000000e+07,7.550000000000000000e+01,7.550000000000000000e+01,6.600000000000000000e+01,6.750000000000000000e+01,0.000000000000000000e+00
2.008112400000000000e+07,6.750000000000000000e+01,6.750000000000000000e+01,6.750000000000000000e+01,6.750000000000000000e+01,0.000000000000000000e+00
2.008120100000000000e+07,6.750000000000000000e+01,6.750000000000000000e+01,5.900000000000000000e+01,5.900000000000000000e+01,0.000000000000000000e+00
2.008120800000000000e+07,5.900000000000000000e+01,5.900000000000000000e+01,4.000000000000000000e+01,4.050000000000000000e+01,0.000000000000000000e+00
2.008121500000000000e+07,4.050000000000000000e+01,4.050000000000000000e+01,3.500000000000000000e+01,3.650000000000000000e+01,0.000000000000000000e+00
2.008122200000000000e+07,3.650000000000000000e+01,3.779999923706054688e+01,3.550000000000000000e+01,3.550000000000000000e+01,0.000000000000000000e+00
2.008122900000000000e+07,3.650000000000000000e+01,4.700000000000000000e+01,3.500000000000000000e+01,4.500000000000000000e+01,0.000000000000000000e+00
2.009010500000000000e+07,4.850000000000000000e+01,4.900000000000000000e+01,3.600000000000000000e+01,4.100000000000000000e+01,0.000000000000000000e+00
2.009011200000000000e+07,4.400000000000000000e+01,4.500000000000000000e+01,4.000000000000000000e+01,4.400000000000000000e+01,0.000000000000000000e+00
2.009011900000000000e+07,4.400000000000000000e+01,4.650000000000000000e+01,4.400000000000000000e+01,4.650000000000000000e+01,0.000000000000000000e+00
2.009012600000000000e+07,4.750000000000000000e+01,5.300000000000000000e+01,4.200000000000000000e+01,5.000000000000000000e+01,0.000000000000000000e+00
2.009020200000000000e+07,5.000000000000000000e+01,5.400000000000000000e+01,4.700000000000000000e+01,4.850000000000000000e+01,0.000000000000000000e+00
2.009020900000000000e+07,4.950000000000000000e+01,4.950000000000000000e+01,4.600000000000000000e+01,4.850000000000000000e+01,0.000000000000000000e+00
2.009021600000000000e+07,4.850000000000000000e+01,5.000000000000000000e+01,4.000000000000000000e+01,4.850000000000000000e+01,0.000000000000000000e+00
2.009022300000000000e+07,4.850000000000000000e+01,4.850000000000000000e+01,4.000000000000000000e+01,4.850000000000000000e+01,0.000000000000000000e+00
2.009030200000000000e+07,4.850000000000000000e+01,4.850000000000000000e+01,4.850000000000000000e+01,4.850000000000000000e+01,0.000000000000000000e+00
2.009030900000000000e+07,4.850000000000000000e+01,4.850000000000000000e+01,4.850000000000000000e+01,4.850000000000000000e+01,0.000000000000000000e+00
2.009031600000000000e+07,5.150000000000000000e+01,5.500000000000000000e+01,4.800000000000000000e+01,5.150000000000000000e+01,0.000000000000000000e+00
2.009032300000000000e+07,5.150000000000000000e+01,5.250000000000000000e+01,4.800000000000000000e+01,5.050000000000000000e+01,0.000000000000000000e+00
2.009033000000000000e+07,5.050000000000000000e+01,5.400000000000000000e+01,5.000000000000000000e+01,5.350000000000000000e+01,0.000000000000000000e+00
2.009040600000000000e+07,5.350000000000000000e+01,5.700000000000000000e+01,5.000000000000000000e+01,5.450000000000000000e+01,0.000000000000000000e+00
2.009041300000000000e+07,5.450000000000000000e+01,6.000000000000000000e+01,5.450000000000000000e+01,5.850000000000000000e+01,0.000000000000000000e+00
2.009042000000000000e+07,5.850000000000000000e+01,6.800000000000000000e+01,5.800000000000000000e+01,6.150000000000000000e+01,0.000000000000000000e+00
2.009042700000000000e+07,6.150000000000000000e+01,6.150000000000000000e+01,5.700000000000000000e+01,6.150000000000000000e+01,0.000000000000000000e+00
2.009050400000000000e+07,6.150000000000000000e+01,8.000000000000000000e+01,6.150000000000000000e+01,7.850000000000000000e+01,0.000000000000000000e+00
2.009051100000000000e+07,7.850000000000000000e+01,9.300000000000000000e+01,7.850000000000000000e+01,8.800000000000000000e+01,0.000000000000000000e+00
2.009051800000000000e+07,8.800000000000000000e+01,9.500000000000000000e+01,8.600000000000000000e+01,9.250000000000000000e+01,0.000000000000000000e+00
2.009052500000000000e+07,9.250000000000000000e+01,9.600000000000000000e+01,9.250000000000000000e+01,9.350000000000000000e+01,0.000000000000000000e+00
2.009060100000000000e+07,9.350000000000000000e+01,9.350000000000000000e+01,8.300000000000000000e+01,8.500000000000000000e+01,0.000000000000000000e+00
2.009060800000000000e+07,8.500000000000000000e+01,8.700000000000000000e+01,7.700000000000000000e+01,7.750000000000000000e+01,3.200000000000000000e+03
2.009061500000000000e+07,7.750000000000000000e+01,7.750000000000000000e+01,6.850000000000000000e+01,6.850000000000000000e+01,0.000000000000000000e+00
2.009062200000000000e+07,6.850000000000000000e+01,6.850000000000000000e+01,6.000000000000000000e+01,6.250000000000000000e+01,0.000000000000000000e+00
2.009062900000000000e+07,6.250000000000000000e+01,7.000000000000000000e+01,6.000000000000000000e+01,6.800000000000000000e+01,0.000000000000000000e+00
2.009070600000000000e+07,6.800000000000000000e+01,6.900000000000000000e+01,6.500000000000000000e+01,6.800000000000000000e+01,0.000000000000000000e+00
2.009071300000000000e+07,6.600000000000000000e+01,8.700000000000000000e+01,6.600000000000000000e+01,7.950000000000000000e+01,0.000000000000000000e+00
2.009072000000000000e+07,7.950000000000000000e+01,8.050000000000000000e+01,7.600000000000000000e+01,7.850000000000000000e+01,0.000000000000000000e+00
2.009072700000000000e+07,7.850000000000000000e+01,8.300000000000000000e+01,7.600000000000000000e+01,8.050000000000000000e+01,0.000000000000000000e+00
2.009080300000000000e+07,8.050000000000000000e+01,8.800000000000000000e+01,8.000000000000000000e+01,8.550000000000000000e+01,0.000000000000000000e+00
2.009081000000000000e+07,8.550000000000000000e+01,1.020000000000000000e+02,8.400000000000000000e+01,9.800000000000000000e+01,1.006700000000000000e+06
2.009081700000000000e+07,9.800000000000000000e+01,1.090000000000000000e+02,9.800000000000000000e+01,1.025000000000000000e+02,4.000000000000000000e+02
2.009082400000000000e+07,1.030000000000000000e+02,1.255000000000000000e+02,1.020000000000000000e+02,1.210000000000000000e+02,0.000000000000000000e+00
2.009083100000000000e+07,1.210000000000000000e+02,1.250000000000000000e+02,1.150000000000000000e+02,1.190000000000000000e+02,0.000000000000000000e+00
2.009090700000000000e+07,1.190000000000000000e+02,1.225000000000000000e+02,1.190000000000000000e+02,1.210000000000000000e+02,0.000000000000000000e+00
2.009091400000000000e+07,1.210000000000000000e+02,1.210000000000000000e+02,1.150000000000000000e+02,1.185000000000000000e+02,0.000000000000000000e+00
2.009092100000000000e+07,1.185000000000000000e+02,1.370000000000000000e+02,1.185000000000000000e+02,1.365000000000000000e+02,0.000000000000000000e+00
2.009092800000000000e+07,1.365000000000000000e+02,1.550000000000000000e+02,1.345000000000000000e+02,1.515000000000000000e+02,0.000000000000000000e+00
2.009100500000000000e+07,1.515000000000000000e+02,1.800000000000000000e+02,1.494100036621093750e+02,1.695000000000000000e+02,5.390000000000000000e+04
2.009101200000000000e+07,1.695000000000000000e+02,1.740000000000000000e+02,1.650000000000000000e+02,1.720000000000000000e+02,0.000000000000000000e+00
2.009101900000000000e+07,1.720000000000000000e+02,1.740000000000000000e+02,1.650000000000000000e+02,1.675000000000000000e+02,5.720000000000000000e+04
2.009102600000000000e+07,1.690000000000000000e+02,1.700000000000000000e+02,1.660000000000000000e+02,1.675000000000000000e+02,1.547000000000000000e+05
2.009110200000000000e+07,1.675000000000000000e+02,2.000000000000000000e+02,1.650000000000000000e+02,1.975000000000000000e+02,1.727000000000000000e+05
2.009110900000000000e+07,1.975000000000000000e+02,2.000000000000000000e+02,1.900000000000000000e+02,1.954000000000000057e+02,1.012000000000000000e+05
2.009111600000000000e+07,1.930000000000000000e+02,1.960000000000000000e+02,1.800000000000000000e+02,1.935000000000000000e+02,2.420000000000000000e+04
2.009112300000000000e+07,1.935000000000000000e+02,2.115000000000000000e+02,1.935000000000000000e+02,2.065000000000000000e+02,2.006100000000000000e+06
2.009113000000000000e+07,2.065000000000000000e+02,2.080000000000000000e+02,2.030000000000000000e+02,2.065000000000000000e+02,9.720000000000000000e+04
2.009120700000000000e+07,2.065000000000000000e+02,2.070000000000000000e+02,1.970000000000000000e+02,2.015000000000000000e+02,3.140000000000000000e+04
2.009121400000000000e+07,2.015000000000000000e+02,2.050000000000000000e+02,1.980000000000000000e+02,2.015000000000000000e+02,1.570000000000000000e+04
2.009122100000000000e+07,2.015000000000000000e+02,2.015000000000000000e+02,1.960000000000000000e+02,1.995000000000000000e+02,1.950000000000000000e+04
2.009122800000000000e+07,1.995000000000000000e+02,2.000000000000000000e+02,1.970000000000000000e+02,1.995000000000000000e+02,1.140000000000000000e+04
2.010010400000000000e+07,2.015000000000000000e+02,2.045000000000000000e+02,1.950000000000000000e+02,1.975000000000000000e+02,2.433000000000000000e+05
2.010011100000000000e+07,1.975000000000000000e+02,2.005000000000000000e+02,1.950000000000000000e+02,1.990000000000000000e+02,6.950000000000000000e+04
2.010011800000000000e+07,1.990000000000000000e+02,2.025000000000000000e+02,1.960000000000000000e+02,1.965000000000000000e+02,2.700000000000000000e+04
2.010012500000000000e+07,1.965000000000000000e+02,1.965000000000000000e+02,1.910000000000000000e+02,1.940000000000000000e+02,1.050000000000000000e+04
2.010020100000000000e+07,1.940000000000000000e+02,1.940000000000000000e+02,1.850000000000000000e+02,1.880000000000000000e+02,5.610000000000000000e+04
2.010020800000000000e+07,1.880000000000000000e+02,1.950000000000000000e+02,1.830000000000000000e+02,1.925000000000000000e+02,1.369100000000000000e+06
2.010021500000000000e+07,1.925000000000000000e+02,2.040000000000000000e+02,1.910000000000000000e+02,2.010000000000000000e+02,9.880000000000000000e+04
2.010022200000000000e+07,2.010000000000000000e+02,2.040000000000000000e+02,1.990000000000000000e+02,2.025000000000000000e+02,6.010000000000000000e+04
2.010030100000000000e+07,2.025000000000000000e+02,2.750000000000000000e+02,1.998000030517578125e+02,2.750000000000000000e+02,2.704000000000000000e+06
2.010030800000000000e+07,2.195000000000000000e+02,2.550000000000000000e+02,2.195000000000000000e+02,2.485000000000000000e+02,2.839300000000000000e+06
2.010031500000000000e+07,2.485000000000000000e+02,2.485000000000000000e+02,2.350000000000000000e+02,2.375000000000000000e+02,4.951000000000000000e+05
2.010032200000000000e+07,2.375000000000000000e+02,2.600000000000000000e+02,2.350000000000000000e+02,2.585000000000000000e+02,7.434000000000000000e+05
2.010032900000000000e+07,2.585000000000000000e+02,2.650000000000000000e+02,2.460000000000000000e+02,2.525000000000000000e+02,3.200000000000000000e+04
2.010040500000000000e+07,2.525000000000000000e+02,2.638999938964843750e+02,2.520000000000000000e+02,2.550000000000000000e+02,6.220000000000000000e+04
2.010041200000000000e+07,2.550000000000000000e+02,2.600000000000000000e+02,2.450000000000000000e+02,2.600000000000000000e+02,1.912000000000000000e+05
2.010041900000000000e+07,2.625000000000000000e+02,2.640000000000000000e+02,2.550000000000000000e+02,2.600000000000000000e+02,2.440000000000000000e+05
2.010042600000000000e+07,2.600000000000000000e+02,2.800000000000000000e+02,2.600000000000000000e+02,2.750000000000000000e+02,1.662000000000000000e+05
2.010050300000000000e+07,2.750000000000000000e+02,2.800000000000000000e+02,2.525000000000000000e+02,2.675000000000000000e+02,7.180000000000000000e+04
2.010051000000000000e+07,2.675000000000000000e+02,2.733760070800781250e+02,2.630000000000000000e+02,2.675000000000000000e+02,5.070000000000000000e+04
2.010051700000000000e+07,2.675000000000000000e+02,2.835000000000000000e+02,2.675000000000000000e+02,2.700000000000000000e+02,3.860000000000000000e+04
2.010052400000000000e+07,2.700000000000000000e+02,2.825000000000000000e+02,2.650000000000000000e+02,2.800000000000000000e+02,2.220000000000000000e+04
2.010053100000000000e+07,2.800000000000000000e+02,2.880000000000000000e+02,2.750000000000000000e+02,2.850000000000000000e+02,1.524000000000000000e+05
2.010060700000000000e+07,2.850000000000000000e+02,3.020000000000000000e+02,2.810000000000000000e+02,2.950000000000000000e+02,1.216200000000000000e+06
2.010061400000000000e+07,2.950000000000000000e+02,3.350000000000000000e+02,2.900000000000000000e+02,3.300000000000000000e+02,4.688000000000000000e+05
2.010062100000000000e+07,3.300000000000000000e+02,3.300000000000000000e+02,3.120000000000000000e+02,3.150000000000000000e+02,6.180000000000000000e+04
2.010062800000000000e+07,3.150000000000000000e+02,3.180000000000000000e+02,3.000000000000000000e+02,3.040000000000000000e+02,5.729000000000000000e+05
2.010070500000000000e+07,3.040000000000000000e+02,3.125000000000000000e+02,3.000000000000000000e+02,3.050000000000000000e+02,1.497000000000000000e+05
2.010071200000000000e+07,3.090000000000000000e+02,3.215000000000000000e+02,3.090000000000000000e+02,3.175000000000000000e+02,9.008000000000000000e+05
2.010071900000000000e+07,3.175000000000000000e+02,3.220000000000000000e+02,3.100000000000000000e+02,3.175000000000000000e+02,5.730000000000000000e+04
2.010072600000000000e+07,3.175000000000000000e+02,3.730000000000000000e+02,3.150000000000000000e+02,3.640000000000000000e+02,5.609000000000000000e+05
2.010080200000000000e+07,3.640000000000000000e+02,4.130000000000000000e+02,3.550000000000000000e+02,4.060000000000000000e+02,3.754000000000000000e+05
2.010080900000000000e+07,4.060000000000000000e+02,4.200000000000000000e+02,4.030000000000000000e+02,4.150000000000000000e+02,6.440000000000000000e+04
2.010081600000000000e+07,4.150000000000000000e+02,4.200000000000000000e+02,3.998999938964843750e+02,4.015000000000000000e+02,6.250000000000000000e+04
2.010082300000000000e+07,4.015000000000000000e+02,4.050000000000000000e+02,3.996000061035156250e+02,4.015000000000000000e+02,6.700000000000000000e+03
2.010083000000000000e+07,4.015000000000000000e+02,4.150000000000000000e+02,3.980000000000000000e+02,4.115000000000000000e+02,1.648000000000000000e+05
2.010090600000000000e+07,4.115000000000000000e+02,4.170000000000000000e+02,3.980000000000000000e+02,4.150000000000000000e+02,5.460000000000000000e+04
2.010091300000000000e+07,4.150000000000000000e+02,4.190000000000000000e+02,3.770000000000000000e+02,3.950000000000000000e+02,1.480000000000000000e+05
2.010092000000000000e+07,4.000000000000000000e+02,4.010000000000000000e+02,3.750000000000000000e+02,3.800000000000000000e+02,9.250000000000000000e+04
2.010092700000000000e+07,3.800000000000000000e+02,4.013999938964843750e+02,3.750000000000000000e+02,3.990000000000000000e+02,1.727000000000000000e+05
2.010100400000000000e+07,3.990000000000000000e+02,4.200000000000000000e+02,3.990000000000000000e+02,4.050000000000000000e+02,2.323000000000000000e+05
2.010101100000000000e+07,4.050000000000000000e+02,4.400000000000000000e+02,4.020000000000000000e+02,4.315000000000000000e+02,4.792000000000000000e+05
2.010101800000000000e+07,4.315000000000000000e+02,4.835000000000000000e+02,4.301499938964843750e+02,4.750000000000000000e+02,2.475000000000000000e+05
2.010102500000000000e+07,4.750000000000000000e+02,4.787999877929687500e+02,4.700000000000000000e+02,4.750000000000000000e+02,7.510000000000000000e+04
2.010110100000000000e+07,4.750000000000000000e+02,5.250000000000000000e+02,4.750000000000000000e+02,5.180000000000000000e+02,1.490000000000000000e+05
2.010110800000000000e+07,5.215000000000000000e+02,5.730000000000000000e+02,5.100000000000000000e+02,5.225000000000000000e+02,2.422000000000000000e+05
2.010111500000000000e+07,5.225000000000000000e+02,5.350000000000000000e+02,5.070000000000000000e+02,5.200000000000000000e+02,3.216000000000000000e+05
2.010112200000000000e+07,5.200000000000000000e+02,5.202000122070312500e+02,4.800000000000000000e+02,5.000000000000000000e+02,1.126000000000000000e+05
2.010112900000000000e+07,5.000000000000000000e+02,5.000000000000000000e+02,4.500000000000000000e+02,4.625000000000000000e+02,1.140000000000000000e+05
2.010120600000000000e+07,4.625000000000000000e+02,5.120000000000000000e+02,4.625000000000000000e+02,5.015000000000000000e+02,1.699000000000000000e+05
2.010121300000000000e+07,5.015000000000000000e+02,5.040000000000000000e+02,4.950000000000000000e+02,5.015000000000000000e+02,4.050000000000000000e+04
2.010122000000000000e+07,5.015000000000000000e+02,5.100000000000000000e+02,4.900000000000000000e+02,5.000000000000000000e+02,8.280000000000000000e+04
2.010122700000000000e+07,5.000000000000000000e+02,5.087500000000000000e+02,4.950000000000000000e+02,5.035000000000000000e+02,8.600000000000000000e+04
2.011011000000000000e+07,5.050000000000000000e+02,5.100000000000000000e+02,4.900000000000000000e+02,4.985000000000000000e+02,9.202000000000000000e+05
2.011011700000000000e+07,5.000000000000000000e+02,5.600000000000000000e+02,5.000000000000000000e+02,5.300000000000000000e+02,5.840000000000000000e+05
2.011012400000000000e+07,5.300000000000000000e+02,5.400000000000000000e+02,5.220999755859375000e+02,5.275000000000000000e+02,2.870000000000000000e+04
2.011013100000000000e+07,5.275000000000000000e+02,5.500000000000000000e+02,5.200000000000000000e+02,5.350000000000000000e+02,6.870000000000000000e+04
2.011020700000000000e+07,5.350000000000000000e+02,5.400000000000000000e+02,5.000000000000000000e+02,5.225000000000000000e+02,1.030000000000000000e+05
2.011021400000000000e+07,5.230000000000000000e+02,5.260000000000000000e+02,5.100000000000000000e+02,5.200000000000000000e+02,6.400000000000000000e+04
2.011022100000000000e+07,5.180000000000000000e+02,5.235000000000000000e+02,4.905000000000000000e+02,4.950000000000000000e+02,4.640000000000000000e+04
2.011022800000000000e+07,4.980000000000000000e+02,5.100000000000000000e+02,4.980000000000000000e+02,5.050000000000000000e+02,3.870000000000000000e+04
2.011030700000000000e+07,5.001000000000000227e+02,5.095239868164062500e+02,4.450000000000000000e+02,4.550000000000000000e+02,3.890000000000000000e+05
2.011031400000000000e+07,4.500000000000000000e+02,4.585000000000000000e+02,4.150000000000000000e+02,4.300000000000000000e+02,2.220000000000000000e+05
2.011032100000000000e+07,4.260000000000000000e+02,4.305000000000000000e+02,4.250000000000000000e+02,4.300000000000000000e+02,6.360000000000000000e+04
2.011032800000000000e+07,4.300000000000000000e+02,4.320000000000000000e+02,4.250000000000000000e+02,4.300000000000000000e+02,8.210000000000000000e+04
2.011040400000000000e+07,4.250000000000000000e+02,4.300000000000000000e+02,4.000100097656250000e+02,4.225000000000000000e+02,1.162000000000000000e+05
2.011041100000000000e+07,4.180000000000000000e+02,4.260000000000000000e+02,3.910499877929687500e+02,4.025000000000000000e+02,2.513000000000000000e+05
2.011041800000000000e+07,4.030000000000000000e+02,4.550000000000000000e+02,4.025000000000000000e+02,4.475000000000000000e+02,9.800000000000000000e+04
2.011050900000000000e+07,4.001499999999999773e+02,4.270000000000000000e+02,3.950000000000000000e+02,4.225000000000000000e+02,2.037400000000000000e+06
2.011051600000000000e+07,4.320000000000000000e+02,5.500000000000000000e+02,4.300000000000000000e+02,4.475000000000000000e+02,6.070000000000000000e+04
2.011052300000000000e+07,4.600000000000000000e+02,4.949849853515625000e+02,4.600000000000000000e+02,4.700000000000000000e+02,6.140000000000000000e+04
2.011060600000000000e+07,4.650000000000000000e+02,4.700000000000000000e+02,4.430000000000000000e+02,4.500000000000000000e+02,6.430000000000000000e+04
2.011061300000000000e+07,4.550000000000000000e+02,4.600000000000000000e+02,4.350000000000000000e+02,4.425000000000000000e+02,4.248000000000000000e+05
2.011062000000000000e+07,4.350000000000000000e+02,4.490000000000000000e+02,4.250000000000000000e+02,4.325000000000000000e+02,8.530000000000000000e+04
2.011062700000000000e+07,4.300000000000000000e+02,4.500000000000000000e+02,4.150000000000000000e+02,4.425000000000000000e+02,8.240000000000000000e+04
2.011070400000000000e+07,4.400000000000000000e+02,4.600000000000000000e+02,4.357500000000000000e+02,4.575000000000000000e+02,1.032000000000000000e+05
2.011071100000000000e+07,4.626000000000000227e+02,4.626000061035156250e+02,4.450000000000000000e+02,4.550000000000000000e+02,3.560000000000000000e+04
2.011071800000000000e+07,4.500000000000000000e+02,4.550000000000000000e+02,4.350000000000000000e+02,4.450000000000000000e+02,5.240000000000000000e+04
2.011072500000000000e+07,4.450000000000000000e+02,4.500000000000000000e+02,4.350000000000000000e+02,4.450000000000000000e+02,2.090000000000000000e+04
2.011080100000000000e+07,4.550000000000000000e+02,4.550000000000000000e+02,3.504270019531250000e+02,3.575000000000000000e+02,1.540000000000000000e+05
2.011080800000000000e+07,3.450000000000000000e+02,4.700000000000000000e+02,3.400000000000000000e+02,3.675000000000000000e+02,3.181000000000000000e+05
2.011081500000000000e+07,3.727500000000000000e+02,3.728999938964843750e+02,3.550000000000000000e+02,3.600000000000000000e+02,6.070000000000000000e+04
2.011082200000000000e+07,3.583999999999999773e+02,3.632500000000000000e+02,2.175000000000000000e+02,3.625000000000000000e+02,3.439000000000000000e+05
2.011090500000000000e+07,3.500000000000000000e+02,3.550000000000000000e+02,3.300000000000000000e+02,3.475000000000000000e+02,3.068000000000000000e+05
2.011091200000000000e+07,3.400000000000000000e+02,3.467999877929687500e+02,3.350000000000000000e+02,3.425000000000000000e+02,3.220000000000000000e+04
2.011091900000000000e+07,3.350000000000000000e+02,3.350000000000000000e+02,2.750000000000000000e+02,2.885000000000000000e+02,9.650000000000000000e+04
2.011092600000000000e+07,2.885000000000000000e+02,2.950799865722656250e+02,2.880000000000000000e+02,2.915000000000000000e+02,6.020000000000000000e+04
2.011100300000000000e+07,2.921299999999999955e+02,2.921300048828125000e+02,2.650000000000000000e+02,2.725000000000000000e+02,3.790000000000000000e+04
2.011101000000000000e+07,2.650000000000000000e+02,2.900000000000000000e+02,2.650000000000000000e+02,2.890000000000000000e+02,3.255000000000000000e+05
2.011101700000000000e+07,2.845600000000000023e+02,2.935000000000000000e+02,2.845599975585937500e+02,2.875000000000000000e+02,2.326000000000000000e+05
2.011102400000000000e+07,2.800000000000000000e+02,3.030499877929687500e+02,2.800000000000000000e+02,2.975000000000000000e+02,2.519000000000000000e+05
2.011103100000000000e+07,2.975000000000000000e+02,3.198500061035156250e+02,2.900000000000000000e+02,3.125000000000000000e+02,1.684000000000000000e+05
2.011110700000000000e+07,3.193999999999999773e+02,3.193999938964843750e+02,3.050000000000000000e+02,3.125000000000000000e+02,1.520000000000000000e+04
2.011111400000000000e+07,3.159499999999999886e+02,3.200000000000000000e+02,3.000000000000000000e+02,3.125000000000000000e+02,3.503000000000000000e+05
2.011112100000000000e+07,3.081000000000000227e+02,3.200000000000000000e+02,2.750000000000000000e+02,2.850000000000000000e+02,5.420000000000000000e+04
2.011112800000000000e+07,2.750000000000000000e+02,2.850000000000000000e+02,2.600000000000000000e+02,2.710000000000000000e+02,7.930000000000000000e+04
2.011120500000000000e+07,2.694499999999999886e+02,2.790000000000000000e+02,2.620000000000000000e+02,2.710000000000000000e+02,2.500000000000000000e+04
2.011121200000000000e+07,2.700000000000000000e+02,2.725000000000000000e+02,2.560000000000000000e+02,2.630000000000000000e+02,5.010000000000000000e+04
2.011121900000000000e+07,2.560000000000000000e+02,3.300000000000000000e+02,2.560000000000000000e+02,3.100000000000000000e+02,2.528000000000000000e+05
2.011122600000000000e+07,3.100000000000000000e+02,3.250000000000000000e+02,3.050000000000000000e+02,3.175000000000000000e+02,1.410000000000000000e+04
2.012010200000000000e+07,3.175000000000000000e+02,3.650000000000000000e+02,3.170000000000000000e+02,3.625000000000000000e+02,1.297000000000000000e+05
2.012010900000000000e+07,3.650000000000000000e+02,3.790000000000000000e+02,3.621000061035156250e+02,3.675000000000000000e+02,6.350000000000000000e+04
2.012011600000000000e+07,3.655000000000000000e+02,4.250000000000000000e+02,3.650000000000000000e+02,4.175000000000000000e+02,1.017000000000000000e+05
2.012012300000000000e+07,4.202300000000000182e+02,4.300000000000000000e+02,4.050000000000000000e+02,4.100000000000000000e+02,1.095000000000000000e+05
2.012013000000000000e+07,4.150000000000000000e+02,4.550000000000000000e+02,4.100000000000000000e+02,4.375000000000000000e+02,7.410000000000000000e+04
2.012020600000000000e+07,4.328999999999999773e+02,4.330000000000000000e+02,4.050000000000000000e+02,4.150000000000000000e+02,3.425000000000000000e+05
2.012021300000000000e+07,4.060000000000000000e+02,4.255000000000000000e+02,4.050000000000000000e+02,4.175000000000000000e+02,4.786000000000000000e+05
2.012022000000000000e+07,4.235000000000000000e+02,4.750000000000000000e+02,4.165329895019531250e+02,4.475000000000000000e+02,3.096000000000000000e+05
2.012022700000000000e+07,4.401360000000000241e+02,4.480000000000000000e+02,4.150000000000000000e+02,4.225000000000000000e+02,4.790000000000000000e+04
2.012030500000000000e+07,4.265000000000000000e+02,4.265000000000000000e+02,3.700000000000000000e+02,3.975000000000000000e+02,2.737000000000000000e+05
2.012031200000000000e+07,4.050000000000000000e+02,4.500000000000000000e+02,4.050000000000000000e+02,4.275000000000000000e+02,4.783000000000000000e+05
2.012031900000000000e+07,4.200000000000000000e+02,4.485000000000000000e+02,4.000000000000000000e+02,4.150000000000000000e+02,3.083000000000000000e+05
2.012032600000000000e+07,4.220000000000000000e+02,4.400000000000000000e+02,4.100000000000000000e+02,4.325000000000000000e+02,2.127000000000000000e+05
2.012040200000000000e+07,4.340000000000000000e+02,4.360000000000000000e+02,3.800000000000000000e+02,3.875000000000000000e+02,9.070000000000000000e+04
2.012040900000000000e+07,3.875000000000000000e+02,4.140000000000000000e+02,3.800000000000000000e+02,4.100000000000000000e+02,3.500000000000000000e+04
2.012041600000000000e+07,4.000000000000000000e+02,4.300000000000000000e+02,3.900000000000000000e+02,4.210000000000000000e+02,5.867000000000000000e+05
2.012042300000000000e+07,4.300000000000000000e+02,4.590000000000000000e+02,4.207500000000000000e+02,4.475000000000000000e+02,3.853000000000000000e+05
2.012043000000000000e+07,4.510000000000000000e+02,4.510000000000000000e+02,4.250000000000000000e+02,4.325000000000000000e+02,6.050000000000000000e+04
2.012050700000000000e+07,4.325000000000000000e+02,4.350000000000000000e+02,4.250000000000000000e+02,4.265000000000000000e+02,6.810000000000000000e+04
2.012051400000000000e+07,4.250000000000000000e+02,4.270000000000000000e+02,4.150000000000000000e+02,4.225000000000000000e+02,5.160000000000000000e+04
2.012052100000000000e+07,4.284499999999999886e+02,4.350000000000000000e+02,4.150000000000000000e+02,4.275000000000000000e+02,2.190000000000000000e+04
2.012052800000000000e+07,4.350000000000000000e+02,4.350000000000000000e+02,4.200000000000000000e+02,4.260000000000000000e+02,6.830000000000000000e+04
2.012060400000000000e+07,4.260000000000000000e+02,4.350000000000000000e+02,4.210000000000000000e+02,4.325000000000000000e+02,1.631000000000000000e+05
2.012061100000000000e+07,4.250000000000000000e+02,4.300000000000000000e+02,3.857500000000000000e+02,4.075000000000000000e+02,6.840000000000000000e+04
2.012061800000000000e+07,4.000000000000000000e+02,4.100000000000000000e+02,4.000000000000000000e+02,4.050000000000000000e+02,3.050000000000000000e+04
2.012062500000000000e+07,4.050000000000000000e+02,4.100000000000000000e+02,3.900000000000000000e+02,4.100000000000000000e+02,8.490000000000000000e+04
2.012070200000000000e+07,4.000000000000000000e+02,4.160000000000000000e+02,3.900000000000000000e+02,4.000000000000000000e+02,3.320000000000000000e+04
2.012070900000000000e+07,4.000000000000000000e+02,4.031000061035156250e+02,3.880000000000000000e+02,3.950000000000000000e+02,5.850000000000000000e+04
2.012071600000000000e+07,3.950000000000000000e+02,3.950000000000000000e+02,3.700000000000000000e+02,3.750000000000000000e+02,1.570000000000000000e+04
2.012072300000000000e+07,3.700000000000000000e+02,3.700000000000000000e+02,3.400000000000000000e+02,3.525000000000000000e+02,1.076000000000000000e+05
2.012073000000000000e+07,3.450000000000000000e+02,4.100000000000000000e+02,3.450000000000000000e+02,4.050000000000000000e+02,5.993000000000000000e+05
2.012080600000000000e+07,4.100000000000000000e+02,4.350000000000000000e+02,4.030000000000000000e+02,4.225000000000000000e+02,2.250000000000000000e+05
2.012081300000000000e+07,4.210000000000000000e+02,4.300000000000000000e+02,4.149299926757812500e+02,4.250000000000000000e+02,5.800000000000000000e+04
2.012082000000000000e+07,4.300000000000000000e+02,4.300000000000000000e+02,4.000000000000000000e+02,4.100000000000000000e+02,5.650000000000000000e+04
2.012082700000000000e+07,4.100000000000000000e+02,4.100000000000000000e+02,3.900000000000000000e+02,3.950000000000000000e+02,3.740000000000000000e+04
2.012090300000000000e+07,3.900000000000000000e+02,3.950000000000000000e+02,3.700000000000000000e+02,3.875000000000000000e+02,7.450000000000000000e+04
2.012091000000000000e+07,3.920000000000000000e+02,4.350000000000000000e+02,3.900000000000000000e+02,4.250000000000000000e+02,7.550000000000000000e+04
2.012091700000000000e+07,4.200000000000000000e+02,4.290000000000000000e+02,4.200000000000000000e+02,4.250000000000000000e+02,2.220000000000000000e+04
2.012092400000000000e+07,4.290000000000000000e+02,4.290000000000000000e+02,4.207000122070312500e+02,4.225000000000000000e+02,8.500000000000000000e+03
2.012100100000000000e+07,4.250000000000000000e+02,4.250000000000000000e+02,4.170000000000000000e+02,4.200000000000000000e+02,4.403000000000000000e+05
2.012100800000000000e+07,4.250000000000000000e+02,4.250000000000000000e+02,4.150000000000000000e+02,4.200000000000000000e+02,8.300000000000000000e+03
2.012101500000000000e+07,4.235000000000000000e+02,4.550000000000000000e+02,4.175000000000000000e+02,4.500000000000000000e+02,1.011000000000000000e+05
2.012102200000000000e+07,4.480000000000000000e+02,4.550000000000000000e+02,4.350000000000000000e+02,4.450000000000000000e+02,4.658000000000000000e+05
2.012102900000000000e+07,4.400000000000000000e+02,4.550000000000000000e+02,4.400000000000000000e+02,4.500000000000000000e+02,1.402000000000000000e+05
2.012110500000000000e+07,4.450000000000000000e+02,4.550000000000000000e+02,4.365000000000000000e+02,4.400000000000000000e+02,1.471000000000000000e+05
2.012111200000000000e+07,4.365000000000000000e+02,4.425000000000000000e+02,4.300000000000000000e+02,4.350000000000000000e+02,2.420000000000000000e+04
2.012111900000000000e+07,4.350000000000000000e+02,4.350000000000000000e+02,4.250000000000000000e+02,4.300000000000000000e+02,1.360000000000000000e+04
2.012112600000000000e+07,4.250000000000000000e+02,4.600000000000000000e+02,4.250000000000000000e+02,4.500000000000000000e+02,8.808000000000000000e+05
2.012120300000000000e+07,4.430000000000000000e+02,4.520000000000000000e+02,4.400000000000000000e+02,4.500000000000000000e+02,3.930000000000000000e+04
2.012121000000000000e+07,4.517500000000000000e+02,4.530000000000000000e+02,4.450000000000000000e+02,4.500000000000000000e+02,9.400000000000000000e+03
2.012121700000000000e+07,4.500000000000000000e+02,4.500000000000000000e+02,4.250000000000000000e+02,4.300000000000000000e+02,3.690000000000000000e+04
2.012122400000000000e+07,4.280000000000000000e+02,4.280000000000000000e+02,4.100000000000000000e+02,4.150000000000000000e+02,1.930000000000000000e+04
2.012123100000000000e+07,4.160000000000000000e+02,4.550000000000000000e+02,4.100000000000000000e+02,4.550000000000000000e+02,3.480000000000000000e+04
2.013010700000000000e+07,4.500000000000000000e+02,4.550000000000000000e+02,4.400000000000000000e+02,4.500000000000000000e+02,4.450000000000000000e+04
2.013011400000000000e+07,4.460000000000000000e+02,4.600000000000000000e+02,4.371000061035156250e+02,4.450000000000000000e+02,1.021000000000000000e+05
2.013012100000000000e+07,4.450000000000000000e+02,4.550000000000000000e+02,4.330000000000000000e+02,4.360000000000000000e+02,3.900000000000000000e+05
2.013012800000000000e+07,4.363000000000000114e+02,4.410000000000000000e+02,4.230000000000000000e+02,4.280000000000000000e+02,5.940000000000000000e+04
2.013020400000000000e+07,4.280000000000000000e+02,4.280000000000000000e+02,4.100000000000000000e+02,4.150000000000000000e+02,1.090000000000000000e+05
2.013021100000000000e+07,4.185000000000000000e+02,4.363999938964843750e+02,4.100000000000000000e+02,4.340000000000000000e+02,1.227000000000000000e+05
2.013021800000000000e+07,4.380000000000000000e+02,4.450000000000000000e+02,4.300000000000000000e+02,4.400000000000000000e+02,4.330000000000000000e+04
2.013022500000000000e+07,4.350000000000000000e+02,4.500000000000000000e+02,4.220000000000000000e+02,4.450000000000000000e+02,5.610000000000000000e+04
2.013030400000000000e+07,4.490000000000000000e+02,4.490000000000000000e+02,4.380000000000000000e+02,4.400000000000000000e+02,7.620000000000000000e+04
2.013031100000000000e+07,4.394100000000000250e+02,4.450000000000000000e+02,4.350000000000000000e+02,4.385000000000000000e+02,4.350000000000000000e+04
2.013031800000000000e+07,4.380000000000000000e+02,4.450000000000000000e+02,4.330000000000000000e+02,4.425000000000000000e+02,2.350000000000000000e+04
2.013032500000000000e+07,4.470000000000000000e+02,4.700000000000000000e+02,4.431499938964843750e+02,4.625000000000000000e+02,2.644000000000000000e+05
2.013040100000000000e+07,4.625000000000000000e+02,4.700000000000000000e+02,4.600000000000000000e+02,4.665000000000000000e+02,7.170000000000000000e+04
2.013040800000000000e+07,4.693000000000000114e+02,5.400000000000000000e+02,4.692999877929687500e+02,5.350000000000000000e+02,2.925000000000000000e+05
2.013041500000000000e+07,5.400000000000000000e+02,5.500000000000000000e+02,5.060499877929687500e+02,5.230000000000000000e+02,8.640000000000000000e+04
2.013042200000000000e+07,5.280000000000000000e+02,5.450000000000000000e+02,5.183079833984375000e+02,5.410000000000000000e+02,4.191000000000000000e+05
2.013042900000000000e+07,5.450000000000000000e+02,5.995000000000000000e+02,5.450000000000000000e+02,5.720000000000000000e+02,1.275000000000000000e+05
2.013050600000000000e+07,5.720000000000000000e+02,5.850000000000000000e+02,5.670000000000000000e+02,5.800000000000000000e+02,2.964000000000000000e+05
2.013051300000000000e+07,5.760000000000000000e+02,5.790000000000000000e+02,5.650000000000000000e+02,5.700000000000000000e+02,5.710000000000000000e+04
2.013052000000000000e+07,5.660000000000000000e+02,5.740000000000000000e+02,5.400000000000000000e+02,5.600000000000000000e+02,1.571000000000000000e+05
2.013052700000000000e+07,5.600000000000000000e+02,5.630000000000000000e+02,5.520000000000000000e+02,5.570000000000000000e+02,1.650000000000000000e+04
2.013060300000000000e+07,5.620000000000000000e+02,5.620000000000000000e+02,5.350000000000000000e+02,5.400000000000000000e+02,1.390000000000000000e+04
2.013061000000000000e+07,5.450000000000000000e+02,5.450000000000000000e+02,5.000000000000000000e+02,5.175000000000000000e+02,5.280000000000000000e+04
2.013061700000000000e+07,5.100000000000000000e+02,5.130000000000000000e+02,4.900000000000000000e+02,4.985000000000000000e+02,9.350000000000000000e+04
2.013062400000000000e+07,4.990000000000000000e+02,5.010000000000000000e+02,4.900000000000000000e+02,4.950000000000000000e+02,2.100000000000000000e+04
2.013070100000000000e+07,4.900000000000000000e+02,4.980000000000000000e+02,4.900000000000000000e+02,4.970000000000000000e+02,6.370000000000000000e+04
2.013070800000000000e+07,4.968999999999999773e+02,4.968999938964843750e+02,4.720000000000000000e+02,4.775000000000000000e+02,1.106000000000000000e+05
2.013071500000000000e+07,4.780000000000000000e+02,4.780000000000000000e+02,4.575000000000000000e+02,4.650000000000000000e+02,4.790000000000000000e+04
2.013072200000000000e+07,4.625000000000000000e+02,4.700000000000000000e+02,4.600000000000000000e+02,4.650000000000000000e+02,2.076000000000000000e+05
2.013072900000000000e+07,4.700000000000000000e+02,5.400000000000000000e+02,4.700000000000000000e+02,5.360000000000000000e+02,5.012000000000000000e+05
2.013080500000000000e+07,5.390000000000000000e+02,6.000000000000000000e+02,5.373750000000000000e+02,5.890000000000000000e+02,1.480000000000000000e+05
2.013081200000000000e+07,5.886000000000000227e+02,5.922000122070312500e+02,5.300000000000000000e+02,5.425000000000000000e+02,1.895000000000000000e+05
2.013081900000000000e+07,5.450000000000000000e+02,5.550000000000000000e+02,5.300000000000000000e+02,5.525000000000000000e+02,2.870000000000000000e+04
2.013082600000000000e+07,5.525000000000000000e+02,5.600000000000000000e+02,5.350000000000000000e+02,5.500000000000000000e+02,4.800000000000000000e+04
2.013090200000000000e+07,5.540000000000000000e+02,5.600000000000000000e+02,5.450000000000000000e+02,5.500000000000000000e+02,5.360000000000000000e+04
2.013090900000000000e+07,5.520000000000000000e+02,5.720000000000000000e+02,5.500000000000000000e+02,5.695000000000000000e+02,2.299000000000000000e+05
2.013091600000000000e+07,5.708999999999999773e+02,5.709000244140625000e+02,5.510000000000000000e+02,5.550000000000000000e+02,3.280000000000000000e+04
2.013092300000000000e+07,5.550000000000000000e+02,5.650000000000000000e+02,5.500000000000000000e+02,5.650000000000000000e+02,5.530000000000000000e+04
2.013093000000000000e+07,5.700000000000000000e+02,5.720000000000000000e+02,5.605000000000000000e+02,5.685000000000000000e+02,3.665000000000000000e+05
2.013100700000000000e+07,5.670000000000000000e+02,6.337000122070312500e+02,5.670000000000000000e+02,6.175000000000000000e+02,1.140000000000000000e+05
2.013101400000000000e+07,6.200000000000000000e+02,6.400000000000000000e+02,6.100000000000000000e+02,6.350000000000000000e+02,1.704000000000000000e+05
2.013102100000000000e+07,6.350000000000000000e+02,6.400000000000000000e+02,6.265000000000000000e+02,6.350000000000000000e+02,7.040000000000000000e+04
2.013102800000000000e+07,6.380000000000000000e+02,6.400000000000000000e+02,6.200000000000000000e+02,6.275000000000000000e+02,7.180000000000000000e+04
2.013110400000000000e+07,6.200000000000000000e+02,6.350000000000000000e+02,6.200000000000000000e+02,6.275000000000000000e+02,7.080000000000000000e+04
2.013111100000000000e+07,6.200000000000000000e+02,6.320000000000000000e+02,5.900000000000000000e+02,6.000000000000000000e+02,1.041000000000000000e+05
2.013111800000000000e+07,6.000000000000000000e+02,6.000000000000000000e+02,5.700000000000000000e+02,5.975000000000000000e+02,6.760000000000000000e+04
2.013112500000000000e+07,5.985000000000000000e+02,6.200000000000000000e+02,5.985000000000000000e+02,6.085000000000000000e+02,9.140000000000000000e+04
2.013120200000000000e+07,6.116499999999999773e+02,6.130000000000000000e+02,6.050000000000000000e+02,6.100000000000000000e+02,4.570000000000000000e+04
2.013120900000000000e+07,6.100000000000000000e+02,6.161400146484375000e+02,6.040000000000000000e+02,6.100000000000000000e+02,4.190000000000000000e+04
2.013121600000000000e+07,6.120000000000000000e+02,6.130000000000000000e+02,6.000000000000000000e+02,6.100000000000000000e+02,3.150000000000000000e+04
2.013122300000000000e+07,6.100000000000000000e+02,6.200000000000000000e+02,6.050000000000000000e+02,6.150000000000000000e+02,2.498000000000000000e+05
2.013123000000000000e+07,6.180000000000000000e+02,6.290000000000000000e+02,6.100000000000000000e+02,6.230000000000000000e+02,1.018000000000000000e+05
2.014010600000000000e+07,6.267999999999999545e+02,6.300000000000000000e+02,6.170000000000000000e+02,6.265000000000000000e+02,8.870000000000000000e+04
2.014011300000000000e+07,6.269199999999999591e+02,6.950000000000000000e+02,6.250000000000000000e+02,6.800000000000000000e+02,2.527000000000000000e+05
2.014012000000000000e+07,6.738999999999999773e+02,6.850000000000000000e+02,6.450000000000000000e+02,6.500000000000000000e+02,7.220000000000000000e+04
2.014012700000000000e+07,6.535000000000000000e+02,6.535000000000000000e+02,6.250000000000000000e+02,6.325000000000000000e+02,7.990000000000000000e+04
2.014020300000000000e+07,6.350000000000000000e+02,6.800000000000000000e+02,6.270000000000000000e+02,6.650000000000000000e+02,7.040000000000000000e+04
2.014021000000000000e+07,6.700000000000000000e+02,6.900000000000000000e+02,6.700000000000000000e+02,6.775000000000000000e+02,8.890000000000000000e+04
2.014021700000000000e+07,6.850000000000000000e+02,7.450000000000000000e+02,6.775000000000000000e+02,7.425000000000000000e+02,3.514000000000000000e+05
2.014022400000000000e+07,7.425000000000000000e+02,8.300000000000000000e+02,7.350000000000000000e+02,8.225000000000000000e+02,1.556000000000000000e+05
2.014030300000000000e+07,8.300000000000000000e+02,8.400000000000000000e+02,8.100000000000000000e+02,8.350000000000000000e+02,1.439000000000000000e+05
2.014031000000000000e+07,8.340000000000000000e+02,9.950000000000000000e+02,8.340000000000000000e+02,9.325000000000000000e+02,3.274000000000000000e+05
2.014031700000000000e+07,9.400000000000000000e+02,9.500000000000000000e+02,8.400000000000000000e+02,8.825000000000000000e+02,1.429000000000000000e+05
2.014032400000000000e+07,8.825000000000000000e+02,8.900000000000000000e+02,8.000000000000000000e+02,8.075000000000000000e+02,9.620000000000000000e+04
2.014033100000000000e+07,8.010000000000000000e+02,8.600000000000000000e+02,7.800000000000000000e+02,8.500000000000000000e+02,4.031000000000000000e+05
2.014040700000000000e+07,8.450000000000000000e+02,8.450000000000000000e+02,7.907109985351562500e+02,8.000000000000000000e+02,1.331000000000000000e+05
2.014041400000000000e+07,7.880000000000000000e+02,8.100000000000000000e+02,7.850000000000000000e+02,8.000000000000000000e+02,1.157000000000000000e+05
2.014042100000000000e+07,8.000000000000000000e+02,8.500000000000000000e+02,7.930000000000000000e+02,8.100000000000000000e+02,1.558000000000000000e+05
2.014042800000000000e+07,8.080000000000000000e+02,8.120000000000000000e+02,7.900000000000000000e+02,8.050000000000000000e+02,3.860000000000000000e+04
2.014050500000000000e+07,8.050000000000000000e+02,8.110000000000000000e+02,7.860000000000000000e+02,7.975000000000000000e+02,1.490000000000000000e+04
2.014051200000000000e+07,7.997500000000000000e+02,7.997500000000000000e+02,7.400000000000000000e+02,7.500000000000000000e+02,3.290000000000000000e+04
2.014051900000000000e+07,7.580000000000000000e+02,8.550000000000000000e+02,7.480999755859375000e+02,8.516000000000000227e+02,1.776000000000000000e+05
2.014052600000000000e+07,8.516000000000000227e+02,8.650000000000000000e+02,8.330000000000000000e+02,8.550000000000000000e+02,6.270000000000000000e+04
2.014060200000000000e+07,8.450000000000000000e+02,8.580000000000000000e+02,8.150000000000000000e+02,8.300000000000000000e+02,2.837000000000000000e+05
2.014060900000000000e+07,8.350000000000000000e+02,8.700000000000000000e+02,8.350000000000000000e+02,8.600000000000000000e+02,6.673000000000000000e+05
2.014061600000000000e+07,8.650000000000000000e+02,8.650000000000000000e+02,8.250000000000000000e+02,8.350000000000000000e+02,6.560000000000000000e+04
2.014062300000000000e+07,8.261000000000000227e+02,8.700000000000000000e+02,8.260999755859375000e+02,8.600000000000000000e+02,7.160000000000000000e+04
2.014063000000000000e+07,8.600000000000000000e+02,9.350000000000000000e+02,8.600000000000000000e+02,9.150000000000000000e+02,7.100000000000000000e+04
2.014070700000000000e+07,9.240000000000000000e+02,9.850000000000000000e+02,9.061500244140625000e+02,9.700000000000000000e+02,1.264000000000000000e+05
2.014071400000000000e+07,9.850000000000000000e+02,1.115000000000000000e+03,9.250000000000000000e+02,9.400000000000000000e+02,2.420000000000000000e+05
2.014072100000000000e+07,9.300000000000000000e+02,1.009989990234375000e+03,9.100000000000000000e+02,1.002500000000000000e+03,8.790000000000000000e+04
2.014072800000000000e+07,1.000000000000000000e+03,1.045000000000000000e+03,9.496190185546875000e+02,1.030000000000000000e+03,1.258000000000000000e+05
2.014080400000000000e+07,1.045000000000000000e+03,1.045000000000000000e+03,1.010000000000000000e+03,1.032500000000000000e+03,1.335000000000000000e+05
2.014081100000000000e+07,1.035000000000000000e+03,1.075000000000000000e+03,9.505000000000000000e+02,1.015000000000000000e+03,8.976000000000000000e+05
2.014081800000000000e+07,1.000000000000000000e+03,1.037000000000000000e+03,9.980000000000000000e+02,1.020000000000000000e+03,2.014000000000000000e+05
2.014082500000000000e+07,1.020000000000000000e+03,1.135000000000000000e+03,1.010000000000000000e+03,1.100000000000000000e+03,3.580000000000000000e+04
2.014090100000000000e+07,1.090000000000000000e+03,1.135000000000000000e+03,1.070000000000000000e+03,1.110000000000000000e+03,2.889000000000000000e+05
2.014090800000000000e+07,1.101099999999999909e+03,1.180000000000000000e+03,1.100000000000000000e+03,1.155000000000000000e+03,3.390000000000000000e+04
2.014091500000000000e+07,1.170000000000000000e+03,1.215000000000000000e+03,1.143000000000000000e+03,1.195000000000000000e+03,1.218000000000000000e+05
2.014092200000000000e+07,1.215000000000000000e+03,1.240000000000000000e+03,1.140000000000000000e+03,1.190000000000000000e+03,4.021000000000000000e+05
2.014092900000000000e+07,1.172000000000000000e+03,1.190000000000000000e+03,1.110000000000000000e+03,1.130000000000000000e+03,3.110000000000000000e+04
2.014100600000000000e+07,1.146000000000000000e+03,1.156000000000000000e+03,1.115000000000000000e+03,1.135000000000000000e+03,5.340000000000000000e+04
2.014101300000000000e+07,1.111000000000000000e+03,1.120000000000000000e+03,1.040000000000000000e+03,1.085000000000000000e+03,1.053000000000000000e+05
2.014102000000000000e+07,1.102200000000000045e+03,1.170000000000000000e+03,1.075000000000000000e+03,1.155000000000000000e+03,3.840000000000000000e+04
2.014102700000000000e+07,1.170000000000000000e+03,1.230000000000000000e+03,1.156000000000000000e+03,1.205000000000000000e+03,4.980000000000000000e+04
2.014110300000000000e+07,1.216000000000000000e+03,1.229400024414062500e+03,1.186250000000000000e+03,1.205000000000000000e+03,5.600000000000000000e+04
2.014111000000000000e+07,1.224200000000000045e+03,1.290000000000000000e+03,1.185000000000000000e+03,1.265000000000000000e+03,5.630000000000000000e+04
2.014111700000000000e+07,1.290000000000000000e+03,1.420000000000000000e+03,1.262000000000000000e+03,1.400000000000000000e+03,1.897000000000000000e+05
2.014112400000000000e+07,1.418000000000000000e+03,1.550000000000000000e+03,1.390000000000000000e+03,1.510000000000000000e+03,2.586000000000000000e+05
2.014120100000000000e+07,1.500000000000000000e+03,1.519000000000000000e+03,1.435000000000000000e+03,1.462500000000000000e+03,6.760000000000000000e+04
2.014120800000000000e+07,1.458000000000000000e+03,1.485000000000000000e+03,1.370000000000000000e+03,1.395000000000000000e+03,5.980000000000000000e+04
2.014121500000000000e+07,1.401000000000000000e+03,1.420000000000000000e+03,1.370000000000000000e+03,1.395000000000000000e+03,8.700000000000000000e+04
2.014122200000000000e+07,1.388000000000000000e+03,1.395000000000000000e+03,1.370000000000000000e+03,1.385000000000000000e+03,3.180000000000000000e+04
2.014122900000000000e+07,1.389500000000000000e+03,1.450000000000000000e+03,1.379380004882812500e+03,1.405000000000000000e+03,4.210000000000000000e+04
2.015010500000000000e+07,1.388000000000000000e+03,1.410000000000000000e+03,1.250000000000000000e+03,1.332500000000000000e+03,9.220000000000000000e+04
2.015011200000000000e+07,1.329200000000000045e+03,1.340000000000000000e+03,1.305000000000000000e+03,1.322500000000000000e+03,6.970000000000000000e+04
2.015011900000000000e+07,1.320000000000000000e+03,1.382000000000000000e+03,1.320000000000000000e+03,1.372500000000000000e+03,4.540000000000000000e+04
2.015012600000000000e+07,1.385000000000000000e+03,1.490000000000000000e+03,1.385000000000000000e+03,1.442500000000000000e+03,1.042000000000000000e+05
2.015020200000000000e+07,1.426750000000000000e+03,1.450000000000000000e+03,1.280000000000000000e+03,1.322500000000000000e+03,7.140000000000000000e+04
2.015020900000000000e+07,1.306750000000000000e+03,1.306750000000000000e+03,1.140150024414062500e+03,1.185000000000000000e+03,1.928000000000000000e+05
2.015021600000000000e+07,1.180000000000000000e+03,1.219000000000000000e+03,1.162000000000000000e+03,1.197500000000000000e+03,5.230000000000000000e+04
2.015022300000000000e+07,1.193500000000000000e+03,1.375000000000000000e+03,1.155000000000000000e+03,1.360000000000000000e+03,1.884000000000000000e+05
2.015030200000000000e+07,1.375000000000000000e+03,1.403250000000000000e+03,1.310000000000000000e+03,1.330000000000000000e+03,1.714000000000000000e+05
2.015030900000000000e+07,1.312000000000000000e+03,1.330000000000000000e+03,1.290400024414062500e+03,1.310000000000000000e+03,2.873000000000000000e+05
2.015031600000000000e+07,1.300000000000000000e+03,1.370000000000000000e+03,1.300000000000000000e+03,1.322500000000000000e+03,8.683000000000000000e+05
2.015032300000000000e+07,1.330000000000000000e+03,1.330000000000000000e+03,1.270000000000000000e+03,1.290000000000000000e+03,4.000000000000000000e+04
2.015033000000000000e+07,1.280000000000000000e+03,1.390000000000000000e+03,1.280000000000000000e+03,1.375000000000000000e+03,1.482000000000000000e+05
2.015040600000000000e+07,1.375000000000000000e+03,1.455500000000000000e+03,1.361250000000000000e+03,1.435000000000000000e+03,1.771000000000000000e+05
2.015041300000000000e+07,1.435000000000000000e+03,1.729400024414062500e+03,1.385000000000000000e+03,1.700000000000000000e+03,1.884000000000000000e+05
2.015042000000000000e+07,1.700000000000000000e+03,1.865000000000000000e+03,1.677000000000000000e+03,1.805000000000000000e+03,3.264000000000000000e+05
2.015042700000000000e+07,1.814000000000000000e+03,1.820000000000000000e+03,1.790000000000000000e+03,1.800000000000000000e+03,6.100000000000000000e+04
2.015050400000000000e+07,1.800000000000000000e+03,1.810000000000000000e+03,1.690000000000000000e+03,1.720000000000000000e+03,9.030000000000000000e+04
2.015051100000000000e+07,1.738000000000000000e+03,1.750000000000000000e+03,1.640000000000000000e+03,1.665000000000000000e+03,6.690000000000000000e+04
2.015051800000000000e+07,1.687500000000000000e+03,1.928000000000000000e+03,1.657000000000000000e+03,1.895000000000000000e+03,8.720000000000000000e+04
2.015052500000000000e+07,1.895000000000000000e+03,2.020000000000000000e+03,1.895000000000000000e+03,1.975000000000000000e+03,5.290000000000000000e+04
2.015060100000000000e+07,1.990000000000000000e+03,2.000000000000000000e+03,1.790000000000000000e+03,1.815000000000000000e+03,1.126000000000000000e+05
2.015060800000000000e+07,1.795000000000000000e+03,1.839000000000000000e+03,1.684800048828125000e+03,1.775000000000000000e+03,4.950000000000000000e+04
2.015061500000000000e+07,1.790000000000000000e+03,1.930000000000000000e+03,1.750000000000000000e+03,1.915000000000000000e+03,1.112000000000000000e+05
2.015062200000000000e+07,1.917500000000000000e+03,1.940000000000000000e+03,1.735500000000000000e+03,1.755000000000000000e+03,4.720000000000000000e+04
2.015062900000000000e+07,1.665000000000000000e+03,1.810000000000000000e+03,1.607500000000000000e+03,1.800000000000000000e+03,8.050000000000000000e+04
2.015070600000000000e+07,1.786470000000000027e+03,1.819500000000000000e+03,1.560000000000000000e+03,1.710000000000000000e+03,1.113000000000000000e+05
2.015071300000000000e+07,1.713599999999999909e+03,1.734000000000000000e+03,1.665000000000000000e+03,1.720000000000000000e+03,9.780000000000000000e+04
2.015072000000000000e+07,1.734000000000000000e+03,1.740000000000000000e+03,1.660000000000000000e+03,1.715000000000000000e+03,6.280000000000000000e+04
2.015072700000000000e+07,1.740000000000000000e+03,1.760000000000000000e+03,1.574500000000000000e+03,1.742500000000000000e+03,7.830000000000000000e+04
2.015080300000000000e+07,1.742500000000000000e+03,1.940000000000000000e+03,1.730500000000000000e+03,1.927500000000000000e+03,4.930000000000000000e+04
2.015081000000000000e+07,1.945000000000000000e+03,1.945000000000000000e+03,1.780000000000000000e+03,1.815000000000000000e+03,4.750000000000000000e+04
2.015081700000000000e+07,1.806000000000000000e+03,1.930000000000000000e+03,1.806000000000000000e+03,1.892500000000000000e+03,8.410000000000000000e+04
2.015082400000000000e+07,1.860000000000000000e+03,1.860000000000000000e+03,1.750000000000000000e+03,1.795000000000000000e+03,1.659000000000000000e+05
2.015083100000000000e+07,1.795000000000000000e+03,1.815000000000000000e+03,1.715000000000000000e+03,1.795000000000000000e+03,4.740000000000000000e+04
2.015090700000000000e+07,1.803000000000000000e+03,1.842000000000000000e+03,1.770000000000000000e+03,1.825000000000000000e+03,8.690000000000000000e+04
2.015091400000000000e+07,1.805000000000000000e+03,1.850000000000000000e+03,1.800000000000000000e+03,1.825000000000000000e+03,7.680000000000000000e+04
2.015092100000000000e+07,1.822500000000000000e+03,1.847500000000000000e+03,1.732040039062500000e+03,1.825000000000000000e+03,4.770000000000000000e+04
2.015092800000000000e+07,1.800500000000000000e+03,1.840000000000000000e+03,1.750500000000000000e+03,1.840000000000000000e+03,2.860000000000000000e+04
2.015100500000000000e+07,1.860000000000000000e+03,2.100000000000000000e+03,1.860000000000000000e+03,2.025000000000000000e+03,1.102000000000000000e+05
2.015101200000000000e+07,2.021500000000000000e+03,2.160000000000000000e+03,1.895000000000000000e+03,2.147500000000000000e+03,1.316000000000000000e+05
2.015101900000000000e+07,2.170000000000000000e+03,2.780000000000000000e+03,2.140000000000000000e+03,2.612500000000000000e+03,2.993000000000000000e+05
2.015102600000000000e+07,2.648000000000000000e+03,2.860000000000000000e+03,2.395000000000000000e+03,2.512500000000000000e+03,1.825000000000000000e+05
2.015110200000000000e+07,2.536570099999999911e+03,2.775000000000000000e+03,2.489250000000000000e+03,2.700000000000000000e+03,1.124000000000000000e+05
2.015110900000000000e+07,2.735000000000000000e+03,2.735000000000000000e+03,2.457879882812500000e+03,2.530000000000000000e+03,1.345000000000000000e+05
2.015111600000000000e+07,2.545000000000000000e+03,2.590000000000000000e+03,2.475000000000000000e+03,2.505000000000000000e+03,3.480000000000000000e+04
2.015112300000000000e+07,2.478000000000000000e+03,2.541600097656250000e+03,2.450000000000000000e+03,2.485000000000000000e+03,3.070000000000000000e+04
2.015113000000000000e+07,2.450000000000000000e+03,2.876000000000000000e+03,2.450000000000000000e+03,2.770000000000000000e+03,2.039000000000000000e+05
2.015120700000000000e+07,2.750000000000000000e+03,2.896600097656250000e+03,2.700000000000000000e+03,2.735000000000000000e+03,1.026000000000000000e+05
2.015121400000000000e+07,2.758199999999999818e+03,2.758199951171875000e+03,2.600000000000000000e+03,2.670000000000000000e+03,2.103000000000000000e+05
2.015122100000000000e+07,2.685000000000000000e+03,2.810000000000000000e+03,2.625000000000000000e+03,2.787500000000000000e+03,9.490000000000000000e+04
2.016010400000000000e+07,2.780000000000000000e+03,2.818000000000000000e+03,2.589600097656250000e+03,2.700000000000000000e+03,4.050000000000000000e+04
2.016011100000000000e+07,2.680000000000000000e+03,2.746370117187500000e+03,2.675000000000000000e+03,2.687500000000000000e+03,1.678000000000000000e+05
2.016011800000000000e+07,2.644199999999999818e+03,2.682000000000000000e+03,2.425000000000000000e+03,2.507500000000000000e+03,1.255000000000000000e+05
2.016012500000000000e+07,2.490000000000000000e+03,2.490000000000000000e+03,1.830000000000000000e+03,2.217500000000000000e+03,1.132000000000000000e+05
2.016020100000000000e+07,2.249350100000000111e+03,2.530000000000000000e+03,2.230000000000000000e+03,2.375000000000000000e+03,3.530000000000000000e+04
2.016020800000000000e+07,2.335000000000000000e+03,2.375000000000000000e+03,1.960000000000000000e+03,2.080000000000000000e+03,5.210000000000000000e+04
2.016021500000000000e+07,2.113199999999999818e+03,2.260000000000000000e+03,2.065000000000000000e+03,2.225000000000000000e+03,2.490000000000000000e+04
2.016022200000000000e+07,2.225000000000000000e+03,2.310000000000000000e+03,2.180699951171875000e+03,2.215000000000000000e+03,2.820000000000000000e+04
