2.004060700000000000e+07,2.650000000000000000e+02,2.690000000000000000e+02,2.640000000000000000e+02,2.677500000000000000e+02,1.217630000000000000e+07
2.004061400000000000e+07,2.680000000000000000e+02,2.685000000000000000e+02,2.644700012207031250e+02,2.647500000000000000e+02,8.096900000000000000e+06
2.004062100000000000e+07,2.647500000000000000e+02,2.670000000000000000e+02,2.639719848632812500e+02,2.650000000000000000e+02,3.754500000000000000e+06
2.004062800000000000e+07,2.650000000000000000e+02,2.705000000000000000e+02,2.644400024414062500e+02,2.670000000000000000e+02,4.926600000000000000e+06
2.004070500000000000e+07,2.665000000000000000e+02,2.762500000000000000e+02,2.650000000000000000e+02,2.762500000000000000e+02,3.976900000000000000e+06
2.004071200000000000e+07,2.790000000000000000e+02,2.808800048828125000e+02,2.750000000000000000e+02,2.775000000000000000e+02,4.547900000000000000e+06
2.004071900000000000e+07,2.750000000000000000e+02,2.800000000000000000e+02,2.720000000000000000e+02,2.720000000000000000e+02,2.659200000000000000e+06
2.004072600000000000e+07,2.730000000000000000e+02,2.744700012207031250e+02,2.654899902343750000e+02,2.682500000000000000e+02,3.346700000000000000e+06
2.004080200000000000e+07,2.695000000000000000e+02,2.700390014648437500e+02,2.644700012207031250e+02,2.650000000000000000e+02,1.087300000000000000e+06
2.004080900000000000e+07,2.650000000000000000e+02,2.669700012207031250e+02,2.623399963378906250e+02,2.635000000000000000e+02,1.731500000000000000e+06
2.004081600000000000e+07,2.650000000000000000e+02,2.800000000000000000e+02,2.630000000000000000e+02,2.785000000000000000e+02,6.179200000000000000e+06
2.004082300000000000e+07,2.795000000000000000e+02,2.800000000000000000e+02,2.725000000000000000e+02,2.787500000000000000e+02,2.875700000000000000e+06
2.004083000000000000e+07,2.787500000000000000e+02,2.950000000000000000e+02,2.787500000000000000e+02,2.935000000000000000e+02,5.557800000000000000e+06
2.004090600000000000e+07,2.960000000000000000e+02,2.962300109863281250e+02,2.860889892578125000e+02,2.902500000000000000e+02,4.316800000000000000e+06
2.004091300000000000e+07,2.900000000000000000e+02,2.965000000000000000e+02,2.875000000000000000e+02,2.920000000000000000e+02,9.948100000000000000e+06
2.004092000000000000e+07,2.950000000000000000e+02,2.960000000000000000e+02,2.870000000000000000e+02,2.910000000000000000e+02,2.721600000000000000e+06
2.004092700000000000e+07,2.920000000000000000e+02,3.030000000000000000e+02,2.860000000000000000e+02,2.905000000000000000e+02,9.897000000000000000e+06
2.004100400000000000e+07,2.930000000000000000e+02,2.932500000000000000e+02,2.827500000000000000e+02,2.830000000000000000e+02,7.059600000000000000e+06
2.004101100000000000e+07,2.812500000000000000e+02,2.880000000000000000e+02,2.812500000000000000e+02,2.860000000000000000e+02,2.532800000000000000e+06
2.004101800000000000e+07,2.880000000000000000e+02,2.920000000000000000e+02,2.850000000000000000e+02,2.875000000000000000e+02,5.221300000000000000e+06
2.004102500000000000e+07,2.870000000000000000e+02,2.895000000000000000e+02,2.842850036621093750e+02,2.850000000000000000e+02,4.597400000000000000e+06
2.004110100000000000e+07,2.880000000000000000e+02,2.957500000000000000e+02,2.850000000000000000e+02,2.950000000000000000e+02,3.837200000000000000e+06
2.004110800000000000e+07,2.945000000000000000e+02,3.032500000000000000e+02,2.744500122070312500e+02,3.032500000000000000e+02,3.929000000000000000e+06
2.004111500000000000e+07,3.032500000000000000e+02,3.080000000000000000e+02,2.950000000000000000e+02,2.972500000000000000e+02,8.984400000000000000e+06
2.004112200000000000e+07,2.965000000000000000e+02,3.013999938964843750e+02,2.922999877929687500e+02,2.980000000000000000e+02,3.034800000000000000e+06
2.004112900000000000e+07,2.967500000000000000e+02,3.050000000000000000e+02,2.925000000000000000e+02,2.950000000000000000e+02,7.826740800000000000e+07
2.004120600000000000e+07,2.950000000000000000e+02,2.958699951171875000e+02,2.850000000000000000e+02,2.860000000000000000e+02,1.000500000000000000e+07
2.004121300000000000e+07,2.877500000000000000e+02,3.047500000000000000e+02,2.875000000000000000e+02,3.047500000000000000e+02,1.446680000000000000e+07
2.004122000000000000e+07,3.020000000000000000e+02,3.060000000000000000e+02,2.993800048828125000e+02,3.025000000000000000e+02,3.968200000000000000e+06
2.004122700000000000e+07,3.025000000000000000e+02,3.100000000000000000e+02,3.015000000000000000e+02,3.100000000000000000e+02,4.152300000000000000e+06
2.005010300000000000e+07,3.100000000000000000e+02,3.120000000000000000e+02,3.035000000000000000e+02,3.040000000000000000e+02,5.333400000000000000e+06
2.005011000000000000e+07,3.065000000000000000e+02,3.140000000000000000e+02,3.048500061035156250e+02,3.130000000000000000e+02,5.678100000000000000e+06
2.005011700000000000e+07,3.147500000000000000e+02,3.210000000000000000e+02,3.130000000000000000e+02,3.180000000000000000e+02,6.559800000000000000e+06
2.005012400000000000e+07,3.160000000000000000e+02,3.175000000000000000e+02,2.122500000000000000e+02,3.130000000000000000e+02,5.217600000000000000e+06
2.005013100000000000e+07,3.135000000000000000e+02,3.277000122070312500e+02,3.117500000000000000e+02,3.267500000000000000e+02,9.849700000000000000e+06
2.005020700000000000e+07,3.280000000000000000e+02,3.330000000000000000e+02,3.250499877929687500e+02,3.310000000000000000e+02,1.324750000000000000e+07
2.005021400000000000e+07,3.315000000000000000e+02,3.375000000000000000e+02,3.200000000000000000e+02,3.230000000000000000e+02,1.413920000000000000e+07
2.005022100000000000e+07,3.237500000000000000e+02,3.247000122070312500e+02,3.137500000000000000e+02,3.145000000000000000e+02,2.357500000000000000e+06
2.005022800000000000e+07,3.160000000000000000e+02,3.180000000000000000e+02,3.080000000000000000e+02,3.172500000000000000e+02,7.666900000000000000e+06
2.005030700000000000e+07,3.172500000000000000e+02,3.199500122070312500e+02,3.120000000000000000e+02,3.140000000000000000e+02,8.229000000000000000e+06
2.005031400000000000e+07,3.135000000000000000e+02,3.157000122070312500e+02,3.057500000000000000e+02,3.060000000000000000e+02,1.109450000000000000e+07
2.005032100000000000e+07,3.060000000000000000e+02,3.069500122070312500e+02,2.945000000000000000e+02,2.950000000000000000e+02,6.522100000000000000e+06
2.005032800000000000e+07,2.950000000000000000e+02,3.010000000000000000e+02,2.930000000000000000e+02,2.985000000000000000e+02,5.272600000000000000e+06
2.005040400000000000e+07,2.990000000000000000e+02,3.050000000000000000e+02,2.890000000000000000e+02,3.032500000000000000e+02,8.332300000000000000e+06
2.005041100000000000e+07,3.030000000000000000e+02,3.040000000000000000e+02,2.970000000000000000e+02,3.005000000000000000e+02,6.577700000000000000e+06
2.005041800000000000e+07,2.975000000000000000e+02,3.000000000000000000e+02,2.965000000000000000e+02,2.985000000000000000e+02,7.982600000000000000e+06
2.005042500000000000e+07,2.982500000000000000e+02,2.992500000000000000e+02,2.730000000000000000e+02,2.730000000000000000e+02,1.019060000000000000e+07
2.005050200000000000e+07,2.730000000000000000e+02,2.750000000000000000e+02,2.593900146484375000e+02,2.700000000000000000e+02,1.108550000000000000e+07
2.005050900000000000e+07,2.700000000000000000e+02,2.730000000000000000e+02,2.640000000000000000e+02,2.720000000000000000e+02,9.333900000000000000e+06
2.005051600000000000e+07,2.730000000000000000e+02,2.820000000000000000e+02,2.727500000000000000e+02,2.810000000000000000e+02,4.288400000000000000e+06
2.005052300000000000e+07,2.805000000000000000e+02,2.850000000000000000e+02,2.787200012207031250e+02,2.817500000000000000e+02,2.186700000000000000e+06
2.005053000000000000e+07,2.817500000000000000e+02,2.907500000000000000e+02,2.810000000000000000e+02,2.855000000000000000e+02,3.678800000000000000e+06
2.005060600000000000e+07,2.860000000000000000e+02,3.010000000000000000e+02,1.875000000000000000e+02,3.000000000000000000e+02,5.427200000000000000e+06
2.005061300000000000e+07,3.010000000000000000e+02,3.010000000000000000e+02,2.887500000000000000e+02,2.895000000000000000e+02,6.276600000000000000e+06
2.005062000000000000e+07,2.895000000000000000e+02,2.986000061035156250e+02,2.820000000000000000e+02,2.920000000000000000e+02,1.211140000000000000e+07
2.005062700000000000e+07,2.910000000000000000e+02,2.982500000000000000e+02,2.860000000000000000e+02,2.975000000000000000e+02,7.502100000000000000e+06
2.005070400000000000e+07,2.950000000000000000e+02,2.983999938964843750e+02,2.802500000000000000e+02,2.912500000000000000e+02,7.712300000000000000e+06
2.005071100000000000e+07,2.920000000000000000e+02,3.090000000000000000e+02,2.892600097656250000e+02,3.090000000000000000e+02,1.244990000000000000e+07
2.005071800000000000e+07,3.080000000000000000e+02,3.102000122070312500e+02,3.030000000000000000e+02,3.050000000000000000e+02,1.110410000000000000e+07
2.005072500000000000e+07,3.077500000000000000e+02,3.100000000000000000e+02,3.025000000000000000e+02,3.095000000000000000e+02,1.520900000000000000e+06
2.005080100000000000e+07,3.090000000000000000e+02,3.100000000000000000e+02,3.042500000000000000e+02,3.065000000000000000e+02,1.733400000000000000e+06
2.005080800000000000e+07,3.050000000000000000e+02,3.110000000000000000e+02,3.042500000000000000e+02,3.072500000000000000e+02,2.775200000000000000e+06
2.005081500000000000e+07,3.065000000000000000e+02,3.280000000000000000e+02,2.855000000000000000e+02,3.237500000000000000e+02,3.750400000000000000e+06
2.005082200000000000e+07,3.227500000000000000e+02,3.235000000000000000e+02,3.165000000000000000e+02,3.200000000000000000e+02,4.138600000000000000e+06
2.005082900000000000e+07,3.200000000000000000e+02,3.220000000000000000e+02,3.172500000000000000e+02,3.200000000000000000e+02,2.956500000000000000e+06
2.005090500000000000e+07,3.202500000000000000e+02,3.230000000000000000e+02,3.160000000000000000e+02,3.160000000000000000e+02,1.678500000000000000e+06
2.005091200000000000e+07,3.170000000000000000e+02,3.177500000000000000e+02,3.080000000000000000e+02,3.110000000000000000e+02,2.163200000000000000e+06
2.005091900000000000e+07,3.110000000000000000e+02,3.110000000000000000e+02,3.007500000000000000e+02,3.017500000000000000e+02,6.713400000000000000e+06
2.005092600000000000e+07,3.007500000000000000e+02,3.017500000000000000e+02,2.870000000000000000e+02,2.900000000000000000e+02,7.655400000000000000e+06
2.005100300000000000e+07,2.902500000000000000e+02,2.955000000000000000e+02,2.758999938964843750e+02,2.922500000000000000e+02,6.490500000000000000e+06
2.005101000000000000e+07,2.910000000000000000e+02,2.924100036621093750e+02,2.777500000000000000e+02,2.787500000000000000e+02,3.358600000000000000e+06
2.005101700000000000e+07,2.792500000000000000e+02,2.810000000000000000e+02,2.670000000000000000e+02,2.690000000000000000e+02,3.555300000000000000e+06
2.005102400000000000e+07,2.690000000000000000e+02,2.767500000000000000e+02,2.670000000000000000e+02,2.710000000000000000e+02,8.432100000000000000e+06
2.005103100000000000e+07,2.735000000000000000e+02,2.905000000000000000e+02,2.714200134277343750e+02,2.900000000000000000e+02,7.798000000000000000e+06
2.005110700000000000e+07,2.882500000000000000e+02,2.990000000000000000e+02,2.852500000000000000e+02,2.975000000000000000e+02,4.500200000000000000e+06
2.005111400000000000e+07,2.950000000000000000e+02,3.017500000000000000e+02,2.905000000000000000e+02,3.017500000000000000e+02,4.698700000000000000e+06
2.005112100000000000e+07,3.000000000000000000e+02,3.270000000000000000e+02,2.972500000000000000e+02,3.260000000000000000e+02,1.054000000000000000e+07
2.005112800000000000e+07,3.255000000000000000e+02,3.320000000000000000e+02,3.160000000000000000e+02,3.182500000000000000e+02,9.683700000000000000e+06
2.005120500000000000e+07,3.182500000000000000e+02,3.250000000000000000e+02,3.100000000000000000e+02,3.150000000000000000e+02,1.262790000000000000e+07
2.005121200000000000e+07,3.150000000000000000e+02,3.340000000000000000e+02,3.115000000000000000e+02,3.290000000000000000e+02,2.953140000000000000e+07
2.005121900000000000e+07,3.285000000000000000e+02,3.412500000000000000e+02,3.272500000000000000e+02,3.405000000000000000e+02,2.967800000000000000e+06
2.005122600000000000e+07,3.405000000000000000e+02,3.550000000000000000e+02,3.405000000000000000e+02,3.550000000000000000e+02,1.634000000000000000e+06
2.006010200000000000e+07,3.550000000000000000e+02,3.554100036621093750e+02,3.435000000000000000e+02,3.522500000000000000e+02,3.691100000000000000e+06
2.006010900000000000e+07,3.527500000000000000e+02,3.540599975585937500e+02,1.755000000000000000e+02,3.410000000000000000e+02,3.656900000000000000e+06
2.006011600000000000e+07,3.430000000000000000e+02,3.440000000000000000e+02,3.265199890136718750e+02,3.405000000000000000e+02,4.365300000000000000e+06
2.006012300000000000e+07,3.337500000000000000e+02,3.415000000000000000e+02,3.310599975585937500e+02,3.360000000000000000e+02,4.870520000000000000e+07
2.006013000000000000e+07,3.337500000000000000e+02,3.370050048828125000e+02,3.302500000000000000e+02,3.355000000000000000e+02,8.312700000000000000e+06
2.006020600000000000e+07,3.340000000000000000e+02,3.417500000000000000e+02,3.340000000000000000e+02,3.410000000000000000e+02,4.960100000000000000e+06
2.006021300000000000e+07,3.410000000000000000e+02,3.435000000000000000e+02,3.370000000000000000e+02,3.380000000000000000e+02,2.169400000000000000e+06
2.006022000000000000e+07,3.380000000000000000e+02,3.390000000000000000e+02,3.280000000000000000e+02,3.350000000000000000e+02,2.743400000000000000e+06
2.006022700000000000e+07,3.335000000000000000e+02,3.370000000000000000e+02,3.302500000000000000e+02,3.302500000000000000e+02,2.305800000000000000e+06
2.006030600000000000e+07,3.350000000000000000e+02,3.350000000000000000e+02,3.160000000000000000e+02,3.320000000000000000e+02,6.766400000000000000e+06
2.006031300000000000e+07,3.330000000000000000e+02,3.465000000000000000e+02,3.310000000000000000e+02,3.450000000000000000e+02,2.487300000000000000e+06
2.006032000000000000e+07,3.447500000000000000e+02,3.460000000000000000e+02,3.350000000000000000e+02,3.437500000000000000e+02,3.130800000000000000e+06
2.006032700000000000e+07,3.430000000000000000e+02,3.465000000000000000e+02,3.352500000000000000e+02,3.380000000000000000e+02,5.559600000000000000e+06
2.006040300000000000e+07,3.397500000000000000e+02,3.860000000000000000e+02,3.070000000000000000e+02,3.137500000000000000e+02,1.080440000000000000e+07
2.006041000000000000e+07,3.132500000000000000e+02,3.142600097656250000e+02,3.040000000000000000e+02,3.115000000000000000e+02,6.687200000000000000e+06
2.006041700000000000e+07,3.115000000000000000e+02,3.170000000000000000e+02,3.089039916992187500e+02,3.110000000000000000e+02,3.621100000000000000e+06
2.006042400000000000e+07,3.095000000000000000e+02,3.172500000000000000e+02,3.062500000000000000e+02,3.130000000000000000e+02,6.315100000000000000e+06
2.006050100000000000e+07,3.130000000000000000e+02,3.190000000000000000e+02,3.100000000000000000e+02,3.190000000000000000e+02,3.486200000000000000e+06
2.006050800000000000e+07,3.197500000000000000e+02,3.240000000000000000e+02,3.130000000000000000e+02,3.155000000000000000e+02,5.994000000000000000e+06
2.006051500000000000e+07,3.147500000000000000e+02,3.147500000000000000e+02,2.880000000000000000e+02,2.915000000000000000e+02,7.924100000000000000e+06
2.006052200000000000e+07,2.885000000000000000e+02,3.017500000000000000e+02,2.835000000000000000e+02,3.017500000000000000e+02,5.408100000000000000e+06
2.006052900000000000e+07,3.017500000000000000e+02,3.017500000000000000e+02,2.900000000000000000e+02,2.932500000000000000e+02,2.333800000000000000e+06
2.006060500000000000e+07,2.912500000000000000e+02,3.050000000000000000e+02,2.801929931640625000e+02,3.010000000000000000e+02,9.539100000000000000e+06
2.006061200000000000e+07,3.000000000000000000e+02,3.150000000000000000e+02,2.945000000000000000e+02,3.040000000000000000e+02,8.447300000000000000e+06
2.006061900000000000e+07,3.055000000000000000e+02,3.060000000000000000e+02,2.977500000000000000e+02,3.020000000000000000e+02,3.156000000000000000e+06
2.006062600000000000e+07,3.050000000000000000e+02,3.077500000000000000e+02,2.960000000000000000e+02,2.980000000000000000e+02,6.695700000000000000e+06
2.006070300000000000e+07,3.025000000000000000e+02,3.060000000000000000e+02,2.970000000000000000e+02,3.027500000000000000e+02,3.304800000000000000e+06
2.006071000000000000e+07,3.012500000000000000e+02,3.037500000000000000e+02,2.945000000000000000e+02,2.947500000000000000e+02,3.768100000000000000e+06
2.006071700000000000e+07,2.950000000000000000e+02,3.000000000000000000e+02,2.902500000000000000e+02,2.950000000000000000e+02,2.218700000000000000e+06
2.006072400000000000e+07,2.997500000000000000e+02,2.997500000000000000e+02,2.935000000000000000e+02,2.957500000000000000e+02,3.659800000000000000e+06
2.006073100000000000e+07,2.967500000000000000e+02,3.085000000000000000e+02,2.930000000000000000e+02,3.085000000000000000e+02,3.592900000000000000e+06
2.006080700000000000e+07,3.052500000000000000e+02,3.072500000000000000e+02,2.970000000000000000e+02,2.977500000000000000e+02,1.904700000000000000e+06
2.006081400000000000e+07,3.017500000000000000e+02,3.250000000000000000e+02,2.972500000000000000e+02,3.175000000000000000e+02,4.760300000000000000e+06
2.006082100000000000e+07,3.160000000000000000e+02,3.197500000000000000e+02,3.117500000000000000e+02,3.170000000000000000e+02,4.466000000000000000e+06
2.006082800000000000e+07,3.170000000000000000e+02,3.365000000000000000e+02,3.132500000000000000e+02,3.327500000000000000e+02,3.717400000000000000e+06
2.006090400000000000e+07,3.320000000000000000e+02,3.410000000000000000e+02,3.230000000000000000e+02,3.252500000000000000e+02,7.614800000000000000e+06
2.006091100000000000e+07,3.252500000000000000e+02,3.360799865722656250e+02,3.230000000000000000e+02,3.337500000000000000e+02,5.768200000000000000e+06
2.006091800000000000e+07,3.337500000000000000e+02,3.377500000000000000e+02,3.312500000000000000e+02,3.337500000000000000e+02,3.272800000000000000e+06
2.006092500000000000e+07,3.377500000000000000e+02,3.390000000000000000e+02,3.330000000000000000e+02,3.355000000000000000e+02,2.757000000000000000e+06
2.006100200000000000e+07,3.345000000000000000e+02,3.432500000000000000e+02,3.307500000000000000e+02,3.427500000000000000e+02,7.409700000000000000e+06
2.006100900000000000e+07,3.432500000000000000e+02,3.442500000000000000e+02,3.352500000000000000e+02,3.390000000000000000e+02,8.171000000000000000e+06
2.006101600000000000e+07,3.395000000000000000e+02,3.410000000000000000e+02,3.330000000000000000e+02,3.352500000000000000e+02,5.841300000000000000e+06
2.006102300000000000e+07,3.377500000000000000e+02,3.420000000000000000e+02,3.332500000000000000e+02,3.380000000000000000e+02,4.567900000000000000e+06
2.006103000000000000e+07,3.370000000000000000e+02,3.397500000000000000e+02,3.340000000000000000e+02,3.370000000000000000e+02,6.294200000000000000e+06
2.006110600000000000e+07,3.370000000000000000e+02,3.450000000000000000e+02,3.356329956054687500e+02,3.420000000000000000e+02,8.000000000000000000e+06
2.006111300000000000e+07,3.435000000000000000e+02,3.507500000000000000e+02,3.395000000000000000e+02,3.425000000000000000e+02,5.059100000000000000e+06
2.006112000000000000e+07,3.427500000000000000e+02,3.510000000000000000e+02,3.362500000000000000e+02,3.472500000000000000e+02,6.781300000000000000e+06
2.006112700000000000e+07,3.500000000000000000e+02,3.627500000000000000e+02,3.492500000000000000e+02,3.602500000000000000e+02,9.560000000000000000e+06
2.006120400000000000e+07,3.630000000000000000e+02,3.694049987792968750e+02,3.242500000000000000e+02,3.535000000000000000e+02,4.277250000000000000e+07
2.006121100000000000e+07,3.565000000000000000e+02,3.630000000000000000e+02,3.547500000000000000e+02,3.602500000000000000e+02,4.201900000000000000e+06
2.006121800000000000e+07,3.602500000000000000e+02,3.675000000000000000e+02,3.602500000000000000e+02,3.675000000000000000e+02,4.072600000000000000e+06
2.006122500000000000e+07,3.675000000000000000e+02,3.690000000000000000e+02,3.622500000000000000e+02,3.677500000000000000e+02,1.206300000000000000e+06
2.007010100000000000e+07,3.677500000000000000e+02,3.777500000000000000e+02,3.657099914550781250e+02,3.720000000000000000e+02,3.085400000000000000e+06
2.007010800000000000e+07,3.697500000000000000e+02,3.715000000000000000e+02,3.482500000000000000e+02,3.522500000000000000e+02,7.709700000000000000e+06
2.007011500000000000e+07,3.550000000000000000e+02,3.747500000000000000e+02,3.526900024414062500e+02,3.747500000000000000e+02,1.005950000000000000e+07
2.007012200000000000e+07,3.745000000000000000e+02,3.767500000000000000e+02,3.610000000000000000e+02,3.620000000000000000e+02,6.427000000000000000e+06
2.007012900000000000e+07,3.582500000000000000e+02,3.712500000000000000e+02,3.580000000000000000e+02,3.697500000000000000e+02,5.080800000000000000e+06
2.007020500000000000e+07,3.715000000000000000e+02,3.835000000000000000e+02,3.687500000000000000e+02,3.820000000000000000e+02,5.650500000000000000e+06
2.007021200000000000e+07,3.790000000000000000e+02,3.850000000000000000e+02,3.750000000000000000e+02,3.837500000000000000e+02,3.677800000000000000e+06
2.007021900000000000e+07,3.822500000000000000e+02,4.012500000000000000e+02,3.805000000000000000e+02,3.917500000000000000e+02,4.344400000000000000e+06
2.007022600000000000e+07,3.905000000000000000e+02,3.950000000000000000e+02,3.600000000000000000e+02,3.665000000000000000e+02,3.787800000000000000e+06
2.007030500000000000e+07,3.620000000000000000e+02,3.787500000000000000e+02,3.520400085449218750e+02,3.787500000000000000e+02,4.885400000000000000e+06
2.007031200000000000e+07,3.800000000000000000e+02,3.860000000000000000e+02,3.612500000000000000e+02,3.640000000000000000e+02,6.457100000000000000e+06
2.007031900000000000e+07,3.602500000000000000e+02,3.770000000000000000e+02,3.602500000000000000e+02,3.737500000000000000e+02,2.816400000000000000e+06
2.007032600000000000e+07,3.732500000000000000e+02,3.862500000000000000e+02,3.655000000000000000e+02,3.822500000000000000e+02,4.236500000000000000e+06
2.007040200000000000e+07,3.812500000000000000e+02,3.967500000000000000e+02,3.790000000000000000e+02,3.920000000000000000e+02,5.638100000000000000e+06
2.007040900000000000e+07,3.920000000000000000e+02,4.030000000000000000e+02,3.852500000000000000e+02,3.925000000000000000e+02,3.914200000000000000e+06
2.007041600000000000e+07,3.960000000000000000e+02,3.960000000000000000e+02,3.760000000000000000e+02,3.847500000000000000e+02,6.422100000000000000e+06
2.007042300000000000e+07,3.812500000000000000e+02,3.850000000000000000e+02,3.760000000000000000e+02,3.812500000000000000e+02,3.002000000000000000e+06
2.007043000000000000e+07,3.797500000000000000e+02,3.870000000000000000e+02,3.760000000000000000e+02,3.862500000000000000e+02,4.702300000000000000e+06
2.007050700000000000e+07,3.862500000000000000e+02,3.870000000000000000e+02,3.737500000000000000e+02,3.775000000000000000e+02,2.928600000000000000e+06
2.007051400000000000e+07,3.800000000000000000e+02,3.827500000000000000e+02,3.725000000000000000e+02,3.815000000000000000e+02,3.818400000000000000e+06
2.007052100000000000e+07,3.840000000000000000e+02,3.890000000000000000e+02,3.740000000000000000e+02,3.810000000000000000e+02,3.719000000000000000e+06
2.007052800000000000e+07,3.810000000000000000e+02,3.982500000000000000e+02,3.800000000000000000e+02,3.982500000000000000e+02,5.622100000000000000e+06
2.007060400000000000e+07,3.942500000000000000e+02,3.990000000000000000e+02,3.680000000000000000e+02,3.900000000000000000e+02,9.239500000000000000e+06
2.007061100000000000e+07,3.870000000000000000e+02,4.130000000000000000e+02,3.830000000000000000e+02,4.075000000000000000e+02,9.998000000000000000e+06
2.007061800000000000e+07,4.070000000000000000e+02,4.100000000000000000e+02,3.830000000000000000e+02,3.877500000000000000e+02,8.886200000000000000e+06
2.007062500000000000e+07,3.850000000000000000e+02,3.950000000000000000e+02,3.745000000000000000e+02,3.885000000000000000e+02,6.758600000000000000e+06
2.007070200000000000e+07,3.850000000000000000e+02,4.147500000000000000e+02,3.797500000000000000e+02,4.117500000000000000e+02,1.305460000000000000e+07
2.007070900000000000e+07,4.110000000000000000e+02,4.110000000000000000e+02,3.940000000000000000e+02,4.060000000000000000e+02,9.800600000000000000e+06
2.007071600000000000e+07,4.110000000000000000e+02,4.110000000000000000e+02,3.950000000000000000e+02,4.022500000000000000e+02,3.116600000000000000e+06
2.007072300000000000e+07,4.020000000000000000e+02,4.140000000000000000e+02,3.810000000000000000e+02,3.900000000000000000e+02,9.877000000000000000e+06
2.007073000000000000e+07,3.880000000000000000e+02,3.952500000000000000e+02,3.795000000000000000e+02,3.862500000000000000e+02,6.767900000000000000e+06
2.007080600000000000e+07,3.820000000000000000e+02,3.940000000000000000e+02,3.415000000000000000e+02,3.427500000000000000e+02,1.291050000000000000e+07
2.007081300000000000e+07,3.502500000000000000e+02,3.925000000000000000e+02,3.434400024414062500e+02,3.632500000000000000e+02,8.839100000000000000e+06
2.007082000000000000e+07,3.645000000000000000e+02,3.887500000000000000e+02,3.633649902343750000e+02,3.817500000000000000e+02,3.973700000000000000e+06
2.007082700000000000e+07,3.817500000000000000e+02,4.065000000000000000e+02,3.780000000000000000e+02,4.057500000000000000e+02,3.939000000000000000e+06
2.007090300000000000e+07,4.060000000000000000e+02,4.120000000000000000e+02,3.877500000000000000e+02,3.917500000000000000e+02,6.886600000000000000e+06
2.007091000000000000e+07,3.922500000000000000e+02,4.017000122070312500e+02,3.750000000000000000e+02,3.755000000000000000e+02,3.508100000000000000e+06
2.007091700000000000e+07,3.750000000000000000e+02,3.774800109863281250e+02,3.585000000000000000e+02,3.630000000000000000e+02,6.616600000000000000e+06
2.007092400000000000e+07,3.580000000000000000e+02,3.660000000000000000e+02,3.171239929199218750e+02,3.545000000000000000e+02,1.041960000000000000e+07
2.007100100000000000e+07,3.500000000000000000e+02,3.800000000000000000e+02,3.500000000000000000e+02,3.695000000000000000e+02,1.093580000000000000e+07
2.007100800000000000e+07,3.690000000000000000e+02,3.753649902343750000e+02,3.588850097656250000e+02,3.592500000000000000e+02,4.355000000000000000e+06
2.007101500000000000e+07,3.582500000000000000e+02,3.597500000000000000e+02,3.400000000000000000e+02,3.400000000000000000e+02,9.214700000000000000e+06
2.007102200000000000e+07,3.390000000000000000e+02,3.550000000000000000e+02,3.332500000000000000e+02,3.447500000000000000e+02,4.989900000000000000e+06
2.007102900000000000e+07,3.480000000000000000e+02,3.700000000000000000e+02,3.450000000000000000e+02,3.530000000000000000e+02,1.259600000000000000e+07
2.007110500000000000e+07,3.490000000000000000e+02,3.520000000000000000e+02,3.120000000000000000e+02,3.375000000000000000e+02,8.443000000000000000e+06
2.007111200000000000e+07,3.330000000000000000e+02,3.470000000000000000e+02,3.267500000000000000e+02,3.285000000000000000e+02,4.940000000000000000e+06
2.007111900000000000e+07,3.280000000000000000e+02,3.330000000000000000e+02,2.830000000000000000e+02,3.267500000000000000e+02,9.689700000000000000e+06
2.007112600000000000e+07,3.300000000000000000e+02,3.370400085449218750e+02,2.992500000000000000e+02,3.112500000000000000e+02,6.217100000000000000e+06
2.007120300000000000e+07,3.080000000000000000e+02,3.200000000000000000e+02,2.950000000000000000e+02,3.130000000000000000e+02,3.807600000000000000e+06
2.007121000000000000e+07,3.160000000000000000e+02,3.167500000000000000e+02,3.050000000000000000e+02,3.087500000000000000e+02,5.412900000000000000e+06
2.007121700000000000e+07,3.075000000000000000e+02,3.147500000000000000e+02,2.990000000000000000e+02,3.057500000000000000e+02,4.184700000000000000e+06
2.007122400000000000e+07,3.102500000000000000e+02,3.120000000000000000e+02,3.030000000000000000e+02,3.057500000000000000e+02,7.155000000000000000e+05
2.007123100000000000e+07,3.032500000000000000e+02,3.125000000000000000e+02,2.727500000000000000e+02,2.800000000000000000e+02,4.674500000000000000e+06
2.008010700000000000e+07,2.840000000000000000e+02,2.840000000000000000e+02,2.420000000000000000e+02,2.497500000000000000e+02,8.360800000000000000e+06
2.008011400000000000e+07,2.520000000000000000e+02,2.722500000000000000e+02,2.397500000000000000e+02,2.675000000000000000e+02,6.633100000000000000e+06
2.008012100000000000e+07,2.652500000000000000e+02,2.937500000000000000e+02,2.360000000000000000e+02,2.830000000000000000e+02,1.018890000000000000e+07
2.008012800000000000e+07,2.750000000000000000e+02,3.060000000000000000e+02,2.750000000000000000e+02,2.937500000000000000e+02,3.833100000000000000e+06
2.008020400000000000e+07,2.950000000000000000e+02,3.000000000000000000e+02,2.602500000000000000e+02,2.742500000000000000e+02,6.046000000000000000e+06
2.008021100000000000e+07,2.710000000000000000e+02,2.790000000000000000e+02,2.662500000000000000e+02,2.697500000000000000e+02,3.392900000000000000e+06
2.008021800000000000e+07,2.712500000000000000e+02,2.900000000000000000e+02,2.712500000000000000e+02,2.807500000000000000e+02,2.684800000000000000e+06
2.008022500000000000e+07,2.830000000000000000e+02,2.950000000000000000e+02,2.782500000000000000e+02,2.820000000000000000e+02,2.745300000000000000e+06
2.008030300000000000e+07,2.797500000000000000e+02,2.837699890136718750e+02,2.660000000000000000e+02,2.672500000000000000e+02,3.430400000000000000e+06
2.008031000000000000e+07,2.662500000000000000e+02,2.717500000000000000e+02,2.600000000000000000e+02,2.612500000000000000e+02,2.805700000000000000e+06
2.008031700000000000e+07,2.572500000000000000e+02,2.812500000000000000e+02,2.497500000000000000e+02,2.797500000000000000e+02,3.776500000000000000e+06
2.008032400000000000e+07,2.797500000000000000e+02,2.980000000000000000e+02,2.797500000000000000e+02,2.937500000000000000e+02,2.969200000000000000e+06
2.008033100000000000e+07,2.892500000000000000e+02,2.990000000000000000e+02,2.790000000000000000e+02,2.880000000000000000e+02,3.640100000000000000e+06
2.008040700000000000e+07,2.920000000000000000e+02,3.005000000000000000e+02,2.810000000000000000e+02,2.832500000000000000e+02,3.002200000000000000e+06
2.008041400000000000e+07,2.855000000000000000e+02,2.860000000000000000e+02,2.627500000000000000e+02,2.840000000000000000e+02,4.537100000000000000e+06
2.008042100000000000e+07,2.840000000000000000e+02,2.840000000000000000e+02,2.579429931640625000e+02,2.670000000000000000e+02,4.259200000000000000e+06
2.008042800000000000e+07,2.692500000000000000e+02,2.855000000000000000e+02,2.692500000000000000e+02,2.835000000000000000e+02,2.465300000000000000e+06
2.008050500000000000e+07,2.835000000000000000e+02,2.930000000000000000e+02,2.790000000000000000e+02,2.867500000000000000e+02,1.563500000000000000e+06
2.008051200000000000e+07,2.867500000000000000e+02,2.942500000000000000e+02,2.750000000000000000e+02,2.850000000000000000e+02,3.285800000000000000e+06
2.008051900000000000e+07,2.860000000000000000e+02,2.900000000000000000e+02,2.762500000000000000e+02,2.785000000000000000e+02,2.598800000000000000e+06
2.008052600000000000e+07,2.785000000000000000e+02,2.835000000000000000e+02,2.745000000000000000e+02,2.755000000000000000e+02,2.457700000000000000e+06
2.008060200000000000e+07,2.787500000000000000e+02,2.855000000000000000e+02,2.630000000000000000e+02,2.780000000000000000e+02,4.071100000000000000e+06
2.008060900000000000e+07,2.785000000000000000e+02,2.797500000000000000e+02,2.600000000000000000e+02,2.705000000000000000e+02,5.423600000000000000e+06
2.008061600000000000e+07,2.700000000000000000e+02,2.788280029296875000e+02,2.640000000000000000e+02,2.672500000000000000e+02,4.438000000000000000e+06
2.008062300000000000e+07,2.685000000000000000e+02,2.737500000000000000e+02,2.600000000000000000e+02,2.672500000000000000e+02,3.206900000000000000e+06
2.008063000000000000e+07,2.680000000000000000e+02,2.692500000000000000e+02,2.467500000000000000e+02,2.507500000000000000e+02,2.778400000000000000e+06
2.008070700000000000e+07,2.507500000000000000e+02,2.540000000000000000e+02,2.290000000000000000e+02,2.310000000000000000e+02,5.323000000000000000e+06
2.008071400000000000e+07,2.312500000000000000e+02,2.742500000000000000e+02,2.297500000000000000e+02,2.722500000000000000e+02,6.413600000000000000e+06
2.008072100000000000e+07,2.705000000000000000e+02,2.980000000000000000e+02,2.667500000000000000e+02,2.795000000000000000e+02,8.501400000000000000e+06
2.008072800000000000e+07,2.782500000000000000e+02,2.872500000000000000e+02,2.702500000000000000e+02,2.827500000000000000e+02,3.751700000000000000e+06
2.008080400000000000e+07,2.822500000000000000e+02,3.150000000000000000e+02,2.795000000000000000e+02,3.127500000000000000e+02,3.957400000000000000e+06
2.008081100000000000e+07,3.117500000000000000e+02,3.222500000000000000e+02,2.935000000000000000e+02,2.962500000000000000e+02,5.873300000000000000e+06
2.008081800000000000e+07,2.985000000000000000e+02,2.985000000000000000e+02,2.680000000000000000e+02,2.830000000000000000e+02,3.711800000000000000e+06
2.008082500000000000e+07,2.830000000000000000e+02,2.952500000000000000e+02,2.725000000000000000e+02,2.940000000000000000e+02,3.417200000000000000e+06
2.008090100000000000e+07,2.900000000000000000e+02,3.060000000000000000e+02,2.805000000000000000e+02,2.812500000000000000e+02,3.639100000000000000e+06
2.008090800000000000e+07,2.890000000000000000e+02,2.920000000000000000e+02,2.645000000000000000e+02,2.805000000000000000e+02,3.745700000000000000e+06
2.008091500000000000e+07,2.765000000000000000e+02,2.897500000000000000e+02,2.690000000000000000e+02,2.835000000000000000e+02,7.611200000000000000e+06
2.008092200000000000e+07,2.802500000000000000e+02,2.835000000000000000e+02,2.550000000000000000e+02,2.615000000000000000e+02,2.847900000000000000e+06
2.008092900000000000e+07,2.600000000000000000e+02,2.835000000000000000e+02,2.390000000000000000e+02,2.770000000000000000e+02,4.011000000000000000e+06
2.008100600000000000e+07,2.685000000000000000e+02,2.847500000000000000e+02,2.240000000000000000e+02,2.297500000000000000e+02,7.179800000000000000e+06
2.008101300000000000e+07,2.327500000000000000e+02,2.542500000000000000e+02,2.137500000000000000e+02,2.245000000000000000e+02,6.958100000000000000e+06
2.008102000000000000e+07,2.287500000000000000e+02,2.307500000000000000e+02,2.067500000000000000e+02,2.092500000000000000e+02,3.372600000000000000e+06
2.008102700000000000e+07,2.040000000000000000e+02,2.320000000000000000e+02,2.020000000000000000e+02,2.215000000000000000e+02,4.528000000000000000e+06
2.008110300000000000e+07,2.247500000000000000e+02,2.600000000000000000e+02,2.227500000000000000e+02,2.550000000000000000e+02,5.480200000000000000e+06
2.008111000000000000e+07,2.635000000000000000e+02,2.670000000000000000e+02,2.340000000000000000e+02,2.367500000000000000e+02,2.425200000000000000e+06
2.008111700000000000e+07,2.400000000000000000e+02,2.547500000000000000e+02,2.202500000000000000e+02,2.370000000000000000e+02,5.623900000000000000e+06
2.008112400000000000e+07,2.400000000000000000e+02,2.615000000000000000e+02,2.332500000000000000e+02,2.400000000000000000e+02,3.873300000000000000e+06
2.008120100000000000e+07,2.400000000000000000e+02,2.412500000000000000e+02,2.140000000000000000e+02,2.265000000000000000e+02,3.468300000000000000e+06
2.008120800000000000e+07,2.302500000000000000e+02,2.450000000000000000e+02,2.285000000000000000e+02,2.332500000000000000e+02,3.519400000000000000e+06
2.008121500000000000e+07,2.345000000000000000e+02,2.537500000000000000e+02,2.322500000000000000e+02,2.375000000000000000e+02,3.530900000000000000e+06
2.008122200000000000e+07,2.330000000000000000e+02,2.395000000000000000e+02,2.320000000000000000e+02,2.350000000000000000e+02,6.181000000000000000e+05
2.008122900000000000e+07,2.315000000000000000e+02,2.500000000000000000e+02,2.315000000000000000e+02,2.495000000000000000e+02,9.233000000000000000e+05
2.009010500000000000e+07,2.530000000000000000e+02,2.530000000000000000e+02,2.167500000000000000e+02,2.270000000000000000e+02,3.857800000000000000e+06
2.009011200000000000e+07,2.277500000000000000e+02,2.610000000000000000e+02,2.220000000000000000e+02,2.467500000000000000e+02,5.318100000000000000e+06
2.009011900000000000e+07,2.500000000000000000e+02,2.530000000000000000e+02,2.287500000000000000e+02,2.287500000000000000e+02,3.997600000000000000e+06
2.009012600000000000e+07,2.310000000000000000e+02,2.500000000000000000e+02,2.255000000000000000e+02,2.500000000000000000e+02,3.568200000000000000e+06
2.009020200000000000e+07,2.482500000000000000e+02,2.750000000000000000e+02,2.300000000000000000e+02,2.667500000000000000e+02,1.467200000000000000e+06
2.009020900000000000e+07,2.677500000000000000e+02,2.780000000000000000e+02,2.587500000000000000e+02,2.637500000000000000e+02,4.411500000000000000e+06
2.009021600000000000e+07,2.585000000000000000e+02,2.692500000000000000e+02,2.535000000000000000e+02,2.545000000000000000e+02,2.761000000000000000e+06
2.009022300000000000e+07,2.545000000000000000e+02,2.755000000000000000e+02,2.545000000000000000e+02,2.605000000000000000e+02,3.899300000000000000e+06
2.009030200000000000e+07,2.577500000000000000e+02,2.842500000000000000e+02,2.527500000000000000e+02,2.750000000000000000e+02,4.075100000000000000e+06
2.009030900000000000e+07,2.745000000000000000e+02,2.880000000000000000e+02,2.625000000000000000e+02,2.760000000000000000e+02,3.962700000000000000e+06
2.009031600000000000e+07,2.782500000000000000e+02,2.962500000000000000e+02,2.642500000000000000e+02,2.812500000000000000e+02,5.587700000000000000e+06
2.009032300000000000e+07,2.850000000000000000e+02,2.977500000000000000e+02,2.800000000000000000e+02,2.885000000000000000e+02,4.561100000000000000e+06
2.009033000000000000e+07,2.877500000000000000e+02,3.130000000000000000e+02,2.807500000000000000e+02,3.050000000000000000e+02,3.008700000000000000e+06
2.009040600000000000e+07,3.030000000000000000e+02,3.135000000000000000e+02,2.897500000000000000e+02,3.030000000000000000e+02,2.756900000000000000e+06
2.009041300000000000e+07,3.030000000000000000e+02,3.257500000000000000e+02,3.010000000000000000e+02,3.145000000000000000e+02,3.788600000000000000e+06
2.009042000000000000e+07,3.217500000000000000e+02,3.440000000000000000e+02,3.077500000000000000e+02,3.380000000000000000e+02,4.809100000000000000e+06
2.009042700000000000e+07,3.382500000000000000e+02,3.412500000000000000e+02,3.205000000000000000e+02,3.375000000000000000e+02,3.694200000000000000e+06
2.009050400000000000e+07,3.375000000000000000e+02,3.472500000000000000e+02,3.272500000000000000e+02,3.287500000000000000e+02,2.642000000000000000e+06
2.009051100000000000e+07,3.302500000000000000e+02,3.350000000000000000e+02,2.972500000000000000e+02,3.060000000000000000e+02,3.419200000000000000e+06
2.009051800000000000e+07,3.062500000000000000e+02,3.345000000000000000e+02,3.050000000000000000e+02,3.080000000000000000e+02,2.784700000000000000e+06
2.009052500000000000e+07,3.080000000000000000e+02,3.275000000000000000e+02,1.317799987792968750e+02,3.235000000000000000e+02,2.430900000000000000e+06
2.009060100000000000e+07,3.275000000000000000e+02,3.540000000000000000e+02,3.270000000000000000e+02,3.462500000000000000e+02,5.263700000000000000e+06
2.009060800000000000e+07,3.480000000000000000e+02,3.650000000000000000e+02,3.347500000000000000e+02,3.387500000000000000e+02,5.255900000000000000e+06
2.009061500000000000e+07,3.350000000000000000e+02,3.400000000000000000e+02,2.990000000000000000e+02,3.125000000000000000e+02,5.366000000000000000e+06
2.009062200000000000e+07,3.110000000000000000e+02,3.142500000000000000e+02,3.027500000000000000e+02,3.087500000000000000e+02,3.149200000000000000e+06
2.009062900000000000e+07,3.102500000000000000e+02,3.180000000000000000e+02,3.062500000000000000e+02,3.117500000000000000e+02,3.261700000000000000e+06
2.009070600000000000e+07,3.132500000000000000e+02,3.195000000000000000e+02,3.060000000000000000e+02,3.135000000000000000e+02,3.926300000000000000e+06
2.009071300000000000e+07,3.140000000000000000e+02,3.367500000000000000e+02,3.105000000000000000e+02,3.280000000000000000e+02,3.989400000000000000e+06
2.009072000000000000e+07,3.295000000000000000e+02,3.452500000000000000e+02,3.222500000000000000e+02,3.360000000000000000e+02,3.996900000000000000e+06
2.009072700000000000e+07,3.415000000000000000e+02,3.545000000000000000e+02,3.298569946289062500e+02,3.480000000000000000e+02,4.541600000000000000e+06
2.009080300000000000e+07,3.480000000000000000e+02,3.680000000000000000e+02,3.465000000000000000e+02,3.598999999999999773e+02,2.869100000000000000e+06
2.009081000000000000e+07,3.618000000000000114e+02,3.700000000000000000e+02,3.435000000000000000e+02,3.611000000000000227e+02,3.847200000000000000e+06
2.009081700000000000e+07,3.623999999999999773e+02,3.640000000000000000e+02,3.441000061035156250e+02,3.510000000000000000e+02,3.236100000000000000e+06
2.009082400000000000e+07,3.538000000000000114e+02,3.577999877929687500e+02,3.335000000000000000e+02,3.375000000000000000e+02,4.615200000000000000e+06
2.009083100000000000e+07,3.375000000000000000e+02,3.410000000000000000e+02,3.245000000000000000e+02,3.260000000000000000e+02,3.420400000000000000e+06
2.009090700000000000e+07,3.260000000000000000e+02,3.520000000000000000e+02,3.260000000000000000e+02,3.408000000000000114e+02,5.433500000000000000e+06
2.009091400000000000e+07,3.393999999999999773e+02,3.425650024414062500e+02,3.240000000000000000e+02,3.338000000000000114e+02,5.590100000000000000e+06
2.009092100000000000e+07,3.306000000000000227e+02,3.540000000000000000e+02,2.488500061035156250e+02,3.460000000000000000e+02,8.873300000000000000e+06
2.009092800000000000e+07,3.476000000000000227e+02,3.578179931640625000e+02,3.393999938964843750e+02,3.498999999999999773e+02,4.053300000000000000e+06
2.009100500000000000e+07,3.488999999999999773e+02,4.005000000000000000e+02,3.460000000000000000e+02,3.911000000000000227e+02,8.218700000000000000e+06
2.009101200000000000e+07,3.953000000000000114e+02,4.062000122070312500e+02,3.870000000000000000e+02,3.983999999999999773e+02,4.325800000000000000e+06
2.009101900000000000e+07,4.013000000000000114e+02,4.068999938964843750e+02,3.932999877929687500e+02,4.026000000000000227e+02,3.670900000000000000e+06
2.009102600000000000e+07,4.055000000000000000e+02,4.067000122070312500e+02,3.877000122070312500e+02,3.913999999999999773e+02,3.922900000000000000e+06
2.009110200000000000e+07,3.910000000000000000e+02,4.240000000000000000e+02,3.800169982910156250e+02,4.103000000000000114e+02,4.604900000000000000e+06
2.009110900000000000e+07,4.116999999999999886e+02,4.217999877929687500e+02,4.090000000000000000e+02,4.213000000000000114e+02,2.761100000000000000e+06
2.009111600000000000e+07,4.225000000000000000e+02,4.421000061035156250e+02,4.107999877929687500e+02,4.146999999999999886e+02,3.796200000000000000e+06
2.009112300000000000e+07,4.171000000000000227e+02,4.308999938964843750e+02,4.136000061035156250e+02,4.200000000000000000e+02,2.501000000000000000e+06
2.009113000000000000e+07,4.183999999999999773e+02,4.210000000000000000e+02,4.092699890136718750e+02,4.110000000000000000e+02,2.678800000000000000e+06
2.009120700000000000e+07,4.080000000000000000e+02,4.172999877929687500e+02,4.052999877929687500e+02,4.173000000000000114e+02,2.961700000000000000e+06
2.009121400000000000e+07,4.170000000000000000e+02,4.170000000000000000e+02,4.000000000000000000e+02,4.001000000000000227e+02,4.614600000000000000e+06
2.009122100000000000e+07,3.993000000000000114e+02,4.060000000000000000e+02,3.976000061035156250e+02,4.020000000000000000e+02,1.982000000000000000e+06
2.010010400000000000e+07,4.000000000000000000e+02,4.270000000000000000e+02,4.000000000000000000e+02,4.180000000000000000e+02,5.237000000000000000e+06
2.010011100000000000e+07,4.230000000000000000e+02,4.435000000000000000e+02,3.887000122070312500e+02,3.940000000000000000e+02,6.066600000000000000e+06
2.010011800000000000e+07,3.881000000000000227e+02,4.002999877929687500e+02,3.870000000000000000e+02,3.890000000000000000e+02,2.620000000000000000e+06
2.010012500000000000e+07,3.860000000000000000e+02,3.932000122070312500e+02,3.750299987792968750e+02,3.801999999999999886e+02,2.183900000000000000e+06
2.010020100000000000e+07,3.766000000000000227e+02,4.823999938964843750e+02,3.766000061035156250e+02,3.820000000000000000e+02,4.749800000000000000e+06
2.010020800000000000e+07,3.831999999999999886e+02,3.876000061035156250e+02,3.699949951171875000e+02,3.800000000000000000e+02,4.153800000000000000e+06
2.010021500000000000e+07,3.828000000000000114e+02,4.493999938964843750e+02,3.761000061035156250e+02,4.388999999999999773e+02,5.400300000000000000e+06
2.010022200000000000e+07,4.410000000000000000e+02,4.638999938964843750e+02,4.390000000000000000e+02,4.541000000000000227e+02,5.985500000000000000e+06
2.010030100000000000e+07,4.608999999999999773e+02,5.080000000000000000e+02,4.555000000000000000e+02,5.080000000000000000e+02,5.644700000000000000e+06
2.010030800000000000e+07,4.680000000000000000e+02,4.745000000000000000e+02,4.540000000000000000e+02,4.696000000000000227e+02,3.809900000000000000e+06
2.010031500000000000e+07,4.708000000000000114e+02,4.830000000000000000e+02,4.620000000000000000e+02,4.826000000000000227e+02,2.623700000000000000e+06
2.010032200000000000e+07,4.796999999999999886e+02,4.970000000000000000e+02,4.660000000000000000e+02,4.770000000000000000e+02,4.136300000000000000e+06
2.010032900000000000e+07,4.770000000000000000e+02,4.860000000000000000e+02,4.690000000000000000e+02,4.823999999999999773e+02,1.681200000000000000e+06
2.010040500000000000e+07,4.823999999999999773e+02,4.962999877929687500e+02,4.792999877929687500e+02,4.950000000000000000e+02,2.972200000000000000e+06
2.010041200000000000e+07,4.943000000000000114e+02,5.040000000000000000e+02,4.761000061035156250e+02,4.838999999999999773e+02,4.356600000000000000e+06
2.010041900000000000e+07,4.870000000000000000e+02,5.155000000000000000e+02,4.780000000000000000e+02,5.065000000000000000e+02,2.469400000000000000e+06
2.010042600000000000e+07,5.080000000000000000e+02,5.240000000000000000e+02,4.920000000000000000e+02,5.080000000000000000e+02,5.137200000000000000e+06
2.010050300000000000e+07,5.080000000000000000e+02,5.080000000000000000e+02,4.637000122070312500e+02,4.720000000000000000e+02,3.596200000000000000e+06
2.010051000000000000e+07,4.783999999999999773e+02,5.210000000000000000e+02,4.782999877929687500e+02,5.005000000000000000e+02,5.012300000000000000e+06
2.010051700000000000e+07,4.960000000000000000e+02,5.045000000000000000e+02,4.576000061035156250e+02,4.640000000000000000e+02,4.159900000000000000e+06
2.010052400000000000e+07,4.616999999999999886e+02,5.025000000000000000e+02,4.484549865722656250e+02,4.908000000000000114e+02,4.110600000000000000e+06
2.010053100000000000e+07,4.908000000000000114e+02,5.130000000000000000e+02,4.823999938964843750e+02,5.070000000000000000e+02,2.751100000000000000e+06
2.010060700000000000e+07,5.035000000000000000e+02,5.440000000000000000e+02,4.870000000000000000e+02,5.340000000000000000e+02,3.774100000000000000e+06
2.010061400000000000e+07,5.445000000000000000e+02,5.555000000000000000e+02,5.330000000000000000e+02,5.330000000000000000e+02,4.667200000000000000e+06
2.010062100000000000e+07,5.425000000000000000e+02,5.625000000000000000e+02,5.199450073242187500e+02,5.250000000000000000e+02,4.508500000000000000e+06
2.010062800000000000e+07,5.245000000000000000e+02,5.295000000000000000e+02,4.725000000000000000e+02,4.961999999999999886e+02,4.300900000000000000e+06
2.010070500000000000e+07,4.953999999999999773e+02,5.300750122070312500e+02,4.916000061035156250e+02,5.180000000000000000e+02,4.443900000000000000e+06
2.010071200000000000e+07,5.170000000000000000e+02,5.272750244140625000e+02,5.070000000000000000e+02,5.115000000000000000e+02,3.315400000000000000e+06
2.010071900000000000e+07,5.130000000000000000e+02,5.205000000000000000e+02,4.923999938964843750e+02,5.185000000000000000e+02,4.640800000000000000e+06
2.010072600000000000e+07,5.210000000000000000e+02,5.232750244140625000e+02,4.801000061035156250e+02,4.810000000000000000e+02,4.466700000000000000e+06
2.010080200000000000e+07,4.856999999999999886e+02,4.927999877929687500e+02,4.600000000000000000e+02,4.705000000000000000e+02,3.725500000000000000e+06
2.010080900000000000e+07,4.761999999999999886e+02,4.815000000000000000e+02,4.511000061035156250e+02,4.700000000000000000e+02,4.132500000000000000e+06
2.010081600000000000e+07,4.723000000000000114e+02,5.030000000000000000e+02,4.647000122070312500e+02,4.866999999999999886e+02,3.679800000000000000e+06
2.010082300000000000e+07,4.893999999999999773e+02,4.962999877929687500e+02,4.733999938964843750e+02,4.830000000000000000e+02,4.827800000000000000e+06
2.010083000000000000e+07,4.830000000000000000e+02,5.115000000000000000e+02,4.761000061035156250e+02,5.035000000000000000e+02,2.128100000000000000e+06
2.010090600000000000e+07,5.035000000000000000e+02,5.075000000000000000e+02,4.927000122070312500e+02,4.983999999999999773e+02,1.642000000000000000e+06
2.010091300000000000e+07,5.000000000000000000e+02,5.045000000000000000e+02,4.620000000000000000e+02,4.621999999999999886e+02,7.487800000000000000e+06
2.010092000000000000e+07,4.613999999999999773e+02,4.667749938964843750e+02,4.319899902343750000e+02,4.431999999999999886e+02,1.255760000000000000e+07
2.010092700000000000e+07,4.448000000000000114e+02,4.496000061035156250e+02,4.350000000000000000e+02,4.440000000000000000e+02,1.096690000000000000e+07
2.010100400000000000e+07,4.440000000000000000e+02,4.522000122070312500e+02,3.986000061035156250e+02,4.000000000000000000e+02,2.158250000000000000e+07
2.010101100000000000e+07,3.988000000000000114e+02,4.200000000000000000e+02,3.940000000000000000e+02,4.051000000000000227e+02,1.206120000000000000e+07
2.010101800000000000e+07,4.031000000000000227e+02,4.100000000000000000e+02,3.963999938964843750e+02,4.045000000000000000e+02,4.462600000000000000e+06
2.010102500000000000e+07,4.081999999999999886e+02,4.290000000000000000e+02,4.046000061035156250e+02,4.235000000000000000e+02,5.711700000000000000e+06
2.010110100000000000e+07,4.291999999999999886e+02,4.362000122070312500e+02,4.192000122070312500e+02,4.300000000000000000e+02,4.428000000000000000e+06
2.010110800000000000e+07,4.298000000000000114e+02,4.332000122070312500e+02,4.056000061035156250e+02,4.100000000000000000e+02,6.144600000000000000e+06
2.010111500000000000e+07,4.100000000000000000e+02,4.357999877929687500e+02,3.957999877929687500e+02,4.280000000000000000e+02,7.351800000000000000e+06
2.010112200000000000e+07,4.308999999999999773e+02,4.333999938964843750e+02,4.161000061035156250e+02,4.176000000000000227e+02,3.627300000000000000e+06
2.010112900000000000e+07,4.186999999999999886e+02,4.207999877929687500e+02,4.082000122070312500e+02,4.200000000000000000e+02,3.774300000000000000e+06
2.010120600000000000e+07,4.200000000000000000e+02,4.515000000000000000e+02,4.171000061035156250e+02,4.470000000000000000e+02,3.949300000000000000e+06
2.010121300000000000e+07,4.485000000000000000e+02,4.528999938964843750e+02,4.403999938964843750e+02,4.521000000000000227e+02,3.991400000000000000e+06
2.010122000000000000e+07,4.456999999999999886e+02,4.598999938964843750e+02,4.441709899902343750e+02,4.553999999999999773e+02,2.174900000000000000e+06
2.010122700000000000e+07,4.553999999999999773e+02,4.600000000000000000e+02,4.531570129394531250e+02,4.546000000000000227e+02,1.068100000000000000e+06
2.011011000000000000e+07,4.345000000000000000e+02,4.348450012207031250e+02,4.032999877929687500e+02,4.106999999999999886e+02,9.121000000000000000e+06
2.011011700000000000e+07,4.113000000000000114e+02,4.124360046386718750e+02,4.000000000000000000e+02,4.063000000000000114e+02,5.348200000000000000e+06
2.011012400000000000e+07,4.063999999999999773e+02,4.191700134277343750e+02,4.050000000000000000e+02,4.073000000000000114e+02,3.699700000000000000e+06
2.011013100000000000e+07,4.070000000000000000e+02,4.100000000000000000e+02,3.916000061035156250e+02,4.100000000000000000e+02,4.757300000000000000e+06
2.011020700000000000e+07,4.100000000000000000e+02,4.148999938964843750e+02,4.005000000000000000e+02,4.096999999999999886e+02,3.202600000000000000e+06
2.011021400000000000e+07,4.078999999999999773e+02,4.100000000000000000e+02,4.007449951171875000e+02,4.051999999999999886e+02,1.494300000000000000e+06
2.011022100000000000e+07,4.048999999999999773e+02,4.141000061035156250e+02,3.840000000000000000e+02,3.910000000000000000e+02,2.843900000000000000e+06
2.011022800000000000e+07,3.886000000000000227e+02,3.908999938964843750e+02,3.733999938964843750e+02,3.866999999999999886e+02,3.877400000000000000e+06
2.011030700000000000e+07,3.871999999999999886e+02,3.931000061035156250e+02,3.622000122070312500e+02,3.666999999999999886e+02,3.656800000000000000e+06
2.011031400000000000e+07,3.671999999999999886e+02,3.732000122070312500e+02,3.557999877929687500e+02,3.620000000000000000e+02,5.760200000000000000e+06
2.011032100000000000e+07,3.636999999999999886e+02,3.891000061035156250e+02,3.627000122070312500e+02,3.860000000000000000e+02,4.121300000000000000e+06
2.011032800000000000e+07,3.873999999999999773e+02,3.887999877929687500e+02,3.448460083007812500e+02,3.508000000000000114e+02,4.942700000000000000e+06
2.011040400000000000e+07,3.501999999999999886e+02,3.710000000000000000e+02,3.400000000000000000e+02,3.561999999999999886e+02,8.073500000000000000e+06
2.011041100000000000e+07,3.536000000000000227e+02,3.752999877929687500e+02,3.503999938964843750e+02,3.700000000000000000e+02,4.370100000000000000e+06
2.011041800000000000e+07,3.705000000000000000e+02,3.870000000000000000e+02,3.667999877929687500e+02,3.838000000000000114e+02,4.033200000000000000e+06
2.011050900000000000e+07,3.960000000000000000e+02,4.017000122070312500e+02,3.818999938964843750e+02,3.940000000000000000e+02,5.095000000000000000e+06
2.011051600000000000e+07,3.913999999999999773e+02,4.037000122070312500e+02,3.884989929199218750e+02,3.980000000000000000e+02,4.387200000000000000e+06
2.011052300000000000e+07,3.985000000000000000e+02,3.985000000000000000e+02,3.811000061035156250e+02,3.951000000000000227e+02,5.571700000000000000e+06
2.011060600000000000e+07,3.976999999999999886e+02,4.368999938964843750e+02,3.798999938964843750e+02,3.845000000000000000e+02,8.412000000000000000e+06
2.011061300000000000e+07,3.841999999999999886e+02,3.980000000000000000e+02,3.790000000000000000e+02,3.943999999999999773e+02,4.998400000000000000e+06
2.011062000000000000e+07,3.936999999999999886e+02,4.075000000000000000e+02,3.882999877929687500e+02,4.023999999999999773e+02,3.613800000000000000e+06
2.011062700000000000e+07,3.998999999999999773e+02,4.012999877929687500e+02,3.647999877929687500e+02,3.701999999999999886e+02,6.520700000000000000e+06
2.011070400000000000e+07,3.730000000000000000e+02,3.793999938964843750e+02,3.657999877929687500e+02,3.731999999999999886e+02,3.895900000000000000e+06
2.011071100000000000e+07,3.718999999999999773e+02,3.756000061035156250e+02,3.591000061035156250e+02,3.613999999999999773e+02,3.861800000000000000e+06
2.011071800000000000e+07,3.603000000000000114e+02,3.625000000000000000e+02,3.312000122070312500e+02,3.505000000000000000e+02,6.344100000000000000e+06
2.011072500000000000e+07,3.448999999999999773e+02,3.448999938964843750e+02,3.210000000000000000e+02,3.226999999999999886e+02,4.963700000000000000e+06
2.011080100000000000e+07,3.248000000000000114e+02,3.276000061035156250e+02,2.877799987792968750e+02,3.023000000000000114e+02,7.880000000000000000e+06
2.011080800000000000e+07,2.993999999999999773e+02,3.086000061035156250e+02,2.820000000000000000e+02,2.996000000000000227e+02,5.902800000000000000e+06
2.011081500000000000e+07,2.998000000000000114e+02,3.065000000000000000e+02,2.771000061035156250e+02,2.848000000000000114e+02,3.347600000000000000e+06
2.011082200000000000e+07,2.836999999999999886e+02,3.067999877929687500e+02,2.837000122070312500e+02,2.940000000000000000e+02,3.916200000000000000e+06
2.011090500000000000e+07,2.976000000000000227e+02,2.987309875488281250e+02,2.730000000000000000e+02,2.771000000000000227e+02,3.255800000000000000e+06
2.011091200000000000e+07,2.733999999999999773e+02,3.010000000000000000e+02,2.662999877929687500e+02,3.010000000000000000e+02,5.497800000000000000e+06
2.011091900000000000e+07,2.896999999999999886e+02,3.170000000000000000e+02,2.890000000000000000e+02,3.131000000000000227e+02,3.946900000000000000e+06
2.011092600000000000e+07,3.058999999999999773e+02,3.222000122070312500e+02,2.891000061035156250e+02,2.921999999999999886e+02,2.665900000000000000e+06
2.011100300000000000e+07,2.898000000000000114e+02,3.102000122070312500e+02,2.750000000000000000e+02,3.055000000000000000e+02,5.244400000000000000e+06
2.011101000000000000e+07,3.086999999999999886e+02,3.297999877929687500e+02,3.042000122070312500e+02,3.278999999999999773e+02,2.151200000000000000e+06
2.011101700000000000e+07,3.273000000000000114e+02,3.327000122070312500e+02,3.157999877929687500e+02,3.226999999999999886e+02,1.804900000000000000e+06
2.011102400000000000e+07,3.250000000000000000e+02,3.407999877929687500e+02,3.202000122070312500e+02,3.398000000000000114e+02,2.109700000000000000e+06
2.011103100000000000e+07,3.335000000000000000e+02,3.430000000000000000e+02,3.142000122070312500e+02,3.401000000000000227e+02,3.990800000000000000e+06
2.011110700000000000e+07,3.316000000000000227e+02,3.516000061035156250e+02,3.257000122070312500e+02,3.411000000000000227e+02,3.144300000000000000e+06
2.011111400000000000e+07,3.438999999999999773e+02,3.442999877929687500e+02,3.306499938964843750e+02,3.348999999999999773e+02,1.728300000000000000e+06
2.011112100000000000e+07,3.341999999999999886e+02,3.400000000000000000e+02,3.111000061035156250e+02,3.231000000000000227e+02,2.297800000000000000e+06
2.011112800000000000e+07,3.250000000000000000e+02,3.358999938964843750e+02,3.227040100097656250e+02,3.296000000000000227e+02,2.234800000000000000e+06
2.011120500000000000e+07,3.301999999999999886e+02,3.353999938964843750e+02,3.079259948730468750e+02,3.128999999999999773e+02,2.231700000000000000e+06
2.011121200000000000e+07,3.118999999999999773e+02,3.171000061035156250e+02,2.927999877929687500e+02,2.986999999999999886e+02,1.891000000000000000e+06
2.011121900000000000e+07,3.001999999999999886e+02,3.037999877929687500e+02,2.862999877929687500e+02,2.886999999999999886e+02,1.273900000000000000e+06
2.011122600000000000e+07,2.886999999999999886e+02,2.992999877929687500e+02,2.872999877929687500e+02,2.890000000000000000e+02,7.076000000000000000e+05
2.012010200000000000e+07,2.890000000000000000e+02,3.095000000000000000e+02,2.877999877929687500e+02,2.926000000000000227e+02,2.048200000000000000e+06
2.012010900000000000e+07,2.935000000000000000e+02,3.080000000000000000e+02,2.847000122070312500e+02,3.046000000000000227e+02,2.478800000000000000e+06
2.012011600000000000e+07,3.036999999999999886e+02,3.151000061035156250e+02,2.932000122070312500e+02,3.130000000000000000e+02,2.295000000000000000e+06
2.012012300000000000e+07,3.125000000000000000e+02,3.298999938964843750e+02,3.051000061035156250e+02,3.180000000000000000e+02,3.863600000000000000e+06
2.012013000000000000e+07,3.171999999999999886e+02,3.298999938964843750e+02,3.140000000000000000e+02,3.268999999999999773e+02,3.736300000000000000e+06
2.012020600000000000e+07,3.278999999999999773e+02,3.306000061035156250e+02,3.225520019531250000e+02,3.250000000000000000e+02,3.014200000000000000e+06
2.012021300000000000e+07,3.270000000000000000e+02,3.280000000000000000e+02,3.138999938964843750e+02,3.230000000000000000e+02,2.059500000000000000e+06
2.012022000000000000e+07,3.243999999999999773e+02,3.252999877929687500e+02,3.110000000000000000e+02,3.168999999999999773e+02,2.613000000000000000e+06
2.012022700000000000e+07,3.178000000000000114e+02,3.233999938964843750e+02,3.118999938964843750e+02,3.150000000000000000e+02,2.552100000000000000e+06
2.012030500000000000e+07,3.150000000000000000e+02,3.150000000000000000e+02,2.990000000000000000e+02,3.001999999999999886e+02,1.964100000000000000e+06
2.012031200000000000e+07,3.006000000000000227e+02,3.108999938964843750e+02,2.917999877929687500e+02,2.958000000000000114e+02,7.101300000000000000e+06
2.012031900000000000e+07,2.966999999999999886e+02,3.120000000000000000e+02,2.956940002441406250e+02,3.045000000000000000e+02,4.517700000000000000e+06
2.012032600000000000e+07,3.053999999999999773e+02,3.141000061035156250e+02,3.010000000000000000e+02,3.106000000000000227e+02,3.315000000000000000e+06
2.012040200000000000e+07,3.110000000000000000e+02,3.220719909667968750e+02,2.979899902343750000e+02,3.083999999999999773e+02,5.301200000000000000e+06
2.012040900000000000e+07,3.083999999999999773e+02,3.083999938964843750e+02,2.888999938964843750e+02,2.911999999999999886e+02,5.527600000000000000e+06
2.012041600000000000e+07,2.903000000000000114e+02,2.964140014648437500e+02,2.835000000000000000e+02,2.855000000000000000e+02,5.401000000000000000e+06
2.012042300000000000e+07,2.833999999999999773e+02,2.849469909667968750e+02,2.645000000000000000e+02,2.753000000000000114e+02,4.858100000000000000e+06
2.012043000000000000e+07,2.750000000000000000e+02,2.821000061035156250e+02,2.707999877929687500e+02,2.726999999999999886e+02,2.962000000000000000e+06
2.012050700000000000e+07,2.726999999999999886e+02,2.842999877929687500e+02,2.689670104980468750e+02,2.831000000000000227e+02,2.442000000000000000e+06
2.012051400000000000e+07,2.816000000000000227e+02,2.893999938964843750e+02,2.730000000000000000e+02,2.740000000000000000e+02,2.630200000000000000e+06
2.012052100000000000e+07,2.711000000000000227e+02,2.836000061035156250e+02,2.711000061035156250e+02,2.786000000000000227e+02,2.364900000000000000e+06
2.012052800000000000e+07,2.823000000000000114e+02,2.851000061035156250e+02,2.335000000000000000e+02,2.395000000000000000e+02,6.480800000000000000e+06
2.012060400000000000e+07,2.395000000000000000e+02,2.498999938964843750e+02,2.376999969482421875e+02,2.403000000000000114e+02,3.745000000000000000e+06
2.012061100000000000e+07,2.435999999999999943e+02,2.461999969482421875e+02,2.343000030517578125e+02,2.403000000000000114e+02,3.669600000000000000e+06
2.012061800000000000e+07,2.410999999999999943e+02,2.533000030517578125e+02,2.365000000000000000e+02,2.516999999999999886e+02,3.875100000000000000e+06
2.012062500000000000e+07,2.455999999999999943e+02,2.478999938964843750e+02,2.155899963378906250e+02,2.291999999999999886e+02,6.829600000000000000e+06
2.012070200000000000e+07,2.300999999999999943e+02,2.301000061035156250e+02,1.978000030517578125e+02,1.978000000000000114e+02,8.236800000000000000e+06
2.012070900000000000e+07,1.985000000000000000e+02,2.028000030517578125e+02,1.866999969482421875e+02,1.915999999999999943e+02,6.807400000000000000e+06
2.012071600000000000e+07,1.910000000000000000e+02,2.193999938964843750e+02,1.910000000000000000e+02,1.981999999999999886e+02,9.499700000000000000e+06
2.012072300000000000e+07,1.950000000000000000e+02,2.040000000000000000e+02,1.886999969482421875e+02,2.030000000000000000e+02,6.663600000000000000e+06
2.012073000000000000e+07,2.030000000000000000e+02,2.101999969482421875e+02,1.993999938964843750e+02,2.075000000000000000e+02,4.824300000000000000e+06
2.012080600000000000e+07,2.080999999999999943e+02,2.313000030517578125e+02,2.070000000000000000e+02,2.299000000000000057e+02,4.176100000000000000e+06
2.012081300000000000e+07,2.289000000000000057e+02,2.449459991455078125e+02,2.273500061035156250e+02,2.433000000000000114e+02,3.182600000000000000e+06
2.012082000000000000e+07,2.440999999999999943e+02,2.450330047607421875e+02,2.301439971923828125e+02,2.345000000000000000e+02,2.806100000000000000e+06
2.012082700000000000e+07,2.345000000000000000e+02,2.383000030517578125e+02,2.327149963378906250e+02,2.345999999999999943e+02,1.647700000000000000e+06
2.012090300000000000e+07,2.340999999999999943e+02,2.501999969482421875e+02,2.320149993896484375e+02,2.480999999999999943e+02,2.611200000000000000e+06
2.012091000000000000e+07,2.475999999999999943e+02,2.612999877929687500e+02,2.476000061035156250e+02,2.591000000000000227e+02,3.936400000000000000e+06
2.012091700000000000e+07,2.586999999999999886e+02,2.703999938964843750e+02,2.562000122070312500e+02,2.688000000000000114e+02,4.671500000000000000e+06
2.012092400000000000e+07,2.668999999999999773e+02,2.695000000000000000e+02,2.565000000000000000e+02,2.606000000000000227e+02,3.139000000000000000e+06
2.012100100000000000e+07,2.610000000000000000e+02,3.125000000000000000e+02,2.607879943847656250e+02,3.026000000000000227e+02,1.106210000000000000e+07
2.012100800000000000e+07,3.065000000000000000e+02,3.313599853515625000e+02,3.045000000000000000e+02,3.271999999999999886e+02,6.456400000000000000e+06
2.012101500000000000e+07,3.215000000000000000e+02,3.357999877929687500e+02,3.193999938964843750e+02,3.300000000000000000e+02,5.708800000000000000e+06
2.012102200000000000e+07,3.300000000000000000e+02,3.532000122070312500e+02,3.267000122070312500e+02,3.440000000000000000e+02,3.496400000000000000e+06
2.012102900000000000e+07,3.438999999999999773e+02,3.595000000000000000e+02,3.424200134277343750e+02,3.556000000000000227e+02,4.020900000000000000e+06
2.012110500000000000e+07,3.510000000000000000e+02,3.542879943847656250e+02,3.383469848632812500e+02,3.461999999999999886e+02,3.110300000000000000e+06
2.012111200000000000e+07,3.468999999999999773e+02,3.546000061035156250e+02,3.393999938964843750e+02,3.410000000000000000e+02,2.754300000000000000e+06
2.012111900000000000e+07,3.405000000000000000e+02,3.467539978027343750e+02,3.207000122070312500e+02,3.441000000000000227e+02,4.596400000000000000e+06
2.012112600000000000e+07,3.443999999999999773e+02,3.475000000000000000e+02,3.380000000000000000e+02,3.411999999999999886e+02,3.560500000000000000e+06
2.012120300000000000e+07,3.415000000000000000e+02,3.421799926757812500e+02,3.210000000000000000e+02,3.383999999999999773e+02,3.062000000000000000e+06
2.012121000000000000e+07,3.410000000000000000e+02,3.501000061035156250e+02,3.391000061035156250e+02,3.481000000000000227e+02,2.057200000000000000e+06
2.012121700000000000e+07,3.503000000000000114e+02,3.533510131835937500e+02,3.297000122070312500e+02,3.388000000000000114e+02,4.149400000000000000e+06
2.012122400000000000e+07,3.358000000000000114e+02,3.380000000000000000e+02,3.296000061035156250e+02,3.308999999999999773e+02,6.481000000000000000e+05
2.012123100000000000e+07,3.303000000000000114e+02,3.391000061035156250e+02,3.283250122070312500e+02,3.360000000000000000e+02,1.319300000000000000e+06
2.013010700000000000e+07,3.358999999999999773e+02,3.367349853515625000e+02,3.190000000000000000e+02,3.290000000000000000e+02,3.669200000000000000e+06
2.013011400000000000e+07,3.306999999999999886e+02,3.465820007324218750e+02,3.282999877929687500e+02,3.453000000000000114e+02,5.041700000000000000e+06
2.013012100000000000e+07,3.451000000000000227e+02,3.570660095214843750e+02,3.440270080566406250e+02,3.523999999999999773e+02,3.947400000000000000e+06
2.013012800000000000e+07,3.523999999999999773e+02,3.568999938964843750e+02,3.362000122070312500e+02,3.461000000000000227e+02,3.343300000000000000e+06
2.013020400000000000e+07,3.456000000000000227e+02,3.467000122070312500e+02,3.374479980468750000e+02,3.448000000000000114e+02,2.524200000000000000e+06
2.013021100000000000e+07,3.441000000000000227e+02,3.457999877929687500e+02,3.277999877929687500e+02,3.291999999999999886e+02,1.982100000000000000e+06
2.013021800000000000e+07,3.288999999999999773e+02,3.372999877929687500e+02,3.122999877929687500e+02,3.153000000000000114e+02,2.041400000000000000e+06
2.013022500000000000e+07,3.108999999999999773e+02,3.188999938964843750e+02,3.017500000000000000e+02,3.156999999999999886e+02,2.569700000000000000e+06
2.013030400000000000e+07,3.150000000000000000e+02,3.183959960937500000e+02,3.092000122070312500e+02,3.136000000000000227e+02,2.157200000000000000e+06
2.013031100000000000e+07,3.161000000000000227e+02,3.243999938964843750e+02,3.117000122070312500e+02,3.211999999999999886e+02,2.458200000000000000e+06
2.013031800000000000e+07,3.178000000000000114e+02,3.242999877929687500e+02,3.152999877929687500e+02,3.176000000000000227e+02,2.901600000000000000e+06
2.013032500000000000e+07,3.193000000000000114e+02,3.248999938964843750e+02,3.183999938964843750e+02,3.226999999999999886e+02,3.201300000000000000e+06
2.013040100000000000e+07,3.226999999999999886e+02,3.262200012207031250e+02,3.050499877929687500e+02,3.073000000000000114e+02,2.139800000000000000e+06
2.013040800000000000e+07,3.078000000000000114e+02,3.392000122070312500e+02,3.041000061035156250e+02,3.358999999999999773e+02,6.022100000000000000e+06
2.013041500000000000e+07,3.365000000000000000e+02,3.387000122070312500e+02,3.238999938964843750e+02,3.253000000000000114e+02,2.862900000000000000e+06
2.013042200000000000e+07,3.268999999999999773e+02,3.415669860839843750e+02,3.263959960937500000e+02,3.403999999999999773e+02,4.015500000000000000e+06
2.013042900000000000e+07,3.410000000000000000e+02,3.642290039062500000e+02,3.400000000000000000e+02,3.611000000000000227e+02,2.692100000000000000e+06
2.013050600000000000e+07,3.611000000000000227e+02,3.983999938964843750e+02,3.611000061035156250e+02,3.951999999999999886e+02,6.068300000000000000e+06
2.013051300000000000e+07,3.945000000000000000e+02,4.080000000000000000e+02,3.892999877929687500e+02,3.988000000000000114e+02,4.042600000000000000e+06
2.013052000000000000e+07,3.966999999999999886e+02,4.022340087890625000e+02,3.000000000000000000e+02,3.000000000000000000e+02,1.983170000000000000e+07
2.013052700000000000e+07,3.000000000000000000e+02,3.369880065917968750e+02,2.970719909667968750e+02,3.290000000000000000e+02,8.309800000000000000e+06
2.013060300000000000e+07,3.273999999999999773e+02,3.273999938964843750e+02,3.076000061035156250e+02,3.168999999999999773e+02,6.076300000000000000e+06
2.013061000000000000e+07,3.156000000000000227e+02,3.225000000000000000e+02,3.002999877929687500e+02,3.191999999999999886e+02,3.222600000000000000e+06
2.013061700000000000e+07,3.216999999999999886e+02,3.220000000000000000e+02,3.020000000000000000e+02,3.023999999999999773e+02,3.589300000000000000e+06
2.013062400000000000e+07,3.015000000000000000e+02,3.196000061035156250e+02,2.965000000000000000e+02,3.173000000000000114e+02,3.169900000000000000e+06
2.013070100000000000e+07,3.188000000000000114e+02,3.257609863281250000e+02,3.030000000000000000e+02,3.123999999999999773e+02,3.186300000000000000e+06
2.013070800000000000e+07,3.150000000000000000e+02,3.632300109863281250e+02,3.132000122070312500e+02,3.561000000000000227e+02,6.622000000000000000e+06
2.013071500000000000e+07,3.561999999999999886e+02,3.803999938964843750e+02,3.537000122070312500e+02,3.736000000000000227e+02,3.497300000000000000e+06
2.013072200000000000e+07,3.733999999999999773e+02,3.746000061035156250e+02,3.627000122070312500e+02,3.690000000000000000e+02,2.267300000000000000e+06
2.013072900000000000e+07,3.743999999999999773e+02,3.751000061035156250e+02,3.637999877929687500e+02,3.708999999999999773e+02,2.115800000000000000e+06
2.013080500000000000e+07,3.731999999999999886e+02,3.817999877929687500e+02,3.632999877929687500e+02,3.646000000000000227e+02,2.068000000000000000e+06
2.013081200000000000e+07,3.661000000000000227e+02,3.722000122070312500e+02,3.500440063476562500e+02,3.570000000000000000e+02,2.267400000000000000e+06
2.013081900000000000e+07,3.591999999999999886e+02,3.885000000000000000e+02,3.575000000000000000e+02,3.828000000000000114e+02,2.060900000000000000e+06
2.013082600000000000e+07,3.828000000000000114e+02,3.886000061035156250e+02,3.610450134277343750e+02,3.620000000000000000e+02,2.277100000000000000e+06
2.013090200000000000e+07,3.628000000000000114e+02,3.842999877929687500e+02,3.584400024414062500e+02,3.830000000000000000e+02,1.917300000000000000e+06
2.013090900000000000e+07,3.808000000000000114e+02,4.093999938964843750e+02,3.807000122070312500e+02,4.060000000000000000e+02,2.781300000000000000e+06
2.013091600000000000e+07,4.091000000000000227e+02,4.127000122070312500e+02,3.926000061035156250e+02,3.995000000000000000e+02,4.108300000000000000e+06
2.013092300000000000e+07,3.995000000000000000e+02,4.042999877929687500e+02,3.912999877929687500e+02,3.945000000000000000e+02,1.819800000000000000e+06
2.013093000000000000e+07,3.913000000000000114e+02,4.040000000000000000e+02,3.873999938964843750e+02,3.896000000000000227e+02,1.686400000000000000e+06
2.013100700000000000e+07,3.871999999999999886e+02,3.872000122070312500e+02,3.685050048828125000e+02,3.811000000000000227e+02,2.130600000000000000e+06
2.013101400000000000e+07,3.790000000000000000e+02,4.040000000000000000e+02,3.790000000000000000e+02,4.040000000000000000e+02,1.406100000000000000e+06
2.013102100000000000e+07,4.048999999999999773e+02,4.113999938964843750e+02,4.027000122070312500e+02,4.100000000000000000e+02,1.158000000000000000e+06
2.013102800000000000e+07,4.120000000000000000e+02,4.258280029296875000e+02,4.047000122070312500e+02,4.176000000000000227e+02,1.920000000000000000e+06
2.013110400000000000e+07,4.225000000000000000e+02,4.818999938964843750e+02,4.144209899902343750e+02,4.765000000000000000e+02,4.770200000000000000e+06
2.013111100000000000e+07,4.780000000000000000e+02,4.897999877929687500e+02,4.717999877929687500e+02,4.798999999999999773e+02,4.377800000000000000e+06
2.013111800000000000e+07,4.823999999999999773e+02,4.835000000000000000e+02,4.695000000000000000e+02,4.773000000000000114e+02,4.231500000000000000e+06
2.013112500000000000e+07,4.831000000000000227e+02,4.972120056152343750e+02,4.785000000000000000e+02,4.883999999999999773e+02,1.885200000000000000e+06
2.013120200000000000e+07,4.800000000000000000e+02,4.932999877929687500e+02,4.618999938964843750e+02,4.810000000000000000e+02,2.841000000000000000e+06
2.013120900000000000e+07,4.866000000000000227e+02,4.866000061035156250e+02,4.393999938964843750e+02,4.408999999999999773e+02,2.025200000000000000e+06
2.013121600000000000e+07,4.433000000000000114e+02,4.542000122070312500e+02,4.352999877929687500e+02,4.356999999999999886e+02,4.397500000000000000e+06
2.013122300000000000e+07,4.386999999999999886e+02,4.628500061035156250e+02,4.358500061035156250e+02,4.600000000000000000e+02,8.321000000000000000e+05
2.013123000000000000e+07,4.568999999999999773e+02,4.617999877929687500e+02,4.317999877929687500e+02,4.461000000000000227e+02,1.285000000000000000e+06
2.014010600000000000e+07,4.471999999999999886e+02,4.653999938964843750e+02,4.422999877929687500e+02,4.606999999999999886e+02,1.930300000000000000e+06
2.014011300000000000e+07,4.620000000000000000e+02,4.990000000000000000e+02,4.532999877929687500e+02,4.815000000000000000e+02,5.431900000000000000e+06
2.014012000000000000e+07,4.773000000000000114e+02,4.900000000000000000e+02,4.480000000000000000e+02,4.481000000000000227e+02,2.645300000000000000e+06
2.014012700000000000e+07,4.508000000000000114e+02,4.733999938964843750e+02,4.418999938964843750e+02,4.585000000000000000e+02,2.341400000000000000e+06
2.014020300000000000e+07,4.600000000000000000e+02,4.642999877929687500e+02,4.392579956054687500e+02,4.451000000000000227e+02,1.782900000000000000e+06
2.014021000000000000e+07,4.428999999999999773e+02,4.626000061035156250e+02,4.427999877929687500e+02,4.463999999999999773e+02,3.120100000000000000e+06
2.014021700000000000e+07,4.493999999999999773e+02,4.597000122070312500e+02,4.405000000000000000e+02,4.523999999999999773e+02,1.177300000000000000e+06
2.014022400000000000e+07,4.540000000000000000e+02,4.736000061035156250e+02,4.498999938964843750e+02,4.711000000000000227e+02,1.560100000000000000e+06
2.014030300000000000e+07,4.641000000000000227e+02,4.826000061035156250e+02,4.601319885253906250e+02,4.636000000000000227e+02,1.831700000000000000e+06
2.014031000000000000e+07,4.631000000000000227e+02,4.712000122070312500e+02,4.500899963378906250e+02,4.578999999999999773e+02,1.726100000000000000e+06
2.014031700000000000e+07,4.595000000000000000e+02,4.767000122070312500e+02,4.548500061035156250e+02,4.620000000000000000e+02,1.850500000000000000e+06
2.014032400000000000e+07,4.583999999999999773e+02,4.692439880371093750e+02,4.444679870605468750e+02,4.611000000000000227e+02,2.697200000000000000e+06
2.014033100000000000e+07,4.638000000000000114e+02,4.855000000000000000e+02,4.535000000000000000e+02,4.793999999999999773e+02,1.699200000000000000e+06
2.014040700000000000e+07,4.798999999999999773e+02,4.798999938964843750e+02,4.516000061035156250e+02,4.623000000000000114e+02,1.439000000000000000e+06
2.014041400000000000e+07,4.571000000000000227e+02,4.647999877929687500e+02,4.277999877929687500e+02,4.520000000000000000e+02,1.518400000000000000e+06
2.014042100000000000e+07,4.520000000000000000e+02,4.632999877929687500e+02,4.463999938964843750e+02,4.516000000000000227e+02,1.152900000000000000e+06
2.014042800000000000e+07,4.525000000000000000e+02,4.610000000000000000e+02,4.397999877929687500e+02,4.495000000000000000e+02,1.206600000000000000e+06
2.014050500000000000e+07,4.495000000000000000e+02,4.511319885253906250e+02,4.352999877929687500e+02,4.371000000000000227e+02,1.082400000000000000e+06
2.014051200000000000e+07,4.481999999999999886e+02,4.558890075683593750e+02,4.232999877929687500e+02,4.308000000000000114e+02,3.009400000000000000e+06
2.014051900000000000e+07,4.263000000000000114e+02,4.915000000000000000e+02,4.203999938964843750e+02,4.800000000000000000e+02,2.961500000000000000e+06
2.014052600000000000e+07,4.800000000000000000e+02,5.081610107421875000e+02,4.800000000000000000e+02,4.868999999999999773e+02,1.933000000000000000e+06
2.014060200000000000e+07,4.940000000000000000e+02,5.080000000000000000e+02,4.840000000000000000e+02,5.070000000000000000e+02,2.323000000000000000e+06
2.014060900000000000e+07,5.035000000000000000e+02,5.150000000000000000e+02,4.672999877929687500e+02,4.731000000000000227e+02,2.245400000000000000e+06
2.014061600000000000e+07,4.736999999999999886e+02,4.816000061035156250e+02,4.565000000000000000e+02,4.776999999999999886e+02,2.708500000000000000e+06
2.014062300000000000e+07,4.771000000000000227e+02,4.888999938964843750e+02,4.640000000000000000e+02,4.780000000000000000e+02,1.964000000000000000e+06
2.014063000000000000e+07,4.775000000000000000e+02,5.025000000000000000e+02,4.702000122070312500e+02,5.010000000000000000e+02,2.189300000000000000e+06
2.014070700000000000e+07,4.990000000000000000e+02,5.090899963378906250e+02,4.712999877929687500e+02,4.788999999999999773e+02,2.988100000000000000e+06
2.014071400000000000e+07,4.850000000000000000e+02,4.957999877929687500e+02,4.751000061035156250e+02,4.865000000000000000e+02,2.024200000000000000e+06
2.014072100000000000e+07,4.888000000000000114e+02,4.977999877929687500e+02,4.780320129394531250e+02,4.823000000000000114e+02,1.169900000000000000e+06
2.014072800000000000e+07,4.811000000000000227e+02,4.885000000000000000e+02,4.720400085449218750e+02,4.758999999999999773e+02,2.029400000000000000e+06
2.014080400000000000e+07,4.756000000000000227e+02,4.776659851074218750e+02,4.611000061035156250e+02,4.691999999999999886e+02,1.439700000000000000e+06
2.014081100000000000e+07,4.750000000000000000e+02,5.015000000000000000e+02,4.724299926757812500e+02,4.876000000000000227e+02,1.609200000000000000e+06
2.014081800000000000e+07,4.928999999999999773e+02,5.015000000000000000e+02,4.807999877929687500e+02,4.885000000000000000e+02,1.154400000000000000e+06
2.014082500000000000e+07,4.885000000000000000e+02,4.917999877929687500e+02,4.719700012207031250e+02,4.770000000000000000e+02,1.652800000000000000e+06
2.014090100000000000e+07,4.796999999999999886e+02,4.816640014648437500e+02,4.707000122070312500e+02,4.761000000000000227e+02,1.143100000000000000e+06
2.014090800000000000e+07,4.760000000000000000e+02,4.797120056152343750e+02,4.626000061035156250e+02,4.660000000000000000e+02,1.511000000000000000e+06
2.014091500000000000e+07,4.623999999999999773e+02,4.867000122070312500e+02,4.595000000000000000e+02,4.836999999999999886e+02,1.133000000000000000e+06
2.014092200000000000e+07,4.810000000000000000e+02,4.812999877929687500e+02,4.648999938964843750e+02,4.701000000000000227e+02,8.826000000000000000e+05
2.014092900000000000e+07,4.661999999999999886e+02,4.782300109863281250e+02,4.530000000000000000e+02,4.590000000000000000e+02,2.252800000000000000e+06
2.014100600000000000e+07,4.620000000000000000e+02,4.701000061035156250e+02,4.367000122070312500e+02,4.433999999999999773e+02,2.837100000000000000e+06
2.014101300000000000e+07,4.403000000000000114e+02,4.588999938964843750e+02,4.267999877929687500e+02,4.496999999999999886e+02,1.800400000000000000e+06
2.014102000000000000e+07,4.468999999999999773e+02,4.697999877929687500e+02,4.366000061035156250e+02,4.623999999999999773e+02,1.311600000000000000e+06
2.014102700000000000e+07,4.656000000000000227e+02,5.030000000000000000e+02,4.555000000000000000e+02,4.956999999999999886e+02,1.493000000000000000e+06
2.014110300000000000e+07,5.010000000000000000e+02,5.030000000000000000e+02,4.735000000000000000e+02,4.851999999999999886e+02,2.328300000000000000e+06
2.014111000000000000e+07,4.828999999999999773e+02,4.942999877929687500e+02,4.690000000000000000e+02,4.780000000000000000e+02,1.317300000000000000e+06
2.014111700000000000e+07,4.745000000000000000e+02,4.928999938964843750e+02,4.702000122070312500e+02,4.761000000000000227e+02,1.816300000000000000e+06
2.014112400000000000e+07,4.730000000000000000e+02,4.845000000000000000e+02,4.692000122070312500e+02,4.780000000000000000e+02,1.920100000000000000e+06
2.014120100000000000e+07,4.726999999999999886e+02,4.832999877929687500e+02,4.670000000000000000e+02,4.816000000000000227e+02,1.721800000000000000e+06
2.014120800000000000e+07,4.833999999999999773e+02,4.865000000000000000e+02,4.633999938964843750e+02,4.633999999999999773e+02,1.363800000000000000e+06
2.014121500000000000e+07,4.621999999999999886e+02,4.723999938964843750e+02,4.531960144042968750e+02,4.611000000000000227e+02,2.025900000000000000e+06
2.014122200000000000e+07,4.670000000000000000e+02,4.740000000000000000e+02,4.575000000000000000e+02,4.681999999999999886e+02,4.133000000000000000e+05
2.014122900000000000e+07,4.736000000000000227e+02,4.737999877929687500e+02,4.561000061035156250e+02,4.658999999999999773e+02,5.699000000000000000e+05
2.015010500000000000e+07,4.638000000000000114e+02,4.722999877929687500e+02,4.225000000000000000e+02,4.311000000000000227e+02,4.899400000000000000e+06
2.015011200000000000e+07,4.341999999999999886e+02,4.361000061035156250e+02,4.171000061035156250e+02,4.316999999999999886e+02,3.114100000000000000e+06
2.015011900000000000e+07,4.335000000000000000e+02,4.691000061035156250e+02,4.295000000000000000e+02,4.538000000000000114e+02,4.442000000000000000e+06
2.015012600000000000e+07,4.556999999999999886e+02,4.557000122070312500e+02,4.317000122070312500e+02,4.440000000000000000e+02,2.755100000000000000e+06
2.015020200000000000e+07,4.491000000000000227e+02,4.640000000000000000e+02,4.392999877929687500e+02,4.550000000000000000e+02,3.110200000000000000e+06
2.015020900000000000e+07,4.553999999999999773e+02,4.568999938964843750e+02,4.340000000000000000e+02,4.466000000000000227e+02,2.258400000000000000e+06
2.015021600000000000e+07,4.483999999999999773e+02,4.637999877929687500e+02,4.387999877929687500e+02,4.620000000000000000e+02,2.097400000000000000e+06
2.015022300000000000e+07,4.656999999999999886e+02,4.682000122070312500e+02,4.433999938964843750e+02,4.450000000000000000e+02,1.374000000000000000e+06
2.015030200000000000e+07,4.406000000000000227e+02,4.620199890136718750e+02,4.291000061035156250e+02,4.568000000000000114e+02,2.944500000000000000e+06
2.015030900000000000e+07,4.573000000000000114e+02,4.635000000000000000e+02,4.408500061035156250e+02,4.516999999999999886e+02,1.664000000000000000e+06
2.015031600000000000e+07,4.508999999999999773e+02,4.645000000000000000e+02,4.376000061035156250e+02,4.535000000000000000e+02,3.397400000000000000e+06
2.015032300000000000e+07,4.458000000000000114e+02,4.668999938964843750e+02,4.449400024414062500e+02,4.596000000000000227e+02,2.967700000000000000e+06
2.015033000000000000e+07,4.583999999999999773e+02,4.660000000000000000e+02,4.503599853515625000e+02,4.571000000000000227e+02,1.840400000000000000e+06
2.015040600000000000e+07,4.571000000000000227e+02,4.767369995117187500e+02,4.571000061035156250e+02,4.710000000000000000e+02,1.826200000000000000e+06
2.015041300000000000e+07,4.678000000000000114e+02,4.702600097656250000e+02,4.467000122070312500e+02,4.498999999999999773e+02,1.925700000000000000e+06
2.015042000000000000e+07,4.508999999999999773e+02,4.595000000000000000e+02,4.442000122070312500e+02,4.586000000000000227e+02,1.922100000000000000e+06
2.015042700000000000e+07,4.561000000000000227e+02,4.650000000000000000e+02,4.457000122070312500e+02,4.553999999999999773e+02,1.317600000000000000e+06
2.015050400000000000e+07,4.553999999999999773e+02,4.787999877929687500e+02,4.445000000000000000e+02,4.615000000000000000e+02,1.500500000000000000e+06
2.015051100000000000e+07,4.650000000000000000e+02,4.801799926757812500e+02,4.463999938964843750e+02,4.790000000000000000e+02,2.039100000000000000e+06
2.015051800000000000e+07,4.766000000000000227e+02,4.927000122070312500e+02,4.637999877929687500e+02,4.885000000000000000e+02,2.637100000000000000e+06
2.015052500000000000e+07,4.885000000000000000e+02,4.902999877929687500e+02,4.753999938964843750e+02,4.816000000000000227e+02,1.361900000000000000e+06
2.015060100000000000e+07,4.851000000000000227e+02,4.971000061035156250e+02,4.827040100097656250e+02,4.890000000000000000e+02,3.329900000000000000e+06
2.015060800000000000e+07,4.978000000000000114e+02,5.175000000000000000e+02,4.892999877929687500e+02,5.115000000000000000e+02,4.265300000000000000e+06
2.015061500000000000e+07,5.110000000000000000e+02,5.240000000000000000e+02,5.035000000000000000e+02,5.225000000000000000e+02,2.582500000000000000e+06
2.015062200000000000e+07,5.265000000000000000e+02,5.445000000000000000e+02,5.205000000000000000e+02,5.335000000000000000e+02,3.429200000000000000e+06
2.015062900000000000e+07,5.270000000000000000e+02,5.420000000000000000e+02,5.225000000000000000e+02,5.365000000000000000e+02,3.505700000000000000e+06
2.015070600000000000e+07,5.350000000000000000e+02,5.480000000000000000e+02,5.260000000000000000e+02,5.480000000000000000e+02,2.423000000000000000e+06
2.015071300000000000e+07,5.520000000000000000e+02,5.590000000000000000e+02,5.325000000000000000e+02,5.350000000000000000e+02,2.938300000000000000e+06
2.015072000000000000e+07,5.325000000000000000e+02,5.489199829101562500e+02,5.295000000000000000e+02,5.315000000000000000e+02,2.309000000000000000e+06
2.015072700000000000e+07,5.320000000000000000e+02,5.440000000000000000e+02,5.231799926757812500e+02,5.440000000000000000e+02,1.953100000000000000e+06
2.015080300000000000e+07,5.385000000000000000e+02,5.635100097656250000e+02,5.350000000000000000e+02,5.355000000000000000e+02,2.771500000000000000e+06
2.015081000000000000e+07,5.415000000000000000e+02,5.435000000000000000e+02,5.260000000000000000e+02,5.335000000000000000e+02,1.131800000000000000e+06
2.015081700000000000e+07,5.345000000000000000e+02,5.357999877929687500e+02,5.048999938964843750e+02,5.105000000000000000e+02,1.184700000000000000e+06
2.015082400000000000e+07,5.075000000000000000e+02,5.250000000000000000e+02,4.883999938964843750e+02,5.210000000000000000e+02,2.092200000000000000e+06
2.015083100000000000e+07,5.210000000000000000e+02,5.295000000000000000e+02,4.557000122070312500e+02,4.603000000000000114e+02,4.530600000000000000e+06
2.015090700000000000e+07,4.638999999999999773e+02,4.723240051269531250e+02,4.482999877929687500e+02,4.515000000000000000e+02,2.152300000000000000e+06
2.015091400000000000e+07,4.506999999999999886e+02,4.655000000000000000e+02,4.440000000000000000e+02,4.561000000000000227e+02,3.075900000000000000e+06
2.015092100000000000e+07,4.506999999999999886e+02,4.580000000000000000e+02,4.423999938964843750e+02,4.533999999999999773e+02,3.421900000000000000e+06
2.015092800000000000e+07,4.535000000000000000e+02,4.663999938964843750e+02,4.477000122070312500e+02,4.493999999999999773e+02,2.544100000000000000e+06
2.015100500000000000e+07,4.553000000000000114e+02,4.623999938964843750e+02,4.427999877929687500e+02,4.456999999999999886e+02,3.456100000000000000e+06
2.015101200000000000e+07,4.458000000000000114e+02,4.480000000000000000e+02,4.257900085449218750e+02,4.303999999999999773e+02,1.852800000000000000e+06
2.015101900000000000e+07,4.305000000000000000e+02,4.386000061035156250e+02,4.261979980468750000e+02,4.360000000000000000e+02,2.843200000000000000e+06
2.015102600000000000e+07,4.366000000000000227e+02,4.430199890136718750e+02,4.275000000000000000e+02,4.348999999999999773e+02,2.912100000000000000e+06
2.015110200000000000e+07,4.323999999999999773e+02,4.380000000000000000e+02,4.278999938964843750e+02,4.311000000000000227e+02,3.136400000000000000e+06
2.015110900000000000e+07,4.326000000000000227e+02,4.370000000000000000e+02,3.820000000000000000e+02,3.900000000000000000e+02,5.219000000000000000e+06
2.015111600000000000e+07,3.980000000000000000e+02,3.980000000000000000e+02,3.801000061035156250e+02,3.816999999999999886e+02,4.529900000000000000e+06
2.015112300000000000e+07,3.815000000000000000e+02,3.836000061035156250e+02,3.550000000000000000e+02,3.711000000000000227e+02,3.785200000000000000e+06
2.015113000000000000e+07,3.723999999999999773e+02,3.787999877929687500e+02,3.687999877929687500e+02,3.733999999999999773e+02,3.134000000000000000e+06
2.015120700000000000e+07,3.763000000000000114e+02,3.762999877929687500e+02,3.367999877929687500e+02,3.368000000000000114e+02,3.330300000000000000e+06
2.015121400000000000e+07,3.398999999999999773e+02,3.502099914550781250e+02,3.177999877929687500e+02,3.221000000000000227e+02,4.444700000000000000e+06
2.015122100000000000e+07,3.186999999999999886e+02,3.397000122070312500e+02,3.185000000000000000e+02,3.388000000000000114e+02,2.877500000000000000e+06
2.016010400000000000e+07,3.361999999999999886e+02,3.362000122070312500e+02,3.107999877929687500e+02,3.250000000000000000e+02,6.258600000000000000e+06
2.016011100000000000e+07,3.208999999999999773e+02,3.380060119628906250e+02,3.198999938964843750e+02,3.325000000000000000e+02,7.093500000000000000e+06
2.016011800000000000e+07,3.320000000000000000e+02,3.780000000000000000e+02,3.186000061035156250e+02,3.685000000000000000e+02,7.913800000000000000e+06
2.016012500000000000e+07,3.716000000000000227e+02,3.792999877929687500e+02,3.636000061035156250e+02,3.791000000000000227e+02,3.356900000000000000e+06
2.016020100000000000e+07,3.793000000000000114e+02,3.884809875488281250e+02,3.700499877929687500e+02,3.855000000000000000e+02,3.756700000000000000e+06
2.016020800000000000e+07,3.856999999999999886e+02,3.887999877929687500e+02,3.683999938964843750e+02,3.778999999999999773e+02,5.735700000000000000e+06
2.016021500000000000e+07,3.845000000000000000e+02,3.902999877929687500e+02,3.766300048828125000e+02,3.826999999999999886e+02,3.138200000000000000e+06
2.016022200000000000e+07,3.843999999999999773e+02,4.023999938964843750e+02,3.757000122070312500e+02,3.991000000000000227e+02,2.713300000000000000e+06
