2.005110700000000000e+07,2.820000000000000000e+02,2.831860046386718750e+02,2.752369995117187500e+02,2.785000000000000000e+02,1.059500000000000000e+06
2.005111400000000000e+07,2.850000000000000000e+02,2.885000000000000000e+02,2.742430114746093750e+02,2.885000000000000000e+02,3.676000000000000000e+05
2.005112100000000000e+07,2.851730000000000018e+02,3.130000000000000000e+02,2.851730041503906250e+02,3.080000000000000000e+02,1.532900000000000000e+06
2.005112800000000000e+07,3.070000000000000000e+02,3.185989990234375000e+02,2.881539916992187500e+02,3.080269999999999868e+02,7.909000000000000000e+05
2.005120500000000000e+07,3.080000000000000000e+02,3.184400024414062500e+02,3.050459899902343750e+02,3.129950000000000045e+02,4.358000000000000000e+05
2.005121200000000000e+07,3.139889999999999759e+02,3.778299865722656250e+02,3.110079956054687500e+02,3.702500000000000000e+02,1.040400000000000000e+06
2.005121900000000000e+07,3.676449999999999818e+02,3.800000000000000000e+02,3.557210083007812500e+02,3.706259999999999764e+02,1.634500000000000000e+06
2.005122600000000000e+07,3.706259999999999764e+02,4.103710021972656250e+02,3.626770019531250000e+02,4.047500000000000000e+02,6.497000000000000000e+05
2.006010200000000000e+07,4.021739999999999782e+02,4.073900146484375000e+02,3.777300109863281250e+02,3.970000000000000000e+02,0.000000000000000000e+00
2.006010900000000000e+07,3.970000000000000000e+02,4.153389892578125000e+02,3.825490112304687500e+02,4.131039999999999850e+02,3.602000000000000000e+05
2.006011600000000000e+07,4.180000000000000000e+02,4.200000000000000000e+02,3.944729919433593750e+02,4.108679999999999950e+02,3.947900000000000000e+06
2.006012300000000000e+07,4.066449999999999818e+02,4.430000000000000000e+02,4.024219970703125000e+02,4.430000000000000000e+02,1.250200000000000000e+06
2.006013000000000000e+07,4.401800000000000068e+02,4.471359863281250000e+02,4.272630004882812500e+02,4.371990000000000123e+02,8.314000000000000000e+05
2.006020600000000000e+07,4.450000000000000000e+02,4.450000000000000000e+02,4.123580017089843750e+02,4.270140000000000100e+02,1.084900000000000000e+06
2.006021300000000000e+07,4.250000000000000000e+02,4.384410095214843750e+02,4.143460083007812500e+02,4.371990000000000123e+02,2.287300000000000000e+06
2.006022000000000000e+07,4.300000000000000000e+02,4.400000000000000000e+02,4.085429992675781250e+02,4.187500000000000000e+02,0.000000000000000000e+00
2.006022700000000000e+07,4.140000000000000000e+02,4.262690124511718750e+02,3.780000000000000000e+02,4.000000000000000000e+02,6.043000000000000000e+05
2.006030600000000000e+07,4.021739999999999782e+02,4.021740112304687500e+02,3.746000061035156250e+02,3.805620000000000118e+02,2.035900000000000000e+06
2.006031300000000000e+07,3.875169999999999959e+02,4.100000000000000000e+02,3.746000061035156250e+02,4.082500000000000000e+02,1.556400000000000000e+06
2.006032000000000000e+07,4.047500000000000000e+02,4.061080017089843750e+02,3.855299987792968750e+02,3.959630000000000223e+02,1.379600000000000000e+06
2.006032700000000000e+07,3.924859999999999900e+02,4.108980102539062500e+02,3.825490112304687500e+02,3.972049999999999841e+02,2.414500000000000000e+06
2.006040300000000000e+07,4.021739999999999782e+02,4.461419982910156250e+02,3.905280151367187500e+02,4.461419999999999959e+02,4.822000000000000000e+06
2.006041000000000000e+07,4.391870000000000118e+02,4.471359863281250000e+02,4.222950134277343750e+02,4.280079999999999814e+02,2.454800000000000000e+06
2.006041700000000000e+07,4.280079999999999814e+02,4.450589904785156250e+02,4.272630004882812500e+02,4.381929999999999836e+02,3.467300000000000000e+06
2.006042400000000000e+07,4.400000000000000000e+02,4.560780029296875000e+02,4.322309875488281250e+02,4.352119999999999891e+02,2.617800000000000000e+06
2.006050100000000000e+07,4.352119999999999891e+02,4.371990051269531250e+02,4.123580017089843750e+02,4.267660000000000196e+02,4.321500000000000000e+06
2.006050800000000000e+07,4.322309999999999945e+02,4.421669921875000000e+02,4.116130065917968750e+02,4.150910000000000082e+02,2.285500000000000000e+06
2.006051500000000000e+07,4.123580000000000041e+02,4.129739990234375000e+02,3.954670104980468750e+02,4.015000000000000000e+02,1.791600000000000000e+06
2.006052200000000000e+07,3.980000000000000000e+02,4.024219970703125000e+02,3.645350036621093750e+02,4.024220000000000255e+02,7.394000000000000000e+05
2.006052900000000000e+07,4.024220000000000255e+02,4.075000000000000000e+02,3.914920043945312500e+02,4.075000000000000000e+02,0.000000000000000000e+00
2.006060500000000000e+07,4.000000000000000000e+02,4.018359985351562500e+02,3.606889953613281250e+02,3.686379999999999768e+02,4.770000000000000000e+05
2.006061200000000000e+07,3.660000000000000000e+02,3.775809936523437500e+02,3.323710021972656250e+02,3.560000000000000000e+02,4.400000000000000000e+05
2.006061900000000000e+07,3.564660000000000082e+02,3.642500000000000000e+02,3.430520019531250000e+02,3.447909999999999968e+02,5.778000000000000000e+05
2.006062600000000000e+07,3.477719999999999914e+02,3.508720092773437500e+02,3.261610107421875000e+02,3.322500000000000000e+02,1.396500000000000000e+06
2.006070300000000000e+07,3.375869999999999891e+02,3.747500000000000000e+02,3.251669921875000000e+02,3.668999999999999773e+02,2.268300000000000000e+06
2.006071000000000000e+07,3.675000000000000000e+02,3.750000000000000000e+02,3.514979858398437500e+02,3.527400000000000091e+02,3.329400000000000000e+06
2.006071700000000000e+07,3.477719999999999914e+02,3.480209960937500000e+02,3.179630126953125000e+02,3.445000000000000000e+02,1.626400000000000000e+06
2.006072400000000000e+07,3.348550000000000182e+02,3.447909851074218750e+02,3.328680114746093750e+02,3.330000000000000000e+02,2.452000000000000000e+05
2.006073100000000000e+07,3.378360000000000127e+02,3.378359985351562500e+02,3.261610107421875000e+02,3.378360000000000127e+02,7.869000000000000000e+05
2.006080700000000000e+07,3.311290000000000191e+02,3.378359985351562500e+02,3.239249877929687500e+02,3.278990000000000009e+02,3.309200000000000000e+06
2.006081400000000000e+07,3.375869999999999891e+02,3.775809936523437500e+02,3.375870056152343750e+02,3.626770000000000209e+02,1.559000000000000000e+06
2.006082100000000000e+07,3.609379999999999882e+02,3.681419982910156250e+02,3.477720031738281250e+02,3.626770000000000209e+02,8.790000000000000000e+05
2.006082800000000000e+07,3.626770000000000209e+02,3.875169982910156250e+02,3.579570007324218750e+02,3.872690000000000055e+02,2.445800000000000000e+06
2.006090400000000000e+07,3.900000000000000000e+02,3.980000000000000000e+02,3.629249877929687500e+02,3.678929999999999723e+02,6.523000000000000000e+05
2.006091100000000000e+07,3.681419999999999959e+02,4.073900146484375000e+02,3.629249877929687500e+02,3.979510000000000218e+02,2.840600000000000000e+06
2.006091800000000000e+07,3.924859999999999900e+02,4.222950134277343750e+02,3.882630004882812500e+02,3.892559999999999718e+02,2.162000000000000000e+06
2.006092500000000000e+07,3.969569999999999936e+02,4.222950134277343750e+02,3.927340087890625000e+02,4.103709999999999809e+02,4.134900000000000000e+06
2.006100200000000000e+07,4.093770000000000095e+02,4.123580017089843750e+02,3.974540100097656250e+02,4.066449999999999818e+02,2.315900000000000000e+06
2.006100900000000000e+07,4.100000000000000000e+02,4.200000000000000000e+02,3.979309997558593750e+02,4.170779999999999745e+02,1.236000000000000000e+05
2.006101600000000000e+07,4.173269999999999982e+02,4.322309875488281250e+02,4.083840026855468750e+02,4.307409999999999854e+02,2.771400000000000000e+06
2.006102300000000000e+07,4.257719999999999914e+02,4.342179870605468750e+02,3.939760131835937500e+02,4.108679999999999950e+02,7.103700000000000000e+06
2.006103000000000000e+07,4.046580000000000155e+02,4.073900146484375000e+02,3.859869995117187500e+02,3.900000000000000000e+02,2.463600000000000000e+06
2.006110600000000000e+07,3.934789999999999850e+02,3.974540100097656250e+02,3.587019958496093750e+02,3.626770000000000209e+02,1.753600000000000000e+06
2.006111300000000000e+07,3.610000000000000000e+02,4.024219970703125000e+02,3.610000000000000000e+02,3.984479999999999791e+02,1.665300000000000000e+06
2.006112000000000000e+07,4.021739999999999782e+02,4.068930053710937500e+02,3.875169982910156250e+02,3.902500000000000000e+02,1.120400000000000000e+06
2.006112700000000000e+07,3.939759999999999991e+02,3.954670104980468750e+02,3.644949951171875000e+02,3.840400000000000205e+02,1.933200000000000000e+06
2.006120400000000000e+07,3.825000000000000000e+02,3.825000000000000000e+02,3.678930053710937500e+02,3.716190000000000282e+02,1.120700000000000000e+06
2.006121100000000000e+07,3.708740000000000236e+02,3.825490112304687500e+02,3.688869934082031250e+02,3.706259999999999764e+02,1.129900000000000000e+06
2.006121800000000000e+07,3.698799999999999955e+02,3.747500000000000000e+02,3.636700134277343750e+02,3.676449999999999818e+02,1.257200000000000000e+06
2.006122500000000000e+07,3.676449999999999818e+02,3.691350097656250000e+02,3.577080078125000000e+02,3.629250000000000114e+02,9.092000000000000000e+05
2.007010100000000000e+07,3.629250000000000114e+02,3.700000000000000000e+02,3.577080078125000000e+02,3.700000000000000000e+02,1.629000000000000000e+05
2.007010800000000000e+07,3.626770000000000209e+02,3.666510009765625000e+02,3.477720031738281250e+02,3.497590000000000146e+02,1.943800000000000000e+06
2.007011500000000000e+07,3.495110000000000241e+02,3.947500000000000000e+02,3.495109863281250000e+02,3.589510000000000218e+02,3.817900000000000000e+06
2.007012200000000000e+07,3.700000000000000000e+02,3.749880065917968750e+02,3.620000000000000000e+02,3.640000000000000000e+02,1.647800000000000000e+06
2.007012900000000000e+07,3.651610000000000014e+02,3.845000000000000000e+02,3.532369995117187500e+02,3.820000000000000000e+02,4.185700000000000000e+06
2.007020500000000000e+07,3.785749999999999886e+02,3.823009948730468750e+02,3.676449890136718750e+02,3.676449999999999818e+02,1.510900000000000000e+06
2.007021200000000000e+07,3.775810000000000173e+02,3.775809936523437500e+02,3.656579895019531250e+02,3.706259999999999764e+02,1.070100000000000000e+06
2.007021900000000000e+07,3.683899999999999864e+02,3.775809936523437500e+02,3.613349914550781250e+02,3.700000000000000000e+02,1.056000000000000000e+06
2.007022600000000000e+07,3.636700000000000159e+02,3.676449890136718750e+02,3.477720031738281250e+02,3.567149999999999750e+02,3.425300000000000000e+06
2.007030500000000000e+07,3.507529999999999859e+02,3.803139953613281250e+02,3.487659912109375000e+02,3.741030000000000086e+02,1.556900000000000000e+06
2.007031200000000000e+07,3.795679999999999836e+02,3.805620117187500000e+02,3.507529907226562500e+02,3.594470000000000027e+02,2.056300000000000000e+06
2.007031900000000000e+07,3.696320000000000050e+02,4.044089965820312500e+02,3.641669921875000000e+02,3.937280000000000086e+02,2.369200000000000000e+06
2.007032600000000000e+07,3.924859999999999900e+02,3.974540100097656250e+02,3.765880126953125000e+02,3.870000000000000000e+02,9.149000000000000000e+05
2.007040200000000000e+07,3.815559999999999832e+02,3.900000000000000000e+02,3.765880126953125000e+02,3.865240000000000009e+02,8.303000000000000000e+05
2.007040900000000000e+07,3.865240000000000009e+02,3.872690124511718750e+02,3.696319885253906250e+02,3.775810000000000173e+02,1.674600000000000000e+06
2.007041600000000000e+07,3.778299999999999841e+02,3.835429992675781250e+02,3.678930053710937500e+02,3.721159999999999854e+02,2.930200000000000000e+06
2.007042300000000000e+07,3.768360000000000127e+02,3.825490112304687500e+02,3.696319885253906250e+02,3.803140000000000214e+02,9.847000000000000000e+05
2.007043000000000000e+07,3.741030000000000086e+02,3.805620117187500000e+02,3.636700134277343750e+02,3.711220000000000141e+02,2.291000000000000000e+06
2.007050700000000000e+07,3.711220000000000141e+02,3.736069946289062500e+02,3.650000000000000000e+02,3.710000000000000000e+02,8.611000000000000000e+05
2.007051400000000000e+07,3.629250000000000114e+02,3.700000000000000000e+02,3.567149963378906250e+02,3.671480000000000246e+02,1.414000000000000000e+06
2.007052100000000000e+07,3.600000000000000000e+02,3.672569885253906250e+02,3.549760131835937500e+02,3.601929999999999836e+02,7.359000000000000000e+05
2.007052800000000000e+07,3.601929999999999836e+02,3.683900146484375000e+02,3.495109863281250000e+02,3.644159999999999968e+02,1.461000000000000000e+06
2.007060400000000000e+07,3.640000000000000000e+02,3.640000000000000000e+02,3.428039855957031250e+02,3.477719999999999914e+02,2.190500000000000000e+06
2.007061100000000000e+07,3.530000000000000000e+02,3.686380004882812500e+02,3.477720031738281250e+02,3.676449999999999818e+02,2.248900000000000000e+06
2.007061800000000000e+07,3.687500000000000000e+02,3.753450012207031250e+02,3.563869934082031250e+02,3.680000000000000000e+02,5.418000000000000000e+05
2.007062500000000000e+07,3.666510000000000105e+02,3.860270080566406250e+02,3.567149963378906250e+02,3.795679999999999836e+02,8.234000000000000000e+05
2.007070200000000000e+07,3.746000000000000227e+02,4.070000000000000000e+02,3.746000061035156250e+02,4.009320000000000164e+02,2.809900000000000000e+06
2.007070900000000000e+07,4.027500000000000000e+02,4.204760131835937500e+02,3.934790039062500000e+02,4.133519999999999754e+02,1.648100000000000000e+06
2.007071600000000000e+07,4.142500000000000000e+02,4.150559997558593750e+02,3.927340087890625000e+02,4.073899999999999864e+02,9.325000000000000000e+05
2.007072300000000000e+07,4.034159999999999968e+02,4.073900146484375000e+02,3.832950134277343750e+02,3.860269999999999868e+02,1.601000000000000000e+06
2.007073000000000000e+07,3.825489999999999782e+02,4.202500000000000000e+02,3.825490112304687500e+02,4.011800000000000068e+02,1.532500000000000000e+06
2.007080600000000000e+07,3.957149999999999750e+02,4.200000000000000000e+02,3.904979858398437500e+02,4.153389999999999986e+02,4.111100000000000000e+06
2.007081300000000000e+07,4.173269999999999982e+02,4.222950134277343750e+02,3.914920043945312500e+02,3.962119999999999891e+02,3.314800000000000000e+06
2.007082000000000000e+07,3.929820000000000277e+02,4.106189880371093750e+02,3.927340087890625000e+02,3.986960000000000264e+02,1.168000000000000000e+06
2.007082700000000000e+07,3.986960000000000264e+02,4.150000000000000000e+02,3.944729919433593750e+02,4.117500000000000000e+02,1.775500000000000000e+06
2.007090300000000000e+07,4.073899999999999864e+02,4.370000000000000000e+02,4.073900146484375000e+02,4.096259999999999764e+02,1.273400000000000000e+06
2.007091000000000000e+07,4.111159999999999854e+02,4.130000000000000000e+02,3.900000000000000000e+02,4.034159999999999968e+02,1.921400000000000000e+06
2.007091700000000000e+07,4.076390000000000100e+02,4.441549987792968750e+02,4.054030151367187500e+02,4.441549999999999727e+02,4.459100000000000000e+06
2.007092400000000000e+07,4.402500000000000000e+02,4.446510009765625000e+02,4.073900146484375000e+02,4.173269999999999982e+02,2.551000000000000000e+06
2.007100100000000000e+07,4.213009999999999877e+02,4.450000000000000000e+02,4.160840148925781250e+02,4.450000000000000000e+02,3.741900000000000000e+06
2.007100800000000000e+07,4.460000000000000000e+02,4.682500000000000000e+02,4.391870117187500000e+02,4.682500000000000000e+02,1.700900000000000000e+06
2.007101500000000000e+07,4.650000000000000000e+02,4.759509887695312500e+02,4.498680114746093750e+02,4.689950000000000045e+02,2.247300000000000000e+06
2.007102200000000000e+07,4.570720000000000027e+02,4.896130065917968750e+02,4.570719909667968750e+02,4.834030000000000200e+02,2.804100000000000000e+06
2.007102900000000000e+07,4.819130000000000109e+02,4.965690002441406250e+02,4.819129943847656250e+02,4.938360000000000127e+02,2.755500000000000000e+06
2.007110500000000000e+07,4.918489999999999895e+02,4.965690002441406250e+02,4.630339965820312500e+02,4.739639999999999986e+02,1.134100000000000000e+06
2.007111200000000000e+07,4.739639999999999986e+02,5.102309875488281250e+02,4.662630004882812500e+02,5.092379999999999995e+02,2.335700000000000000e+06
2.007111900000000000e+07,5.107280000000000086e+02,5.117219848632812500e+02,4.769450073242187500e+02,4.806709999999999923e+02,2.536200000000000000e+06
2.007112600000000000e+07,4.888679999999999950e+02,4.888680114746093750e+02,4.689949951171875000e+02,4.689950000000000045e+02,2.425000000000000000e+06
2.007120300000000000e+07,4.769449999999999932e+02,4.873779907226562500e+02,4.511099853515625000e+02,4.744610000000000127e+02,2.514700000000000000e+06
2.007121000000000000e+07,4.709830000000000041e+02,5.017850036621093750e+02,4.709830017089843750e+02,5.002950000000000159e+02,2.724200000000000000e+06
2.007121700000000000e+07,4.911039999999999850e+02,4.950780029296875000e+02,4.585620117187500000e+02,4.677529999999999859e+02,1.765600000000000000e+06
2.007122400000000000e+07,4.754540000000000077e+02,4.948299865722656250e+02,4.637789916992187500e+02,4.789320000000000164e+02,6.282000000000000000e+05
2.007123100000000000e+07,4.752060000000000173e+02,4.898619995117187500e+02,4.702380065917968750e+02,4.761990000000000123e+02,1.317800000000000000e+06
2.008010700000000000e+07,4.853899999999999864e+02,5.117219848632812500e+02,4.722250061035156250e+02,5.067540000000000191e+02,1.918000000000000000e+06
2.008011400000000000e+07,5.147029999999999745e+02,5.375560302734375000e+02,4.722250061035156250e+02,5.017850000000000250e+02,4.210000000000000000e+06
2.008012100000000000e+07,4.918489999999999895e+02,4.997980041503906250e+02,4.595000000000000000e+02,4.672500000000000000e+02,2.670900000000000000e+06
2.008012800000000000e+07,4.532500000000000000e+02,4.830000000000000000e+02,4.532500000000000000e+02,4.790000000000000000e+02,2.351500000000000000e+06
2.008020400000000000e+07,4.800000000000000000e+02,4.980000000000000000e+02,4.707500000000000000e+02,4.717500000000000000e+02,2.103000000000000000e+06
2.008021100000000000e+07,4.700000000000000000e+02,4.947500000000000000e+02,4.662500000000000000e+02,4.920000000000000000e+02,3.125200000000000000e+06
2.008021800000000000e+07,4.950000000000000000e+02,5.050000000000000000e+02,4.890000000000000000e+02,4.947500000000000000e+02,1.327400000000000000e+06
2.008022500000000000e+07,5.040000000000000000e+02,5.040000000000000000e+02,4.940000000000000000e+02,4.990000000000000000e+02,1.949300000000000000e+06
2.008030300000000000e+07,4.947500000000000000e+02,5.030000000000000000e+02,4.785000000000000000e+02,4.867500000000000000e+02,2.313900000000000000e+06
2.008031000000000000e+07,4.860000000000000000e+02,4.870000000000000000e+02,4.750000000000000000e+02,4.750000000000000000e+02,1.301500000000000000e+06
2.008031700000000000e+07,4.680000000000000000e+02,4.800000000000000000e+02,4.460000000000000000e+02,4.477500000000000000e+02,2.859900000000000000e+06
2.008032400000000000e+07,4.477500000000000000e+02,4.940000000000000000e+02,4.400000000000000000e+02,4.890000000000000000e+02,2.835500000000000000e+06
2.008033100000000000e+07,4.890000000000000000e+02,4.922500000000000000e+02,4.530000000000000000e+02,4.550000000000000000e+02,2.356500000000000000e+06
2.008040700000000000e+07,4.610000000000000000e+02,4.620000000000000000e+02,4.437500000000000000e+02,4.450000000000000000e+02,1.985200000000000000e+06
2.008041400000000000e+07,4.400000000000000000e+02,4.640000000000000000e+02,4.400000000000000000e+02,4.600000000000000000e+02,2.657600000000000000e+06
2.008042100000000000e+07,4.580000000000000000e+02,4.685000000000000000e+02,4.522500000000000000e+02,4.660000000000000000e+02,2.667400000000000000e+06
2.008042800000000000e+07,4.682500000000000000e+02,4.782500000000000000e+02,4.585000000000000000e+02,4.712500000000000000e+02,1.309600000000000000e+06
2.008050500000000000e+07,4.712500000000000000e+02,4.842500000000000000e+02,4.680000000000000000e+02,4.740000000000000000e+02,1.173900000000000000e+06
2.008051200000000000e+07,4.702500000000000000e+02,4.792500000000000000e+02,4.590000000000000000e+02,4.760000000000000000e+02,2.098400000000000000e+06
2.008051900000000000e+07,4.802500000000000000e+02,4.820000000000000000e+02,4.710000000000000000e+02,4.760000000000000000e+02,1.188500000000000000e+06
2.008052600000000000e+07,4.760000000000000000e+02,4.850000000000000000e+02,4.650000000000000000e+02,4.752500000000000000e+02,1.303900000000000000e+06
2.008060200000000000e+07,4.807500000000000000e+02,4.890000000000000000e+02,4.717500000000000000e+02,4.785000000000000000e+02,1.368300000000000000e+06
2.008060900000000000e+07,4.785000000000000000e+02,4.850000000000000000e+02,4.765000000000000000e+02,4.770000000000000000e+02,2.199400000000000000e+06
2.008061600000000000e+07,4.780000000000000000e+02,5.145000000000000000e+02,4.762500000000000000e+02,5.040000000000000000e+02,2.601100000000000000e+06
2.008062300000000000e+07,5.000000000000000000e+02,5.070000000000000000e+02,4.912500000000000000e+02,5.025000000000000000e+02,2.251800000000000000e+06
2.008063000000000000e+07,5.025000000000000000e+02,5.115000000000000000e+02,4.910000000000000000e+02,5.055000000000000000e+02,2.034400000000000000e+06
2.008070700000000000e+07,5.060000000000000000e+02,5.200000000000000000e+02,5.005000000000000000e+02,5.075000000000000000e+02,1.773500000000000000e+06
2.008071400000000000e+07,5.100000000000000000e+02,5.145000000000000000e+02,4.985000000000000000e+02,5.090000000000000000e+02,2.142100000000000000e+06
2.008072100000000000e+07,4.400000000000000000e+02,4.400000000000000000e+02,3.750000000000000000e+02,3.967500000000000000e+02,7.691600000000000000e+06
2.008072800000000000e+07,3.962500000000000000e+02,4.337500000000000000e+02,3.860000000000000000e+02,3.905000000000000000e+02,3.475500000000000000e+06
2.008080400000000000e+07,4.000000000000000000e+02,4.165000000000000000e+02,3.905000000000000000e+02,4.000000000000000000e+02,3.193200000000000000e+06
2.008081100000000000e+07,3.950000000000000000e+02,4.095000000000000000e+02,3.700000000000000000e+02,4.075000000000000000e+02,4.873900000000000000e+06
2.008081800000000000e+07,4.095000000000000000e+02,4.200000000000000000e+02,4.002500000000000000e+02,4.040000000000000000e+02,2.258200000000000000e+06
2.008082500000000000e+07,4.040000000000000000e+02,4.205000000000000000e+02,4.000000000000000000e+02,4.187500000000000000e+02,1.996000000000000000e+06
2.008090100000000000e+07,4.147500000000000000e+02,4.490000000000000000e+02,4.147500000000000000e+02,4.267500000000000000e+02,2.748400000000000000e+06
2.008090800000000000e+07,4.430000000000000000e+02,4.697500000000000000e+02,4.335000000000000000e+02,4.405000000000000000e+02,3.035500000000000000e+06
2.008091500000000000e+07,4.300000000000000000e+02,4.800000000000000000e+02,4.200000000000000000e+02,4.500000000000000000e+02,4.870200000000000000e+06
2.008092200000000000e+07,4.452500000000000000e+02,4.585000000000000000e+02,3.845000000000000000e+02,4.167500000000000000e+02,3.230800000000000000e+06
2.008092900000000000e+07,4.150000000000000000e+02,4.292500000000000000e+02,3.800000000000000000e+02,4.160000000000000000e+02,1.865500000000000000e+06
2.008100600000000000e+07,4.100000000000000000e+02,4.100000000000000000e+02,3.062500000000000000e+02,3.090000000000000000e+02,3.983800000000000000e+06
2.008101300000000000e+07,3.152500000000000000e+02,3.770000000000000000e+02,2.945000000000000000e+02,3.500000000000000000e+02,3.036100000000000000e+06
2.008102000000000000e+07,3.547500000000000000e+02,3.700000000000000000e+02,3.150000000000000000e+02,3.285000000000000000e+02,1.125400000000000000e+06
2.008102700000000000e+07,3.152500000000000000e+02,3.297500000000000000e+02,2.865000000000000000e+02,3.225000000000000000e+02,3.092800000000000000e+06
2.008110300000000000e+07,3.300000000000000000e+02,3.390000000000000000e+02,2.750000000000000000e+02,2.900000000000000000e+02,2.425000000000000000e+06
2.008111000000000000e+07,2.957500000000000000e+02,3.070000000000000000e+02,2.737500000000000000e+02,2.962500000000000000e+02,2.200700000000000000e+06
2.008111700000000000e+07,2.962500000000000000e+02,3.075000000000000000e+02,2.592500000000000000e+02,2.600000000000000000e+02,2.377400000000000000e+06
2.008112400000000000e+07,2.632500000000000000e+02,2.962500000000000000e+02,2.250000000000000000e+02,2.775000000000000000e+02,3.095400000000000000e+06
2.008120100000000000e+07,2.770000000000000000e+02,2.980000000000000000e+02,2.712500000000000000e+02,2.915000000000000000e+02,1.719700000000000000e+06
2.008120800000000000e+07,2.985000000000000000e+02,3.030000000000000000e+02,2.882500000000000000e+02,2.940000000000000000e+02,1.463900000000000000e+06
2.008121500000000000e+07,2.907500000000000000e+02,3.257500000000000000e+02,2.885000000000000000e+02,3.242500000000000000e+02,1.378900000000000000e+06
2.008122200000000000e+07,3.265000000000000000e+02,3.505000000000000000e+02,3.157500000000000000e+02,3.450000000000000000e+02,6.023000000000000000e+05
2.008122900000000000e+07,3.560000000000000000e+02,3.600000000000000000e+02,3.220000000000000000e+02,3.220000000000000000e+02,8.531000000000000000e+05
2.009010500000000000e+07,3.280000000000000000e+02,3.487500000000000000e+02,3.150000000000000000e+02,3.202500000000000000e+02,8.049000000000000000e+05
2.009011200000000000e+07,3.150000000000000000e+02,3.342500000000000000e+02,3.115000000000000000e+02,3.322500000000000000e+02,1.466600000000000000e+06
2.009011900000000000e+07,3.327500000000000000e+02,3.335000000000000000e+02,3.085000000000000000e+02,3.320000000000000000e+02,8.345000000000000000e+05
2.009012600000000000e+07,3.300000000000000000e+02,3.825000000000000000e+02,3.300000000000000000e+02,3.577500000000000000e+02,1.770800000000000000e+06
2.009020200000000000e+07,3.527500000000000000e+02,3.977500000000000000e+02,3.527500000000000000e+02,3.885000000000000000e+02,1.111100000000000000e+06
2.009020900000000000e+07,3.825000000000000000e+02,3.930000000000000000e+02,3.600000000000000000e+02,3.740000000000000000e+02,2.819800000000000000e+06
2.009021600000000000e+07,3.757500000000000000e+02,3.850000000000000000e+02,3.605000000000000000e+02,3.770000000000000000e+02,1.058300000000000000e+06
2.009022300000000000e+07,3.772500000000000000e+02,4.027500000000000000e+02,3.680000000000000000e+02,3.770000000000000000e+02,1.874700000000000000e+06
2.009030200000000000e+07,3.750000000000000000e+02,4.102500000000000000e+02,3.680000000000000000e+02,3.712500000000000000e+02,1.858800000000000000e+06
2.009030900000000000e+07,3.755000000000000000e+02,3.960000000000000000e+02,3.695000000000000000e+02,3.800000000000000000e+02,2.166700000000000000e+06
2.009031600000000000e+07,3.885000000000000000e+02,3.940000000000000000e+02,3.350000000000000000e+02,3.752500000000000000e+02,2.314300000000000000e+06
2.009032300000000000e+07,3.780000000000000000e+02,3.820000000000000000e+02,3.412500000000000000e+02,3.525000000000000000e+02,1.468700000000000000e+06
2.009033000000000000e+07,3.427500000000000000e+02,3.900000000000000000e+02,3.427500000000000000e+02,3.742500000000000000e+02,1.461100000000000000e+06
2.009040600000000000e+07,3.750000000000000000e+02,3.945000000000000000e+02,3.672500000000000000e+02,3.945000000000000000e+02,9.060000000000000000e+05
2.009041300000000000e+07,3.945000000000000000e+02,3.955000000000000000e+02,3.812500000000000000e+02,3.897500000000000000e+02,8.340000000000000000e+05
2.009042000000000000e+07,3.830000000000000000e+02,3.922500000000000000e+02,3.650000000000000000e+02,3.880000000000000000e+02,1.597300000000000000e+06
2.009042700000000000e+07,3.890000000000000000e+02,3.970000000000000000e+02,3.802500000000000000e+02,3.970000000000000000e+02,1.020300000000000000e+06
2.009050400000000000e+07,3.970000000000000000e+02,4.350000000000000000e+02,3.970000000000000000e+02,4.220000000000000000e+02,1.529500000000000000e+06
2.009051100000000000e+07,4.277500000000000000e+02,4.277500000000000000e+02,4.050000000000000000e+02,4.120000000000000000e+02,1.371300000000000000e+06
2.009051800000000000e+07,4.200000000000000000e+02,4.440000000000000000e+02,4.050000000000000000e+02,4.062500000000000000e+02,1.350700000000000000e+06
2.009052500000000000e+07,4.062500000000000000e+02,4.357500000000000000e+02,4.020000000000000000e+02,4.297500000000000000e+02,1.030000000000000000e+06
2.009060100000000000e+07,4.342500000000000000e+02,4.430000000000000000e+02,4.217500000000000000e+02,4.420000000000000000e+02,7.882000000000000000e+05
2.009060800000000000e+07,4.432500000000000000e+02,4.470000000000000000e+02,4.185000000000000000e+02,4.200000000000000000e+02,8.652000000000000000e+05
2.009061500000000000e+07,4.287500000000000000e+02,4.580000000000000000e+02,4.120000000000000000e+02,4.477500000000000000e+02,2.477200000000000000e+06
2.009062200000000000e+07,4.505000000000000000e+02,4.757500000000000000e+02,4.427500000000000000e+02,4.650000000000000000e+02,1.426400000000000000e+06
2.009062900000000000e+07,4.700000000000000000e+02,4.875000000000000000e+02,4.587999877929687500e+02,4.697500000000000000e+02,1.578400000000000000e+06
2.009070600000000000e+07,4.650000000000000000e+02,4.717500000000000000e+02,4.385000000000000000e+02,4.420000000000000000e+02,1.355900000000000000e+06
2.009071300000000000e+07,4.457500000000000000e+02,4.652500000000000000e+02,4.432500000000000000e+02,4.550000000000000000e+02,8.258000000000000000e+05
2.009072000000000000e+07,4.552500000000000000e+02,4.772500000000000000e+02,4.445000000000000000e+02,4.625000000000000000e+02,8.861000000000000000e+05
2.009072700000000000e+07,4.580000000000000000e+02,4.695000000000000000e+02,4.300000000000000000e+02,4.347500000000000000e+02,1.001100000000000000e+06
2.009080300000000000e+07,4.350000000000000000e+02,4.737999877929687500e+02,4.338999938964843750e+02,4.711000000000000227e+02,1.058800000000000000e+06
2.009081000000000000e+07,4.663999999999999773e+02,4.776000061035156250e+02,4.600000000000000000e+02,4.736999999999999886e+02,7.608000000000000000e+05
2.009081700000000000e+07,4.741999999999999886e+02,4.742000122070312500e+02,4.545000000000000000e+02,4.693999999999999773e+02,7.423000000000000000e+05
2.009082400000000000e+07,4.728000000000000114e+02,4.750000000000000000e+02,4.526000061035156250e+02,4.630000000000000000e+02,1.304400000000000000e+06
2.009083100000000000e+07,4.630000000000000000e+02,4.670000000000000000e+02,4.510000000000000000e+02,4.540000000000000000e+02,7.877000000000000000e+05
2.009090700000000000e+07,4.540000000000000000e+02,4.650000000000000000e+02,4.400000000000000000e+02,4.641000000000000227e+02,9.665000000000000000e+05
2.009091400000000000e+07,4.566999999999999886e+02,4.750000000000000000e+02,4.483999938964843750e+02,4.500000000000000000e+02,1.225300000000000000e+06
2.009092100000000000e+07,4.565000000000000000e+02,4.649700012207031250e+02,4.415750122070312500e+02,4.496999999999999886e+02,7.589000000000000000e+05
2.009092800000000000e+07,4.500000000000000000e+02,4.750000000000000000e+02,4.450000000000000000e+02,4.636999999999999886e+02,1.120500000000000000e+06
2.009100500000000000e+07,4.661000000000000227e+02,4.722999877929687500e+02,4.598999938964843750e+02,4.700000000000000000e+02,9.372000000000000000e+05
2.009101200000000000e+07,4.745000000000000000e+02,4.750000000000000000e+02,4.596849975585937500e+02,4.693000000000000114e+02,1.385700000000000000e+06
2.009101900000000000e+07,4.698000000000000114e+02,4.795000000000000000e+02,4.640000000000000000e+02,4.640000000000000000e+02,1.135100000000000000e+06
2.009102600000000000e+07,4.601000000000000227e+02,4.787000122070312500e+02,4.601000061035156250e+02,4.723000000000000114e+02,1.118400000000000000e+06
2.009110200000000000e+07,4.683999999999999773e+02,4.748999938964843750e+02,4.522000122070312500e+02,4.613999999999999773e+02,8.905000000000000000e+05
2.009110900000000000e+07,4.531000000000000227e+02,5.200000000000000000e+02,4.531000061035156250e+02,5.200000000000000000e+02,1.746000000000000000e+06
2.009111600000000000e+07,5.230000000000000000e+02,5.235000000000000000e+02,4.900000000000000000e+02,5.020000000000000000e+02,1.112100000000000000e+06
2.009112300000000000e+07,5.065000000000000000e+02,5.100000000000000000e+02,4.800000000000000000e+02,4.860000000000000000e+02,1.072300000000000000e+06
2.009113000000000000e+07,4.853000000000000114e+02,5.050000000000000000e+02,4.800000000000000000e+02,4.980000000000000000e+02,7.680000000000000000e+05
2.009120700000000000e+07,4.991000000000000227e+02,5.145000000000000000e+02,4.966000061035156250e+02,5.135000000000000000e+02,7.613000000000000000e+05
2.009121400000000000e+07,5.140000000000000000e+02,5.250000000000000000e+02,5.070000000000000000e+02,5.090000000000000000e+02,1.004500000000000000e+06
2.009122100000000000e+07,5.080000000000000000e+02,5.195000000000000000e+02,4.950000000000000000e+02,5.120000000000000000e+02,2.027000000000000000e+05
2.009122800000000000e+07,5.120000000000000000e+02,5.205000000000000000e+02,5.030000000000000000e+02,5.100000000000000000e+02,1.223000000000000000e+05
2.010010400000000000e+07,5.140000000000000000e+02,5.300000000000000000e+02,5.090000000000000000e+02,5.190000000000000000e+02,8.743000000000000000e+05
2.010011100000000000e+07,5.200000000000000000e+02,5.255000000000000000e+02,5.100000000000000000e+02,5.225000000000000000e+02,9.699000000000000000e+05
2.010011800000000000e+07,5.175000000000000000e+02,5.695000000000000000e+02,5.150000000000000000e+02,5.625000000000000000e+02,1.455900000000000000e+06
2.010012500000000000e+07,5.630000000000000000e+02,5.630000000000000000e+02,5.420000000000000000e+02,5.475000000000000000e+02,1.792500000000000000e+06
2.010020100000000000e+07,5.495000000000000000e+02,6.350000000000000000e+02,5.305000000000000000e+02,5.370000000000000000e+02,8.087000000000000000e+05
2.010020800000000000e+07,5.440000000000000000e+02,5.650000000000000000e+02,5.230000000000000000e+02,5.505000000000000000e+02,1.083900000000000000e+06
2.010021500000000000e+07,5.480000000000000000e+02,5.570000000000000000e+02,5.330000000000000000e+02,5.445000000000000000e+02,5.846000000000000000e+05
2.010022200000000000e+07,5.425000000000000000e+02,5.550000000000000000e+02,5.330000000000000000e+02,5.500000000000000000e+02,7.696000000000000000e+05
2.010030100000000000e+07,5.500000000000000000e+02,6.300000000000000000e+02,5.373900146484375000e+02,6.300000000000000000e+02,9.486000000000000000e+05
2.010030800000000000e+07,5.930000000000000000e+02,5.990000000000000000e+02,5.740000000000000000e+02,5.915000000000000000e+02,4.434000000000000000e+05
2.010031500000000000e+07,5.920000000000000000e+02,6.115000000000000000e+02,5.655000000000000000e+02,5.890000000000000000e+02,1.480900000000000000e+06
2.010032200000000000e+07,5.915000000000000000e+02,6.395000000000000000e+02,5.850000000000000000e+02,6.280000000000000000e+02,1.774300000000000000e+06
2.010032900000000000e+07,6.280000000000000000e+02,6.400000000000000000e+02,6.150000000000000000e+02,6.350000000000000000e+02,1.220200000000000000e+06
2.010040500000000000e+07,6.350000000000000000e+02,6.675000000000000000e+02,6.285000000000000000e+02,6.340000000000000000e+02,1.824300000000000000e+06
2.010041200000000000e+07,6.435000000000000000e+02,6.500000000000000000e+02,6.300000000000000000e+02,6.400000000000000000e+02,1.217800000000000000e+06
2.010041900000000000e+07,6.440000000000000000e+02,6.500000000000000000e+02,6.270000000000000000e+02,6.300000000000000000e+02,8.830000000000000000e+05
2.010042600000000000e+07,6.315000000000000000e+02,6.470000000000000000e+02,6.250000000000000000e+02,6.300000000000000000e+02,1.002100000000000000e+06
2.010050300000000000e+07,6.300000000000000000e+02,6.520000000000000000e+02,6.300000000000000000e+02,6.300000000000000000e+02,1.295700000000000000e+06
2.010051000000000000e+07,6.485000000000000000e+02,7.300000000000000000e+02,6.274199829101562500e+02,6.845000000000000000e+02,1.418500000000000000e+06
2.010051700000000000e+07,6.840000000000000000e+02,6.900000000000000000e+02,6.525000000000000000e+02,6.740000000000000000e+02,1.384200000000000000e+06
2.010052400000000000e+07,6.710000000000000000e+02,6.870000000000000000e+02,6.550000000000000000e+02,6.730000000000000000e+02,1.073800000000000000e+06
2.010053100000000000e+07,6.730000000000000000e+02,7.080000000000000000e+02,6.685000000000000000e+02,6.900000000000000000e+02,1.202900000000000000e+06
2.010060700000000000e+07,6.925000000000000000e+02,7.010000000000000000e+02,6.750000000000000000e+02,6.995000000000000000e+02,1.075100000000000000e+06
2.010061400000000000e+07,6.965000000000000000e+02,7.015000000000000000e+02,6.630000000000000000e+02,6.745000000000000000e+02,1.130400000000000000e+06
2.010062100000000000e+07,6.730000000000000000e+02,7.230000000000000000e+02,6.730000000000000000e+02,7.060000000000000000e+02,1.065600000000000000e+06
2.010062800000000000e+07,7.020000000000000000e+02,7.190000000000000000e+02,6.850000000000000000e+02,6.890000000000000000e+02,9.585000000000000000e+05
2.010070500000000000e+07,6.880000000000000000e+02,7.275000000000000000e+02,6.830000000000000000e+02,7.250000000000000000e+02,9.845000000000000000e+05
2.010071200000000000e+07,7.220000000000000000e+02,7.300000000000000000e+02,7.095000000000000000e+02,7.260000000000000000e+02,8.159000000000000000e+05
2.010071900000000000e+07,7.285000000000000000e+02,7.395000000000000000e+02,7.160000000000000000e+02,7.315000000000000000e+02,9.712000000000000000e+05
2.010072600000000000e+07,7.360000000000000000e+02,7.460000000000000000e+02,7.100000000000000000e+02,7.160000000000000000e+02,6.500000000000000000e+05
2.010080200000000000e+07,7.195000000000000000e+02,7.295000000000000000e+02,7.130000000000000000e+02,7.210000000000000000e+02,5.905000000000000000e+05
2.010080900000000000e+07,7.215000000000000000e+02,7.300000000000000000e+02,7.100000000000000000e+02,7.195000000000000000e+02,6.894000000000000000e+05
2.010081600000000000e+07,7.200000000000000000e+02,7.380000000000000000e+02,7.120000000000000000e+02,7.260000000000000000e+02,4.845000000000000000e+05
2.010082300000000000e+07,7.255000000000000000e+02,7.850000000000000000e+02,7.170000000000000000e+02,7.700000000000000000e+02,1.616300000000000000e+06
2.010083000000000000e+07,7.700000000000000000e+02,8.130000000000000000e+02,7.605000000000000000e+02,7.970000000000000000e+02,1.046700000000000000e+06
2.010090600000000000e+07,8.040000000000000000e+02,8.090000000000000000e+02,7.730000000000000000e+02,8.020000000000000000e+02,7.651000000000000000e+05
2.010091300000000000e+07,8.000000000000000000e+02,8.070000000000000000e+02,7.535000000000000000e+02,7.660000000000000000e+02,1.553900000000000000e+06
2.010092000000000000e+07,7.660000000000000000e+02,7.770000000000000000e+02,6.580000000000000000e+02,7.015000000000000000e+02,4.066700000000000000e+06
2.010092700000000000e+07,7.070000000000000000e+02,7.265000000000000000e+02,6.655000000000000000e+02,6.875000000000000000e+02,3.484000000000000000e+06
2.010100400000000000e+07,6.920000000000000000e+02,7.275000000000000000e+02,6.745000000000000000e+02,7.065000000000000000e+02,2.975800000000000000e+06
2.010101100000000000e+07,7.135000000000000000e+02,7.520000000000000000e+02,7.045000000000000000e+02,7.415000000000000000e+02,1.155600000000000000e+06
2.010101800000000000e+07,7.225000000000000000e+02,7.650000000000000000e+02,7.225000000000000000e+02,7.560000000000000000e+02,1.809700000000000000e+06
2.010102500000000000e+07,7.535000000000000000e+02,7.960000000000000000e+02,7.315000000000000000e+02,7.860000000000000000e+02,2.759900000000000000e+06
2.010110100000000000e+07,7.995000000000000000e+02,8.070000000000000000e+02,7.660000000000000000e+02,7.930000000000000000e+02,1.726600000000000000e+06
2.010110800000000000e+07,7.925000000000000000e+02,7.990000000000000000e+02,7.410000000000000000e+02,7.550000000000000000e+02,1.244500000000000000e+06
2.010111500000000000e+07,7.585000000000000000e+02,7.855000000000000000e+02,7.480000000000000000e+02,7.790000000000000000e+02,6.979000000000000000e+05
2.010112200000000000e+07,7.820000000000000000e+02,7.820000000000000000e+02,7.545000000000000000e+02,7.700000000000000000e+02,5.509000000000000000e+05
2.010112900000000000e+07,7.720000000000000000e+02,8.000000000000000000e+02,7.585000000000000000e+02,7.950000000000000000e+02,1.521800000000000000e+06
2.010120600000000000e+07,7.960000000000000000e+02,8.170000000000000000e+02,7.860000000000000000e+02,8.080000000000000000e+02,1.318200000000000000e+06
2.010121300000000000e+07,8.070000000000000000e+02,8.295000000000000000e+02,8.000000000000000000e+02,8.295000000000000000e+02,1.153200000000000000e+06
2.010122000000000000e+07,8.335000000000000000e+02,8.335000000000000000e+02,7.740000000000000000e+02,7.965000000000000000e+02,4.893000000000000000e+05
2.010122700000000000e+07,7.965000000000000000e+02,8.370000000000000000e+02,7.965000000000000000e+02,8.370000000000000000e+02,4.464000000000000000e+05
2.011011000000000000e+07,8.600000000000000000e+02,8.840000000000000000e+02,8.550000000000000000e+02,8.800000000000000000e+02,1.229800000000000000e+06
2.011011700000000000e+07,8.840000000000000000e+02,9.080000000000000000e+02,8.800000000000000000e+02,8.895000000000000000e+02,1.414600000000000000e+06
2.011012400000000000e+07,8.900000000000000000e+02,8.920000000000000000e+02,8.220000000000000000e+02,8.280000000000000000e+02,2.376500000000000000e+06
2.011013100000000000e+07,8.190000000000000000e+02,8.720000000000000000e+02,7.615000000000000000e+02,8.225000000000000000e+02,2.975700000000000000e+06
2.011020700000000000e+07,8.300000000000000000e+02,8.600000000000000000e+02,8.300000000000000000e+02,8.425000000000000000e+02,1.233400000000000000e+06
2.011021400000000000e+07,8.505000000000000000e+02,8.575000000000000000e+02,8.190000000000000000e+02,8.230000000000000000e+02,1.016000000000000000e+06
2.011022100000000000e+07,8.195000000000000000e+02,8.220000000000000000e+02,7.640000000000000000e+02,7.715000000000000000e+02,1.803900000000000000e+06
2.011022800000000000e+07,7.720000000000000000e+02,7.765000000000000000e+02,7.565000000000000000e+02,7.600000000000000000e+02,1.311700000000000000e+06
2.011030700000000000e+07,7.600000000000000000e+02,7.600000000000000000e+02,7.200000000000000000e+02,7.205000000000000000e+02,1.453700000000000000e+06
2.011031400000000000e+07,7.215000000000000000e+02,7.415000000000000000e+02,6.750000000000000000e+02,7.305000000000000000e+02,2.582100000000000000e+06
2.011032100000000000e+07,7.315000000000000000e+02,7.575000000000000000e+02,7.215000000000000000e+02,7.465000000000000000e+02,1.538300000000000000e+06
2.011032800000000000e+07,7.505000000000000000e+02,7.560000000000000000e+02,7.315000000000000000e+02,7.365000000000000000e+02,1.055100000000000000e+06
2.011040400000000000e+07,7.380000000000000000e+02,7.495000000000000000e+02,7.305000000000000000e+02,7.305000000000000000e+02,9.999000000000000000e+05
2.011041100000000000e+07,7.335000000000000000e+02,7.535000000000000000e+02,7.115000000000000000e+02,7.505000000000000000e+02,1.849600000000000000e+06
2.011041800000000000e+07,7.475000000000000000e+02,7.810000000000000000e+02,7.395000000000000000e+02,7.670000000000000000e+02,1.129400000000000000e+06
2.011050900000000000e+07,7.910000000000000000e+02,8.540000000000000000e+02,7.865000000000000000e+02,8.450000000000000000e+02,1.588800000000000000e+06
2.011051600000000000e+07,8.390000000000000000e+02,8.645000000000000000e+02,8.260000000000000000e+02,8.555000000000000000e+02,1.063100000000000000e+06
2.011052300000000000e+07,8.385000000000000000e+02,8.595000000000000000e+02,8.350000000000000000e+02,8.480000000000000000e+02,1.077300000000000000e+06
2.011060600000000000e+07,8.510000000000000000e+02,8.775000000000000000e+02,8.065000000000000000e+02,8.070000000000000000e+02,1.511200000000000000e+06
2.011061300000000000e+07,8.030000000000000000e+02,8.075000000000000000e+02,7.510000000000000000e+02,7.635000000000000000e+02,2.864200000000000000e+06
2.011062000000000000e+07,7.575000000000000000e+02,7.775000000000000000e+02,7.490000000000000000e+02,7.640000000000000000e+02,1.691600000000000000e+06
2.011062700000000000e+07,7.615000000000000000e+02,7.875000000000000000e+02,7.560000000000000000e+02,7.710000000000000000e+02,1.066900000000000000e+06
2.011070400000000000e+07,7.700000000000000000e+02,7.995000000000000000e+02,7.585000000000000000e+02,7.875000000000000000e+02,9.357000000000000000e+05
2.011071100000000000e+07,7.855000000000000000e+02,7.895000000000000000e+02,7.370000000000000000e+02,7.545000000000000000e+02,1.171500000000000000e+06
2.011071800000000000e+07,7.485000000000000000e+02,7.490000000000000000e+02,7.155000000000000000e+02,7.330000000000000000e+02,9.338000000000000000e+05
2.011072500000000000e+07,7.280000000000000000e+02,7.365000000000000000e+02,6.830000000000000000e+02,6.830000000000000000e+02,1.454500000000000000e+06
2.011080100000000000e+07,6.925000000000000000e+02,7.020000000000000000e+02,5.855000000000000000e+02,6.055000000000000000e+02,1.454600000000000000e+06
2.011080800000000000e+07,5.975000000000000000e+02,6.900000000000000000e+02,5.365000000000000000e+02,6.805000000000000000e+02,2.199700000000000000e+06
2.011081500000000000e+07,6.800000000000000000e+02,6.930000000000000000e+02,5.600000000000000000e+02,6.095000000000000000e+02,1.906900000000000000e+06
2.011082200000000000e+07,6.000000000000000000e+02,6.330000000000000000e+02,5.955000000000000000e+02,6.050000000000000000e+02,3.338400000000000000e+06
2.011090500000000000e+07,5.815000000000000000e+02,5.930000000000000000e+02,5.685000000000000000e+02,5.780000000000000000e+02,1.135000000000000000e+06
2.011091200000000000e+07,5.705000000000000000e+02,5.920000000000000000e+02,5.510000000000000000e+02,5.910000000000000000e+02,1.784400000000000000e+06
2.011091900000000000e+07,5.770000000000000000e+02,6.035000000000000000e+02,5.525000000000000000e+02,5.575000000000000000e+02,1.829800000000000000e+06
2.011092600000000000e+07,5.545000000000000000e+02,5.935000000000000000e+02,5.500000000000000000e+02,5.700000000000000000e+02,1.089100000000000000e+06
2.011100300000000000e+07,5.565000000000000000e+02,6.084799804687500000e+02,5.565000000000000000e+02,5.960000000000000000e+02,1.674500000000000000e+06
2.011101000000000000e+07,5.985000000000000000e+02,6.420000000000000000e+02,5.985000000000000000e+02,6.365000000000000000e+02,1.426800000000000000e+06
2.011101700000000000e+07,6.360000000000000000e+02,6.485000000000000000e+02,6.140000000000000000e+02,6.280000000000000000e+02,1.089300000000000000e+06
2.011102400000000000e+07,6.280000000000000000e+02,6.970000000000000000e+02,6.235000000000000000e+02,6.955000000000000000e+02,1.213000000000000000e+06
2.011103100000000000e+07,6.955000000000000000e+02,6.955000000000000000e+02,6.250000000000000000e+02,6.475000000000000000e+02,2.077400000000000000e+06
2.011110700000000000e+07,6.480000000000000000e+02,6.575000000000000000e+02,6.195000000000000000e+02,6.565000000000000000e+02,8.768000000000000000e+05
2.011111400000000000e+07,6.565000000000000000e+02,6.617700195312500000e+02,6.195000000000000000e+02,6.195000000000000000e+02,8.187000000000000000e+05
2.011112100000000000e+07,6.155000000000000000e+02,6.160000000000000000e+02,5.803599853515625000e+02,6.010000000000000000e+02,9.385000000000000000e+05
2.011112800000000000e+07,6.085000000000000000e+02,6.385000000000000000e+02,5.920000000000000000e+02,6.330000000000000000e+02,2.287100000000000000e+06
2.011120500000000000e+07,6.345000000000000000e+02,6.580000000000000000e+02,6.235000000000000000e+02,6.545000000000000000e+02,1.374500000000000000e+06
2.011121200000000000e+07,6.525000000000000000e+02,6.580000000000000000e+02,6.075000000000000000e+02,6.215000000000000000e+02,1.192200000000000000e+06
2.011121900000000000e+07,6.170000000000000000e+02,6.355000000000000000e+02,6.005000000000000000e+02,6.300000000000000000e+02,6.664000000000000000e+05
2.011122600000000000e+07,6.300000000000000000e+02,6.320000000000000000e+02,6.090000000000000000e+02,6.200000000000000000e+02,5.253000000000000000e+05
2.012010200000000000e+07,6.200000000000000000e+02,6.675000000000000000e+02,6.200000000000000000e+02,6.575000000000000000e+02,1.214400000000000000e+06
2.012010900000000000e+07,6.590000000000000000e+02,6.705000000000000000e+02,6.435000000000000000e+02,6.675000000000000000e+02,1.298000000000000000e+06
2.012011600000000000e+07,6.675000000000000000e+02,7.379699707031250000e+02,6.655000000000000000e+02,7.310000000000000000e+02,1.439900000000000000e+06
2.012012300000000000e+07,7.305000000000000000e+02,7.400000000000000000e+02,7.167399902343750000e+02,7.230000000000000000e+02,1.566300000000000000e+06
2.012013000000000000e+07,7.185000000000000000e+02,7.300000000000000000e+02,7.015000000000000000e+02,7.290000000000000000e+02,1.419700000000000000e+06
2.012020600000000000e+07,7.280000000000000000e+02,7.350000000000000000e+02,7.070000000000000000e+02,7.320000000000000000e+02,8.744000000000000000e+05
2.012021300000000000e+07,7.345000000000000000e+02,7.485000000000000000e+02,7.113350219726562500e+02,7.225000000000000000e+02,1.077200000000000000e+06
2.012022000000000000e+07,7.240000000000000000e+02,7.475000000000000000e+02,7.240000000000000000e+02,7.360000000000000000e+02,8.220000000000000000e+05
2.012022700000000000e+07,7.330000000000000000e+02,7.500000000000000000e+02,7.230000000000000000e+02,7.485000000000000000e+02,1.117100000000000000e+06
2.012030500000000000e+07,7.440000000000000000e+02,7.555000000000000000e+02,7.073150024414062500e+02,7.435000000000000000e+02,1.469400000000000000e+06
2.012031200000000000e+07,7.395000000000000000e+02,7.800000000000000000e+02,7.270000000000000000e+02,7.295000000000000000e+02,2.398900000000000000e+06
2.012031900000000000e+07,7.255000000000000000e+02,7.320000000000000000e+02,6.780000000000000000e+02,6.795000000000000000e+02,2.019200000000000000e+06
2.012032600000000000e+07,6.835000000000000000e+02,7.125000000000000000e+02,6.670000000000000000e+02,6.790000000000000000e+02,3.004200000000000000e+06
2.012040200000000000e+07,6.825000000000000000e+02,6.950000000000000000e+02,6.530000000000000000e+02,6.605000000000000000e+02,1.391800000000000000e+06
2.012040900000000000e+07,6.605000000000000000e+02,6.730000000000000000e+02,6.470000000000000000e+02,6.545000000000000000e+02,1.176200000000000000e+06
2.012041600000000000e+07,6.515000000000000000e+02,6.745000000000000000e+02,6.505000000000000000e+02,6.540000000000000000e+02,1.615400000000000000e+06
2.012042300000000000e+07,6.500000000000000000e+02,6.535000000000000000e+02,6.015000000000000000e+02,6.055000000000000000e+02,2.041600000000000000e+06
2.012043000000000000e+07,6.085000000000000000e+02,6.435319824218750000e+02,6.035000000000000000e+02,6.250000000000000000e+02,1.648200000000000000e+06
2.012050700000000000e+07,6.250000000000000000e+02,6.355000000000000000e+02,6.087910156250000000e+02,6.355000000000000000e+02,8.526000000000000000e+05
2.012051400000000000e+07,6.285000000000000000e+02,6.390000000000000000e+02,5.985000000000000000e+02,6.300000000000000000e+02,1.182600000000000000e+06
2.012052100000000000e+07,6.275000000000000000e+02,6.470000000000000000e+02,6.190000000000000000e+02,6.295000000000000000e+02,1.253400000000000000e+06
2.012052800000000000e+07,6.320000000000000000e+02,6.570000000000000000e+02,6.314310302734375000e+02,6.370000000000000000e+02,1.429400000000000000e+06
2.012060400000000000e+07,6.370000000000000000e+02,6.525000000000000000e+02,6.295000000000000000e+02,6.385000000000000000e+02,8.409000000000000000e+05
2.012061100000000000e+07,6.425000000000000000e+02,6.844099731445312500e+02,6.345000000000000000e+02,6.840000000000000000e+02,1.600900000000000000e+06
2.012061800000000000e+07,6.805000000000000000e+02,6.905000000000000000e+02,6.440000000000000000e+02,6.520000000000000000e+02,1.441300000000000000e+06
2.012062500000000000e+07,6.470000000000000000e+02,6.650000000000000000e+02,6.300000000000000000e+02,6.525000000000000000e+02,1.374400000000000000e+06
2.012070200000000000e+07,6.545000000000000000e+02,6.740000000000000000e+02,6.505000000000000000e+02,6.545000000000000000e+02,9.236000000000000000e+05
2.012070900000000000e+07,6.565000000000000000e+02,6.735000000000000000e+02,6.443280029296875000e+02,6.680000000000000000e+02,8.547000000000000000e+05
2.012071600000000000e+07,6.660000000000000000e+02,6.835000000000000000e+02,6.640000000000000000e+02,6.760000000000000000e+02,8.377000000000000000e+05
2.012072300000000000e+07,6.705000000000000000e+02,6.890000000000000000e+02,6.420000000000000000e+02,6.890000000000000000e+02,9.316000000000000000e+05
2.012073000000000000e+07,6.860000000000000000e+02,7.490000000000000000e+02,6.855000000000000000e+02,7.445000000000000000e+02,1.300300000000000000e+06
2.012080600000000000e+07,7.430000000000000000e+02,7.520000000000000000e+02,6.960000000000000000e+02,7.010000000000000000e+02,1.211900000000000000e+06
2.012081300000000000e+07,7.040000000000000000e+02,7.850000000000000000e+02,7.000000000000000000e+02,7.380000000000000000e+02,1.707000000000000000e+06
2.012082000000000000e+07,7.400000000000000000e+02,7.600000000000000000e+02,7.240000000000000000e+02,7.330000000000000000e+02,1.094200000000000000e+06
2.012082700000000000e+07,7.330000000000000000e+02,7.345000000000000000e+02,7.086170043945312500e+02,7.300000000000000000e+02,7.675000000000000000e+05
2.012090300000000000e+07,7.410000000000000000e+02,7.410000000000000000e+02,7.080000000000000000e+02,7.250000000000000000e+02,9.029000000000000000e+05
2.012091000000000000e+07,7.225000000000000000e+02,7.350000000000000000e+02,7.065000000000000000e+02,7.270000000000000000e+02,1.007700000000000000e+06
2.012091700000000000e+07,7.260000000000000000e+02,7.540000000000000000e+02,7.190000000000000000e+02,7.490000000000000000e+02,1.417300000000000000e+06
2.012092400000000000e+07,7.455000000000000000e+02,7.500000000000000000e+02,7.160000000000000000e+02,7.265000000000000000e+02,1.251300000000000000e+06
2.012100100000000000e+07,7.245000000000000000e+02,7.370000000000000000e+02,7.200000000000000000e+02,7.290000000000000000e+02,1.072100000000000000e+06
2.012100800000000000e+07,7.250000000000000000e+02,7.315000000000000000e+02,7.145000000000000000e+02,7.225000000000000000e+02,8.531000000000000000e+05
2.012101500000000000e+07,7.330000000000000000e+02,7.795000000000000000e+02,7.265000000000000000e+02,7.700000000000000000e+02,2.191500000000000000e+06
2.012102200000000000e+07,7.585000000000000000e+02,7.605000000000000000e+02,7.160000000000000000e+02,7.410000000000000000e+02,1.428300000000000000e+06
2.012102900000000000e+07,7.415000000000000000e+02,7.565000000000000000e+02,7.177500000000000000e+02,7.385000000000000000e+02,1.811200000000000000e+06
2.012110500000000000e+07,7.375000000000000000e+02,7.842940063476562500e+02,7.315000000000000000e+02,7.460000000000000000e+02,1.758800000000000000e+06
2.012111200000000000e+07,7.480000000000000000e+02,7.485000000000000000e+02,7.255000000000000000e+02,7.255000000000000000e+02,9.564000000000000000e+05
2.012111900000000000e+07,7.345000000000000000e+02,7.820000000000000000e+02,7.290000000000000000e+02,7.430000000000000000e+02,9.344000000000000000e+05
2.012112600000000000e+07,7.410000000000000000e+02,7.610000000000000000e+02,7.340000000000000000e+02,7.545000000000000000e+02,7.313000000000000000e+05
2.012120300000000000e+07,7.570000000000000000e+02,7.740000000000000000e+02,7.535000000000000000e+02,7.675000000000000000e+02,1.193700000000000000e+06
2.012121000000000000e+07,7.675000000000000000e+02,7.680000000000000000e+02,7.435000000000000000e+02,7.495000000000000000e+02,8.746000000000000000e+05
2.012121700000000000e+07,7.625000000000000000e+02,7.635000000000000000e+02,7.390000000000000000e+02,7.540000000000000000e+02,9.790000000000000000e+05
2.012122400000000000e+07,7.450000000000000000e+02,7.625000000000000000e+02,7.450000000000000000e+02,7.540000000000000000e+02,2.910000000000000000e+05
2.012123100000000000e+07,7.550000000000000000e+02,7.810000000000000000e+02,7.495000000000000000e+02,7.690000000000000000e+02,7.526000000000000000e+05
2.013010700000000000e+07,7.610000000000000000e+02,7.850000000000000000e+02,7.595000000000000000e+02,7.685000000000000000e+02,9.294000000000000000e+05
2.013011400000000000e+07,7.665000000000000000e+02,7.900000000000000000e+02,7.610000000000000000e+02,7.825000000000000000e+02,8.520000000000000000e+05
2.013012100000000000e+07,7.770000000000000000e+02,8.085000000000000000e+02,7.720000000000000000e+02,8.085000000000000000e+02,8.202000000000000000e+05
2.013012800000000000e+07,8.085000000000000000e+02,8.275000000000000000e+02,7.896959838867187500e+02,8.240000000000000000e+02,1.065400000000000000e+06
2.013020400000000000e+07,8.265000000000000000e+02,8.430000000000000000e+02,8.120000000000000000e+02,8.400000000000000000e+02,9.655000000000000000e+05
2.013021100000000000e+07,8.415000000000000000e+02,8.695000000000000000e+02,8.365000000000000000e+02,8.685000000000000000e+02,8.588000000000000000e+05
2.013021800000000000e+07,8.600000000000000000e+02,8.880000000000000000e+02,8.495000000000000000e+02,8.640000000000000000e+02,8.529000000000000000e+05
2.013022500000000000e+07,8.675000000000000000e+02,9.490000000000000000e+02,8.525000000000000000e+02,9.365000000000000000e+02,2.505700000000000000e+06
2.013030400000000000e+07,9.365000000000000000e+02,9.565000000000000000e+02,9.205000000000000000e+02,9.400000000000000000e+02,1.382800000000000000e+06
2.013031100000000000e+07,9.410000000000000000e+02,1.009000000000000000e+03,9.360000000000000000e+02,1.000000000000000000e+03,1.815900000000000000e+06
2.013031800000000000e+07,9.950000000000000000e+02,1.039000000000000000e+03,9.815000000000000000e+02,1.028000000000000000e+03,1.324700000000000000e+06
2.013032500000000000e+07,1.032000000000000000e+03,1.037000000000000000e+03,1.012000000000000000e+03,1.034000000000000000e+03,1.031800000000000000e+06
2.013040100000000000e+07,1.034000000000000000e+03,1.048000000000000000e+03,9.790000000000000000e+02,9.910000000000000000e+02,1.029200000000000000e+06
2.013040800000000000e+07,9.965000000000000000e+02,1.012000000000000000e+03,9.781729736328125000e+02,9.930000000000000000e+02,1.694400000000000000e+06
2.013041500000000000e+07,9.930000000000000000e+02,1.006000000000000000e+03,8.950999755859375000e+02,9.500000000000000000e+02,2.629800000000000000e+06
2.013042200000000000e+07,9.475000000000000000e+02,1.000000000000000000e+03,9.395000000000000000e+02,9.770000000000000000e+02,1.736000000000000000e+06
2.013042900000000000e+07,9.815000000000000000e+02,9.900000000000000000e+02,9.700000000000000000e+02,9.755000000000000000e+02,1.084600000000000000e+06
2.013050600000000000e+07,9.755000000000000000e+02,9.785000000000000000e+02,9.600000000000000000e+02,9.660000000000000000e+02,7.219000000000000000e+05
2.013051300000000000e+07,9.640000000000000000e+02,1.041000000000000000e+03,9.635000000000000000e+02,9.790000000000000000e+02,1.584000000000000000e+06
2.013052000000000000e+07,9.790000000000000000e+02,9.940000000000000000e+02,9.645000000000000000e+02,9.705000000000000000e+02,1.394800000000000000e+06
2.013052700000000000e+07,9.705000000000000000e+02,9.935000000000000000e+02,9.570000000000000000e+02,9.700000000000000000e+02,8.273000000000000000e+05
2.013060300000000000e+07,9.660000000000000000e+02,9.755000000000000000e+02,9.315000000000000000e+02,9.505000000000000000e+02,9.608000000000000000e+05
2.013061000000000000e+07,9.510000000000000000e+02,9.665000000000000000e+02,9.236500244140625000e+02,9.600000000000000000e+02,6.883000000000000000e+05
2.013061700000000000e+07,9.780000000000000000e+02,1.000000000000000000e+03,9.450000000000000000e+02,9.480000000000000000e+02,1.362700000000000000e+06
2.013062400000000000e+07,9.465000000000000000e+02,9.555000000000000000e+02,9.035000000000000000e+02,9.510000000000000000e+02,1.315400000000000000e+06
2.013070100000000000e+07,9.495000000000000000e+02,9.975000000000000000e+02,9.345000000000000000e+02,9.940000000000000000e+02,1.003000000000000000e+06
2.013070800000000000e+07,1.030000000000000000e+03,1.112000000000000000e+03,1.030000000000000000e+03,1.087000000000000000e+03,2.362000000000000000e+06
2.013071500000000000e+07,1.089000000000000000e+03,1.105000000000000000e+03,1.058000000000000000e+03,1.065000000000000000e+03,9.730000000000000000e+05
2.013072200000000000e+07,1.063000000000000000e+03,1.088000000000000000e+03,1.057000000000000000e+03,1.082000000000000000e+03,7.865000000000000000e+05
2.013072900000000000e+07,1.082000000000000000e+03,1.127000000000000000e+03,1.075050048828125000e+03,1.099000000000000000e+03,9.097000000000000000e+05
2.013080500000000000e+07,1.100000000000000000e+03,1.114920043945312500e+03,1.093000000000000000e+03,1.096000000000000000e+03,9.042000000000000000e+05
2.013081200000000000e+07,1.096000000000000000e+03,1.106000000000000000e+03,1.054000000000000000e+03,1.069000000000000000e+03,8.094000000000000000e+05
2.013081900000000000e+07,1.071000000000000000e+03,1.128000000000000000e+03,1.066000000000000000e+03,1.077000000000000000e+03,1.543800000000000000e+06
2.013082600000000000e+07,1.077000000000000000e+03,1.077000000000000000e+03,1.004000000000000000e+03,1.014000000000000000e+03,1.530300000000000000e+06
2.013090200000000000e+07,1.030000000000000000e+03,1.056000000000000000e+03,1.020000000000000000e+03,1.045000000000000000e+03,1.061200000000000000e+06
2.013090900000000000e+07,1.042000000000000000e+03,1.050000000000000000e+03,1.025000000000000000e+03,1.033000000000000000e+03,9.581000000000000000e+05
2.013091600000000000e+07,1.043000000000000000e+03,1.065000000000000000e+03,1.024000000000000000e+03,1.046000000000000000e+03,1.051200000000000000e+06
2.013092300000000000e+07,1.047000000000000000e+03,1.057000000000000000e+03,1.027000000000000000e+03,1.035000000000000000e+03,8.663000000000000000e+05
2.013093000000000000e+07,1.040000000000000000e+03,1.064000000000000000e+03,1.034000000000000000e+03,1.056000000000000000e+03,1.414600000000000000e+06
2.013100700000000000e+07,1.053000000000000000e+03,1.087000000000000000e+03,1.035000000000000000e+03,1.063000000000000000e+03,1.121300000000000000e+06
2.013101400000000000e+07,1.057000000000000000e+03,1.132000000000000000e+03,1.056849975585937500e+03,1.131000000000000000e+03,1.026700000000000000e+06
2.013102100000000000e+07,1.128000000000000000e+03,1.157000000000000000e+03,1.125000000000000000e+03,1.150000000000000000e+03,1.155400000000000000e+06
2.013102800000000000e+07,1.158000000000000000e+03,1.209000000000000000e+03,1.153000000000000000e+03,1.202000000000000000e+03,1.147400000000000000e+06
2.013110400000000000e+07,1.207000000000000000e+03,1.236000000000000000e+03,1.189000000000000000e+03,1.197000000000000000e+03,1.635400000000000000e+06
2.013111100000000000e+07,1.203000000000000000e+03,1.236000000000000000e+03,1.195000000000000000e+03,1.209000000000000000e+03,1.138100000000000000e+06
2.013111800000000000e+07,1.205000000000000000e+03,1.216000000000000000e+03,1.182000000000000000e+03,1.205000000000000000e+03,7.590000000000000000e+05
2.013112500000000000e+07,1.215000000000000000e+03,1.216000000000000000e+03,1.194000000000000000e+03,1.206000000000000000e+03,7.092000000000000000e+05
2.013120200000000000e+07,1.207000000000000000e+03,1.215000000000000000e+03,1.168000000000000000e+03,1.182000000000000000e+03,7.683000000000000000e+05
2.013120900000000000e+07,1.181000000000000000e+03,1.199000000000000000e+03,1.156250000000000000e+03,1.170000000000000000e+03,8.411000000000000000e+05
2.013121600000000000e+07,1.168000000000000000e+03,1.229000000000000000e+03,1.165000000000000000e+03,1.210000000000000000e+03,1.204900000000000000e+06
2.013122300000000000e+07,1.212000000000000000e+03,1.212000000000000000e+03,1.196000000000000000e+03,1.200000000000000000e+03,2.082000000000000000e+05
2.013123000000000000e+07,1.200000000000000000e+03,1.289000000000000000e+03,1.187000000000000000e+03,1.279000000000000000e+03,1.021400000000000000e+06
2.014010600000000000e+07,1.286000000000000000e+03,1.316000000000000000e+03,1.263000000000000000e+03,1.313000000000000000e+03,1.019400000000000000e+06
2.014011300000000000e+07,1.305000000000000000e+03,1.326000000000000000e+03,1.237000000000000000e+03,1.256000000000000000e+03,8.161000000000000000e+05
2.014012000000000000e+07,1.263000000000000000e+03,1.279000000000000000e+03,1.206000000000000000e+03,1.206000000000000000e+03,6.442000000000000000e+05
2.014012700000000000e+07,1.215000000000000000e+03,1.231000000000000000e+03,1.174000000000000000e+03,1.201000000000000000e+03,9.948000000000000000e+05
2.014020300000000000e+07,1.207000000000000000e+03,1.252000000000000000e+03,1.190000000000000000e+03,1.212000000000000000e+03,1.064700000000000000e+06
2.014021000000000000e+07,1.209000000000000000e+03,1.334000000000000000e+03,1.196760009765625000e+03,1.303000000000000000e+03,1.761300000000000000e+06
2.014021700000000000e+07,1.311000000000000000e+03,1.384000000000000000e+03,1.283000000000000000e+03,1.380000000000000000e+03,1.122500000000000000e+06
2.014022400000000000e+07,1.383000000000000000e+03,1.443000000000000000e+03,1.367000000000000000e+03,1.434000000000000000e+03,1.284300000000000000e+06
2.014030300000000000e+07,1.419000000000000000e+03,1.522000000000000000e+03,1.409000000000000000e+03,1.472000000000000000e+03,1.156900000000000000e+06
2.014031000000000000e+07,1.467000000000000000e+03,1.595000000000000000e+03,1.456000000000000000e+03,1.590000000000000000e+03,1.677200000000000000e+06
2.014031700000000000e+07,1.588000000000000000e+03,1.699000000000000000e+03,1.583000000000000000e+03,1.623000000000000000e+03,1.735700000000000000e+06
2.014032400000000000e+07,1.624000000000000000e+03,1.681000000000000000e+03,1.612500000000000000e+03,1.655000000000000000e+03,9.615000000000000000e+05
2.014033100000000000e+07,1.654000000000000000e+03,1.693000000000000000e+03,1.630000000000000000e+03,1.669000000000000000e+03,1.266500000000000000e+06
2.014040700000000000e+07,1.657000000000000000e+03,1.683000000000000000e+03,1.495000000000000000e+03,1.511000000000000000e+03,1.797100000000000000e+06
2.014041400000000000e+07,1.505000000000000000e+03,1.522000000000000000e+03,1.470000000000000000e+03,1.496000000000000000e+03,1.103800000000000000e+06
2.014042100000000000e+07,1.496000000000000000e+03,1.585000000000000000e+03,1.496000000000000000e+03,1.544000000000000000e+03,1.285700000000000000e+06
2.014042800000000000e+07,1.546000000000000000e+03,1.596000000000000000e+03,1.531000000000000000e+03,1.575000000000000000e+03,9.985000000000000000e+05
2.014050500000000000e+07,1.575000000000000000e+03,1.658000000000000000e+03,1.573900024414062500e+03,1.635000000000000000e+03,1.443000000000000000e+06
2.014051200000000000e+07,1.645000000000000000e+03,1.659760009765625000e+03,1.580000000000000000e+03,1.594000000000000000e+03,9.455000000000000000e+05
2.014051900000000000e+07,1.596000000000000000e+03,1.617000000000000000e+03,1.564000000000000000e+03,1.612000000000000000e+03,1.083500000000000000e+06
2.014052600000000000e+07,1.612000000000000000e+03,1.705000000000000000e+03,1.579000000000000000e+03,1.705000000000000000e+03,1.379400000000000000e+06
2.014060200000000000e+07,1.706000000000000000e+03,1.733000000000000000e+03,1.680000000000000000e+03,1.728000000000000000e+03,1.243200000000000000e+06
2.014060900000000000e+07,1.726000000000000000e+03,1.732599975585937500e+03,1.627000000000000000e+03,1.656000000000000000e+03,9.836000000000000000e+05
2.014061600000000000e+07,1.653000000000000000e+03,1.705000000000000000e+03,1.628000000000000000e+03,1.688000000000000000e+03,1.188600000000000000e+06
2.014062300000000000e+07,1.684000000000000000e+03,1.692000000000000000e+03,1.634000000000000000e+03,1.671000000000000000e+03,1.310500000000000000e+06
2.014063000000000000e+07,1.667000000000000000e+03,1.790000000000000000e+03,1.667000000000000000e+03,1.780000000000000000e+03,1.293600000000000000e+06
2.014070700000000000e+07,1.769000000000000000e+03,1.782000000000000000e+03,1.718000000000000000e+03,1.731000000000000000e+03,8.480000000000000000e+05
2.014071400000000000e+07,1.729000000000000000e+03,1.741000000000000000e+03,1.668079956054687500e+03,1.719000000000000000e+03,1.271800000000000000e+06
2.014072100000000000e+07,1.724000000000000000e+03,1.835000000000000000e+03,1.699000000000000000e+03,1.810000000000000000e+03,9.662000000000000000e+05
2.014072800000000000e+07,1.811000000000000000e+03,1.824989990234375000e+03,1.748000000000000000e+03,1.760000000000000000e+03,8.916000000000000000e+05
2.014080400000000000e+07,1.764000000000000000e+03,1.785000000000000000e+03,1.676000000000000000e+03,1.686000000000000000e+03,1.156200000000000000e+06
2.014081100000000000e+07,1.697000000000000000e+03,1.800000000000000000e+03,1.687000000000000000e+03,1.775000000000000000e+03,1.094900000000000000e+06
2.014081800000000000e+07,1.797000000000000000e+03,1.815000000000000000e+03,1.680000000000000000e+03,1.745000000000000000e+03,1.378500000000000000e+06
2.014082500000000000e+07,1.745000000000000000e+03,1.778000000000000000e+03,1.677000000000000000e+03,1.727000000000000000e+03,9.817000000000000000e+05
2.014090100000000000e+07,1.722000000000000000e+03,1.750000000000000000e+03,1.673680053710937500e+03,1.689000000000000000e+03,1.105300000000000000e+06
2.014090800000000000e+07,1.692000000000000000e+03,1.692000000000000000e+03,1.634000000000000000e+03,1.656000000000000000e+03,1.029100000000000000e+06
2.014091500000000000e+07,1.647000000000000000e+03,1.665000000000000000e+03,1.591000000000000000e+03,1.615000000000000000e+03,2.298900000000000000e+06
2.014092200000000000e+07,1.600000000000000000e+03,1.672000000000000000e+03,1.580000000000000000e+03,1.613000000000000000e+03,1.123800000000000000e+06
2.014092900000000000e+07,1.618000000000000000e+03,1.785000000000000000e+03,1.603000000000000000e+03,1.782000000000000000e+03,1.804800000000000000e+06
2.014100600000000000e+07,1.790000000000000000e+03,1.919000000000000000e+03,1.740000000000000000e+03,1.794000000000000000e+03,3.571200000000000000e+06
2.014101300000000000e+07,1.781000000000000000e+03,1.809000000000000000e+03,1.717000000000000000e+03,1.792000000000000000e+03,2.355200000000000000e+06
2.014102000000000000e+07,1.789000000000000000e+03,1.904000000000000000e+03,1.771000000000000000e+03,1.813000000000000000e+03,1.889400000000000000e+06
2.014102700000000000e+07,1.824000000000000000e+03,1.895000000000000000e+03,1.803000000000000000e+03,1.895000000000000000e+03,1.649000000000000000e+06
2.014110300000000000e+07,1.882000000000000000e+03,1.972000000000000000e+03,1.838000000000000000e+03,1.872000000000000000e+03,1.988300000000000000e+06
2.014111000000000000e+07,1.861000000000000000e+03,1.953000000000000000e+03,1.861000000000000000e+03,1.907000000000000000e+03,9.826000000000000000e+05
2.014111700000000000e+07,1.895000000000000000e+03,1.950000000000000000e+03,1.880000000000000000e+03,1.894000000000000000e+03,9.243000000000000000e+05
2.014112400000000000e+07,1.892000000000000000e+03,1.964000000000000000e+03,1.869000000000000000e+03,1.961000000000000000e+03,9.056000000000000000e+05
2.014120100000000000e+07,1.961000000000000000e+03,2.058000000000000000e+03,1.949079956054687500e+03,2.037000000000000000e+03,9.785000000000000000e+05
2.014120800000000000e+07,2.038000000000000000e+03,2.065000000000000000e+03,1.984000000000000000e+03,1.989000000000000000e+03,9.909000000000000000e+05
2.014121500000000000e+07,1.992000000000000000e+03,2.053000000000000000e+03,1.941000000000000000e+03,2.032000000000000000e+03,1.314100000000000000e+06
2.014122200000000000e+07,2.032000000000000000e+03,2.072000000000000000e+03,1.984000000000000000e+03,2.010000000000000000e+03,2.985000000000000000e+05
2.014122900000000000e+07,2.006000000000000000e+03,2.008000000000000000e+03,1.928890014648437500e+03,1.982000000000000000e+03,3.865000000000000000e+05
2.015010500000000000e+07,2.031000000000000000e+03,2.292000000000000000e+03,2.031000000000000000e+03,2.283000000000000000e+03,1.553400000000000000e+06
2.015011200000000000e+07,2.329000000000000000e+03,2.500000000000000000e+03,2.180000000000000000e+03,2.213000000000000000e+03,2.879900000000000000e+06
2.015011900000000000e+07,2.229000000000000000e+03,2.364959960937500000e+03,2.190000000000000000e+03,2.330000000000000000e+03,1.816300000000000000e+06
2.015012600000000000e+07,2.329000000000000000e+03,2.410000000000000000e+03,2.290000000000000000e+03,2.360000000000000000e+03,1.327400000000000000e+06
2.015020200000000000e+07,2.356000000000000000e+03,2.475000000000000000e+03,2.332000000000000000e+03,2.470000000000000000e+03,1.280100000000000000e+06
2.015020900000000000e+07,2.460000000000000000e+03,2.481000000000000000e+03,2.315000000000000000e+03,2.472000000000000000e+03,1.549800000000000000e+06
2.015021600000000000e+07,2.470000000000000000e+03,2.499000000000000000e+03,2.417000000000000000e+03,2.496000000000000000e+03,8.422000000000000000e+05
2.015022300000000000e+07,2.490000000000000000e+03,2.617000000000000000e+03,2.452629882812500000e+03,2.473000000000000000e+03,1.607700000000000000e+06
2.015030200000000000e+07,2.465000000000000000e+03,2.491000000000000000e+03,2.377120117187500000e+03,2.396000000000000000e+03,2.580800000000000000e+06
2.015030900000000000e+07,2.399000000000000000e+03,2.408600097656250000e+03,2.134000000000000000e+03,2.231000000000000000e+03,3.802000000000000000e+06
2.015031600000000000e+07,2.235000000000000000e+03,2.281199951171875000e+03,2.185000000000000000e+03,2.185000000000000000e+03,6.434200000000000000e+06
2.015032300000000000e+07,2.182000000000000000e+03,2.235000000000000000e+03,2.117800048828125000e+03,2.148000000000000000e+03,3.195600000000000000e+06
2.015033000000000000e+07,2.172000000000000000e+03,2.216000000000000000e+03,2.112000000000000000e+03,2.195000000000000000e+03,2.123300000000000000e+06
2.015040600000000000e+07,2.195000000000000000e+03,2.250000000000000000e+03,2.156000000000000000e+03,2.245000000000000000e+03,2.106400000000000000e+06
2.015041300000000000e+07,2.245000000000000000e+03,2.257000000000000000e+03,2.056000000000000000e+03,2.081000000000000000e+03,2.294000000000000000e+06
2.015042000000000000e+07,2.086000000000000000e+03,2.158000000000000000e+03,2.058000000000000000e+03,2.150000000000000000e+03,1.914400000000000000e+06
2.015042700000000000e+07,2.152000000000000000e+03,2.180000000000000000e+03,2.018000000000000000e+03,2.031000000000000000e+03,1.678700000000000000e+06
2.015050400000000000e+07,2.031000000000000000e+03,2.075000000000000000e+03,1.912000000000000000e+03,2.010000000000000000e+03,1.509000000000000000e+06
2.015051100000000000e+07,2.018000000000000000e+03,2.118000000000000000e+03,1.985000000000000000e+03,2.101000000000000000e+03,2.049100000000000000e+06
2.015051800000000000e+07,2.089000000000000000e+03,2.158000000000000000e+03,2.029000000000000000e+03,2.142000000000000000e+03,1.791500000000000000e+06
2.015052500000000000e+07,2.142000000000000000e+03,2.142000000000000000e+03,2.068000000000000000e+03,2.078000000000000000e+03,1.386100000000000000e+06
2.015060100000000000e+07,2.090000000000000000e+03,2.114000000000000000e+03,1.988000000000000000e+03,1.998000000000000000e+03,1.426400000000000000e+06
2.015060800000000000e+07,2.011000000000000000e+03,2.011000000000000000e+03,1.894000000000000000e+03,1.918000000000000000e+03,1.475600000000000000e+06
2.015061500000000000e+07,1.921000000000000000e+03,2.002000000000000000e+03,1.863000000000000000e+03,1.947000000000000000e+03,1.897800000000000000e+06
2.015062200000000000e+07,1.914000000000000000e+03,1.957000000000000000e+03,1.898000000000000000e+03,1.910000000000000000e+03,1.942900000000000000e+06
2.015062900000000000e+07,1.865000000000000000e+03,1.996000000000000000e+03,1.849380004882812500e+03,1.955000000000000000e+03,1.902400000000000000e+06
2.015070600000000000e+07,1.943000000000000000e+03,2.053750000000000000e+03,1.929109985351562500e+03,2.043000000000000000e+03,1.452900000000000000e+06
2.015071300000000000e+07,2.069000000000000000e+03,2.133000000000000000e+03,2.055580078125000000e+03,2.128000000000000000e+03,1.376400000000000000e+06
2.015072000000000000e+07,2.119000000000000000e+03,2.151959960937500000e+03,2.065000000000000000e+03,2.088000000000000000e+03,1.132600000000000000e+06
2.015072700000000000e+07,2.079000000000000000e+03,2.455000000000000000e+03,2.071000000000000000e+03,2.395000000000000000e+03,3.978800000000000000e+06
2.015080300000000000e+07,2.379000000000000000e+03,2.418000000000000000e+03,2.307000000000000000e+03,2.311000000000000000e+03,1.702200000000000000e+06
2.015081000000000000e+07,2.324000000000000000e+03,2.412000000000000000e+03,2.254000000000000000e+03,2.400000000000000000e+03,2.182800000000000000e+06
2.015081700000000000e+07,2.405000000000000000e+03,2.520000000000000000e+03,2.320000000000000000e+03,2.320000000000000000e+03,2.950100000000000000e+06
2.015082400000000000e+07,2.300000000000000000e+03,2.304500000000000000e+03,2.168000000000000000e+03,2.275000000000000000e+03,3.259800000000000000e+06
2.015083100000000000e+07,2.275000000000000000e+03,2.398000000000000000e+03,2.215000000000000000e+03,2.350000000000000000e+03,1.789800000000000000e+06
2.015090700000000000e+07,2.355000000000000000e+03,2.415080078125000000e+03,2.338000000000000000e+03,2.409000000000000000e+03,1.583800000000000000e+06
2.015091400000000000e+07,2.416000000000000000e+03,2.468000000000000000e+03,2.380699951171875000e+03,2.445000000000000000e+03,2.079800000000000000e+06
2.015092100000000000e+07,2.435000000000000000e+03,2.495000000000000000e+03,2.366000000000000000e+03,2.465000000000000000e+03,1.774200000000000000e+06
2.015092800000000000e+07,2.449000000000000000e+03,2.487000000000000000e+03,2.188000000000000000e+03,2.319000000000000000e+03,2.930400000000000000e+06
2.015100500000000000e+07,2.330000000000000000e+03,2.379000000000000000e+03,2.093000000000000000e+03,2.113000000000000000e+03,2.660800000000000000e+06
2.015101200000000000e+07,2.106000000000000000e+03,2.128000000000000000e+03,2.032000000000000000e+03,2.070000000000000000e+03,2.206500000000000000e+06
2.015101900000000000e+07,2.062000000000000000e+03,2.131000000000000000e+03,1.989000000000000000e+03,2.039000000000000000e+03,1.692400000000000000e+06
2.015102600000000000e+07,2.039000000000000000e+03,2.174000000000000000e+03,2.008000000000000000e+03,2.164000000000000000e+03,2.032800000000000000e+06
2.015110200000000000e+07,2.075000000000000000e+03,2.104000000000000000e+03,1.998000000000000000e+03,2.011000000000000000e+03,2.520100000000000000e+06
2.015110900000000000e+07,2.002000000000000000e+03,2.017000000000000000e+03,1.865000000000000000e+03,1.925000000000000000e+03,2.144600000000000000e+06
2.015111600000000000e+07,1.907000000000000000e+03,2.133000000000000000e+03,1.890000000000000000e+03,2.130000000000000000e+03,2.342300000000000000e+06
2.015112300000000000e+07,2.125000000000000000e+03,2.159000000000000000e+03,2.090000000000000000e+03,2.152000000000000000e+03,1.126200000000000000e+06
2.015113000000000000e+07,2.145000000000000000e+03,2.230000000000000000e+03,2.132000000000000000e+03,2.157000000000000000e+03,1.088400000000000000e+06
2.015120700000000000e+07,2.168000000000000000e+03,2.203000000000000000e+03,2.060000000000000000e+03,2.062000000000000000e+03,1.342300000000000000e+06
2.015121400000000000e+07,2.060000000000000000e+03,2.218000000000000000e+03,2.038000000000000000e+03,2.192000000000000000e+03,1.914000000000000000e+06
2.015122100000000000e+07,2.184000000000000000e+03,2.358000000000000000e+03,2.182000000000000000e+03,2.358000000000000000e+03,9.714000000000000000e+05
2.016010400000000000e+07,2.261000000000000000e+03,2.300000000000000000e+03,2.159000000000000000e+03,2.197000000000000000e+03,1.425700000000000000e+06
2.016011100000000000e+07,2.192000000000000000e+03,2.243000000000000000e+03,2.015000000000000000e+03,2.025000000000000000e+03,1.763000000000000000e+06
2.016011800000000000e+07,2.025000000000000000e+03,2.034000000000000000e+03,1.881000000000000000e+03,1.986000000000000000e+03,2.077400000000000000e+06
2.016012500000000000e+07,1.996000000000000000e+03,2.018000000000000000e+03,1.937000000000000000e+03,2.018000000000000000e+03,1.918300000000000000e+06
2.016020100000000000e+07,2.023000000000000000e+03,2.169000000000000000e+03,2.009000000000000000e+03,2.111000000000000000e+03,2.067200000000000000e+06
2.016020800000000000e+07,2.111000000000000000e+03,2.116000000000000000e+03,1.596829956054687500e+03,1.850000000000000000e+03,4.163000000000000000e+06
2.016021500000000000e+07,1.880000000000000000e+03,1.914000000000000000e+03,1.846000000000000000e+03,1.872000000000000000e+03,2.607900000000000000e+06
2.016022200000000000e+07,1.892000000000000000e+03,1.941000000000000000e+03,1.853000000000000000e+03,1.905000000000000000e+03,1.973200000000000000e+06
