2.003010600000000000e+07,1.402500000000000000e+02,1.445000000000000000e+02,1.310000000000000000e+02,1.400000000000000000e+02,3.346780000000000000e+07
2.003011300000000000e+07,1.380480000000000018e+02,1.407500000000000000e+02,1.302500000000000000e+02,1.305000000000000000e+02,3.400930000000000000e+07
2.003012000000000000e+07,1.325000000000000000e+02,1.325000000000000000e+02,1.140000000000000000e+02,1.152500000000000000e+02,3.150460000000000000e+07
2.003012700000000000e+07,1.152500000000000000e+02,1.182500000000000000e+02,1.000000000000000000e+02,1.142500000000000000e+02,5.316600000000000000e+07
2.003020300000000000e+07,1.142500000000000000e+02,1.212500000000000000e+02,1.102500000000000000e+02,1.162500000000000000e+02,3.785040000000000000e+07
2.003021000000000000e+07,1.165000000000000000e+02,1.187500000000000000e+02,1.072500000000000000e+02,1.097500000000000000e+02,3.881960000000000000e+07
2.003021700000000000e+07,1.140000000000000000e+02,1.205000000000000000e+02,1.100000000000000000e+02,1.127500000000000000e+02,3.248430000000000000e+07
2.003022400000000000e+07,1.115000000000000000e+02,1.122500000000000000e+02,9.975000000000000000e+01,1.042500000000000000e+02,3.858870000000000000e+07
2.003030300000000000e+07,1.057500000000000000e+02,1.070000000000000000e+02,9.350000000000000000e+01,9.475000000000000000e+01,4.043240000000000000e+07
2.003031000000000000e+07,9.650000000000000000e+01,1.030000000000000000e+02,8.500000000000000000e+01,1.025000000000000000e+02,4.468360000000000000e+07
2.003031700000000000e+07,9.725000000000000000e+01,1.267500000000000000e+02,9.625000000000000000e+01,1.250000000000000000e+02,6.981640000000000000e+07
2.003032400000000000e+07,1.250000000000000000e+02,1.250000000000000000e+02,1.050000000000000000e+02,1.085000000000000000e+02,3.312080000000000000e+07
2.003033100000000000e+07,1.080000000000000000e+02,1.177500000000000000e+02,1.010000000000000000e+02,1.157500000000000000e+02,3.838370000000000000e+07
2.003040700000000000e+07,1.150000000000000000e+02,1.255000000000000000e+02,1.127500000000000000e+02,1.167500000000000000e+02,3.480920000000000000e+07
2.003041400000000000e+07,1.180000000000000000e+02,1.300000000000000000e+02,1.155000000000000000e+02,1.200000000000000000e+02,3.243910000000000000e+07
2.003042800000000000e+07,1.165000000000000000e+02,1.367500000000000000e+02,1.150000000000000000e+02,1.350000000000000000e+02,3.573850000000000000e+07
2.003051200000000000e+07,1.362500000000000000e+02,1.437500000000000000e+02,1.325000000000000000e+02,1.432500000000000000e+02,2.002590000000000000e+07
2.003051900000000000e+07,1.400000000000000000e+02,1.432500000000000000e+02,1.222500000000000000e+02,1.280000000000000000e+02,2.936080000000000000e+07
2.003060200000000000e+07,1.440000000000000000e+02,1.760000000000000000e+02,1.420000000000000000e+02,1.692500000000000000e+02,5.516270000000000000e+07
2.003060900000000000e+07,1.677500000000000000e+02,1.715000000000000000e+02,1.557500000000000000e+02,1.570000000000000000e+02,2.845180000000000000e+07
2.003061600000000000e+07,1.562500000000000000e+02,1.700000000000000000e+02,1.530000000000000000e+02,1.595000000000000000e+02,2.304900000000000000e+07
2.003062300000000000e+07,1.610000000000000000e+02,1.617500000000000000e+02,1.480000000000000000e+02,1.557500000000000000e+02,2.200330000000000000e+07
2.003063000000000000e+07,1.527500000000000000e+02,1.635000000000000000e+02,1.402500000000000000e+02,1.610000000000000000e+02,4.403150000000000000e+07
2.003070700000000000e+07,1.610000000000000000e+02,1.740000000000000000e+02,1.607500000000000000e+02,1.717500000000000000e+02,2.612740000000000000e+07
2.003071400000000000e+07,1.740000000000000000e+02,1.827500000000000000e+02,1.712500000000000000e+02,1.747500000000000000e+02,3.383740000000000000e+07
2.003072100000000000e+07,1.700000000000000000e+02,1.755000000000000000e+02,1.627500000000000000e+02,1.705000000000000000e+02,3.459160000000000000e+07
2.003072800000000000e+07,1.660000000000000000e+02,1.762500000000000000e+02,1.640000000000000000e+02,1.710000000000000000e+02,3.654070000000000000e+07
2.003080400000000000e+07,1.675000000000000000e+02,1.720000000000000000e+02,1.610000000000000000e+02,1.677500000000000000e+02,2.711900000000000000e+07
2.003081100000000000e+07,1.680000000000000000e+02,1.760000000000000000e+02,1.660000000000000000e+02,1.755000000000000000e+02,2.209400000000000000e+07
2.003081800000000000e+07,1.760000000000000000e+02,1.935000000000000000e+02,1.750000000000000000e+02,1.922500000000000000e+02,4.104850000000000000e+07
2.003090100000000000e+07,1.880000000000000000e+02,2.110000000000000000e+02,1.870000000000000000e+02,2.002500000000000000e+02,4.989850000000000000e+07
2.003090800000000000e+07,2.000000000000000000e+02,2.021900024414062500e+02,1.770000000000000000e+02,1.810000000000000000e+02,4.172390000000000000e+07
2.003091500000000000e+07,1.817500000000000000e+02,1.910000000000000000e+02,1.785000000000000000e+02,1.880000000000000000e+02,2.508740000000000000e+07
2.003092200000000000e+07,1.867500000000000000e+02,1.867500000000000000e+02,1.667500000000000000e+02,1.700000000000000000e+02,3.044480000000000000e+07
2.003092900000000000e+07,1.670000000000000000e+02,1.785000000000000000e+02,1.650000000000000000e+02,1.780000000000000000e+02,4.859100000000000000e+07
2.003100600000000000e+07,1.780000000000000000e+02,1.855000000000000000e+02,1.762500000000000000e+02,1.837500000000000000e+02,2.322780000000000000e+07
2.003101300000000000e+07,1.840000000000000000e+02,1.950000000000000000e+02,1.832500000000000000e+02,1.887500000000000000e+02,2.518450000000000000e+07
2.003102000000000000e+07,1.890000000000000000e+02,1.997500000000000000e+02,1.852500000000000000e+02,1.907500000000000000e+02,4.749260000000000000e+07
2.003102700000000000e+07,1.920000000000000000e+02,2.130000000000000000e+02,1.912500000000000000e+02,2.080000000000000000e+02,3.403920000000000000e+07
2.003110300000000000e+07,2.100000000000000000e+02,2.255000000000000000e+02,2.060000000000000000e+02,2.240000000000000000e+02,3.281140000000000000e+07
2.003111000000000000e+07,2.300000000000000000e+02,2.490000000000000000e+02,2.150000000000000000e+02,2.490000000000000000e+02,4.989540000000000000e+07
2.003111700000000000e+07,2.470000000000000000e+02,2.470000000000000000e+02,2.120000000000000000e+02,2.140000000000000000e+02,4.166590000000000000e+07
2.003112400000000000e+07,2.187500000000000000e+02,2.370000000000000000e+02,2.170000000000000000e+02,2.280000000000000000e+02,3.059790000000000000e+07
2.003120100000000000e+07,2.290000000000000000e+02,2.317500000000000000e+02,2.232500000000000000e+02,2.270000000000000000e+02,3.278510000000000000e+07
2.003120800000000000e+07,2.267500000000000000e+02,2.290000000000000000e+02,2.152500000000000000e+02,2.240000000000000000e+02,2.520050000000000000e+07
2.003121500000000000e+07,2.280000000000000000e+02,2.415000000000000000e+02,2.242500000000000000e+02,2.415000000000000000e+02,3.884010000000000000e+07
2.003122200000000000e+07,2.387500000000000000e+02,2.435000000000000000e+02,2.327500000000000000e+02,2.332500000000000000e+02,1.463880000000000000e+07
2.003122900000000000e+07,2.332500000000000000e+02,2.375000000000000000e+02,2.230000000000000000e+02,2.310000000000000000e+02,1.818960000000000000e+07
2.004010500000000000e+07,2.250000000000000000e+02,2.795000000000000000e+02,2.230000000000000000e+02,2.747500000000000000e+02,8.501150400000000000e+07
2.004011200000000000e+07,2.750000000000000000e+02,3.000000000000000000e+02,2.702500000000000000e+02,2.927500000000000000e+02,4.456310000000000000e+07
2.004011900000000000e+07,2.910000000000000000e+02,3.005000000000000000e+02,2.825000000000000000e+02,2.840000000000000000e+02,3.240440000000000000e+07
2.004012600000000000e+07,2.865000000000000000e+02,3.122500000000000000e+02,2.797500000000000000e+02,3.050000000000000000e+02,5.353910000000000000e+07
2.004020200000000000e+07,3.047500000000000000e+02,3.050000000000000000e+02,2.782500000000000000e+02,2.880000000000000000e+02,6.021970000000000000e+07
2.004020900000000000e+07,2.920000000000000000e+02,3.170000000000000000e+02,2.820000000000000000e+02,3.110000000000000000e+02,5.376380000000000000e+07
2.004021600000000000e+07,3.110000000000000000e+02,3.310000000000000000e+02,3.065000000000000000e+02,3.247500000000000000e+02,3.556220000000000000e+07
2.004022300000000000e+07,3.277500000000000000e+02,3.277500000000000000e+02,3.045000000000000000e+02,3.160000000000000000e+02,2.838230000000000000e+07
2.004030100000000000e+07,3.242500000000000000e+02,3.280000000000000000e+02,3.090000000000000000e+02,3.280000000000000000e+02,3.891830000000000000e+07
2.004030800000000000e+07,3.300000000000000000e+02,3.430000000000000000e+02,2.650000000000000000e+02,2.885000000000000000e+02,8.413320000000000000e+07
2.004031500000000000e+07,2.900000000000000000e+02,2.920000000000000000e+02,2.662500000000000000e+02,2.742500000000000000e+02,4.693330000000000000e+07
2.004032200000000000e+07,2.720000000000000000e+02,2.820000000000000000e+02,2.567500000000000000e+02,2.805000000000000000e+02,4.796930000000000000e+07
2.004032900000000000e+07,2.900000000000000000e+02,3.030000000000000000e+02,2.750000000000000000e+02,2.982500000000000000e+02,3.667830000000000000e+07
2.004040500000000000e+07,2.985000000000000000e+02,3.080000000000000000e+02,2.850000000000000000e+02,2.997500000000000000e+02,3.690330000000000000e+07
2.004041900000000000e+07,2.930000000000000000e+02,3.025000000000000000e+02,2.825000000000000000e+02,3.000000000000000000e+02,3.015440000000000000e+07
2.004042600000000000e+07,2.962500000000000000e+02,3.070000000000000000e+02,2.825000000000000000e+02,2.825000000000000000e+02,3.580720000000000000e+07
2.004051000000000000e+07,2.615000000000000000e+02,2.635000000000000000e+02,2.427500000000000000e+02,2.467500000000000000e+02,5.386420000000000000e+07
2.004051700000000000e+07,2.450000000000000000e+02,2.657500000000000000e+02,2.300000000000000000e+02,2.547500000000000000e+02,5.041170000000000000e+07
2.004052400000000000e+07,2.550000000000000000e+02,2.592500000000000000e+02,2.467500000000000000e+02,2.542500000000000000e+02,2.895240000000000000e+07
2.004060700000000000e+07,2.600000000000000000e+02,2.700000000000000000e+02,2.515000000000000000e+02,2.552500000000000000e+02,2.943950000000000000e+07
2.004061400000000000e+07,2.525000000000000000e+02,2.662500000000000000e+02,2.497500000000000000e+02,2.627500000000000000e+02,3.421830000000000000e+07
2.004062100000000000e+07,2.645000000000000000e+02,2.677500000000000000e+02,2.572500000000000000e+02,2.662500000000000000e+02,2.630350000000000000e+07
2.004062800000000000e+07,2.667500000000000000e+02,2.860000000000000000e+02,2.667500000000000000e+02,2.747500000000000000e+02,6.051530000000000000e+07
2.004070500000000000e+07,2.747500000000000000e+02,2.805000000000000000e+02,2.497500000000000000e+02,2.505000000000000000e+02,4.106010000000000000e+07
2.004071200000000000e+07,2.520000000000000000e+02,2.535000000000000000e+02,2.375000000000000000e+02,2.405000000000000000e+02,3.563260000000000000e+07
2.004071900000000000e+07,2.410000000000000000e+02,2.485000000000000000e+02,2.310000000000000000e+02,2.347500000000000000e+02,3.365920000000000000e+07
2.004072600000000000e+07,2.350000000000000000e+02,2.395000000000000000e+02,2.280000000000000000e+02,2.307500000000000000e+02,2.925960000000000000e+07
2.004080200000000000e+07,2.310000000000000000e+02,2.345000000000000000e+02,2.127500000000000000e+02,2.130000000000000000e+02,5.057160000000000000e+07
2.004080900000000000e+07,2.100000000000000000e+02,2.170000000000000000e+02,1.960000000000000000e+02,2.077500000000000000e+02,7.121950400000000000e+07
2.004081600000000000e+07,2.050000000000000000e+02,2.240000000000000000e+02,2.030000000000000000e+02,2.122500000000000000e+02,4.029430000000000000e+07
2.004082300000000000e+07,2.155000000000000000e+02,2.320000000000000000e+02,2.155000000000000000e+02,2.285000000000000000e+02,4.004660000000000000e+07
2.004090600000000000e+07,2.305000000000000000e+02,2.417500000000000000e+02,2.235000000000000000e+02,2.237500000000000000e+02,3.579070000000000000e+07
2.004091300000000000e+07,2.225000000000000000e+02,2.285000000000000000e+02,2.130000000000000000e+02,2.167500000000000000e+02,5.228170000000000000e+07
2.004092000000000000e+07,2.185000000000000000e+02,2.185000000000000000e+02,2.070000000000000000e+02,2.092500000000000000e+02,2.647230000000000000e+07
2.004092700000000000e+07,2.090000000000000000e+02,2.172500000000000000e+02,2.037500000000000000e+02,2.147500000000000000e+02,4.212100000000000000e+07
2.004100400000000000e+07,2.152500000000000000e+02,2.190000000000000000e+02,2.045000000000000000e+02,2.065000000000000000e+02,3.907080000000000000e+07
2.004101100000000000e+07,2.060000000000000000e+02,2.097500000000000000e+02,1.965000000000000000e+02,2.060000000000000000e+02,4.868670000000000000e+07
2.004101800000000000e+07,2.050000000000000000e+02,2.090000000000000000e+02,1.995000000000000000e+02,2.060000000000000000e+02,4.966060000000000000e+07
2.004102500000000000e+07,2.040000000000000000e+02,2.200000000000000000e+02,2.015000000000000000e+02,2.152500000000000000e+02,6.567660000000000000e+07
2.004110100000000000e+07,2.150000000000000000e+02,2.280000000000000000e+02,2.107500000000000000e+02,2.245000000000000000e+02,7.283800000000000000e+07
2.004110800000000000e+07,2.250000000000000000e+02,2.320000000000000000e+02,2.177500000000000000e+02,2.287500000000000000e+02,6.260710000000000000e+07
2.004111500000000000e+07,2.310000000000000000e+02,2.310000000000000000e+02,2.220000000000000000e+02,2.237500000000000000e+02,5.155370000000000000e+07
2.004112200000000000e+07,2.215000000000000000e+02,2.217500000000000000e+02,2.150000000000000000e+02,2.199269999999999925e+02,3.563580000000000000e+07
2.004112900000000000e+07,2.187500000000000000e+02,2.360000000000000000e+02,2.180000000000000000e+02,2.315000000000000000e+02,6.533700000000000000e+07
2.004120600000000000e+07,2.305000000000000000e+02,2.315000000000000000e+02,2.227500000000000000e+02,2.240000000000000000e+02,3.733050000000000000e+07
2.004121300000000000e+07,2.260000000000000000e+02,2.312500000000000000e+02,2.247500000000000000e+02,2.247500000000000000e+02,3.792140000000000000e+07
2.004122000000000000e+07,2.267500000000000000e+02,2.347500000000000000e+02,2.205000000000000000e+02,2.335000000000000000e+02,2.945270000000000000e+07
2.005011000000000000e+07,2.487500000000000000e+02,2.540000000000000000e+02,2.437500000000000000e+02,2.525000000000000000e+02,5.888770000000000000e+07
2.005011700000000000e+07,2.542500000000000000e+02,2.597500000000000000e+02,2.472500000000000000e+02,2.475000000000000000e+02,4.364760000000000000e+07
2.005012400000000000e+07,2.445000000000000000e+02,2.610000000000000000e+02,2.415000000000000000e+02,2.600000000000000000e+02,4.693020000000000000e+07
2.005013100000000000e+07,2.650000000000000000e+02,2.785000000000000000e+02,2.640000000000000000e+02,2.745000000000000000e+02,5.763090000000000000e+07
2.005020700000000000e+07,2.770000000000000000e+02,2.807500000000000000e+02,2.700000000000000000e+02,2.790000000000000000e+02,3.351840000000000000e+07
2.005021400000000000e+07,2.797500000000000000e+02,2.872500000000000000e+02,2.690000000000000000e+02,2.715000000000000000e+02,4.431440000000000000e+07
2.005022100000000000e+07,2.717500000000000000e+02,2.745000000000000000e+02,2.637500000000000000e+02,2.722500000000000000e+02,3.365330000000000000e+07
2.005022800000000000e+07,2.720000000000000000e+02,2.780000000000000000e+02,2.662500000000000000e+02,2.732500000000000000e+02,3.997710000000000000e+07
2.005030700000000000e+07,2.730000000000000000e+02,2.845000000000000000e+02,2.717500000000000000e+02,2.792500000000000000e+02,3.786860000000000000e+07
2.005031400000000000e+07,2.780000000000000000e+02,2.797500000000000000e+02,2.627500000000000000e+02,2.677500000000000000e+02,4.375670000000000000e+07
2.005032100000000000e+07,2.687500000000000000e+02,2.700000000000000000e+02,2.620000000000000000e+02,2.645000000000000000e+02,2.995070000000000000e+07
2.005040400000000000e+07,2.655000000000000000e+02,2.780000000000000000e+02,2.602500000000000000e+02,2.737500000000000000e+02,3.175870000000000000e+07
2.005041100000000000e+07,2.737500000000000000e+02,2.745000000000000000e+02,2.550000000000000000e+02,2.562500000000000000e+02,3.265160000000000000e+07
2.005041800000000000e+07,2.520000000000000000e+02,2.537500000000000000e+02,2.462500000000000000e+02,2.510000000000000000e+02,3.241910000000000000e+07
2.005042500000000000e+07,2.510000000000000000e+02,2.517500000000000000e+02,2.342500000000000000e+02,2.380000000000000000e+02,3.570790000000000000e+07
2.005050900000000000e+07,2.540000000000000000e+02,2.620000000000000000e+02,2.455000000000000000e+02,2.600000000000000000e+02,4.626290000000000000e+07
2.005051600000000000e+07,2.590000000000000000e+02,2.742500000000000000e+02,2.590000000000000000e+02,2.725000000000000000e+02,4.749770000000000000e+07
2.005052300000000000e+07,2.742500000000000000e+02,2.777500000000000000e+02,2.710000000000000000e+02,2.760000000000000000e+02,3.732650000000000000e+07
2.005060600000000000e+07,2.690000000000000000e+02,2.820000000000000000e+02,2.662500000000000000e+02,2.800000000000000000e+02,3.619520000000000000e+07
2.005061300000000000e+07,2.800000000000000000e+02,2.845000000000000000e+02,2.742500000000000000e+02,2.775000000000000000e+02,4.111420000000000000e+07
2.005062000000000000e+07,2.765000000000000000e+02,2.832500000000000000e+02,2.690000000000000000e+02,2.757500000000000000e+02,3.817400000000000000e+07
2.005062700000000000e+07,2.747500000000000000e+02,2.747500000000000000e+02,2.595000000000000000e+02,2.657500000000000000e+02,5.428630000000000000e+07
2.005070400000000000e+07,2.637500000000000000e+02,2.762500000000000000e+02,2.465000000000000000e+02,2.662500000000000000e+02,7.821580800000000000e+07
2.005071100000000000e+07,2.672500000000000000e+02,2.815000000000000000e+02,2.647500000000000000e+02,2.767500000000000000e+02,5.620630000000000000e+07
2.005071800000000000e+07,2.767500000000000000e+02,2.800000000000000000e+02,2.690000000000000000e+02,2.762500000000000000e+02,8.537920000000000000e+07
2.005072500000000000e+07,2.752500000000000000e+02,2.832500000000000000e+02,2.695000000000000000e+02,2.777500000000000000e+02,6.960569600000000000e+07
2.005080100000000000e+07,2.787500000000000000e+02,2.990000000000000000e+02,2.770000000000000000e+02,2.860000000000000000e+02,1.239784960000000000e+08
2.005080800000000000e+07,2.870000000000000000e+02,2.965000000000000000e+02,2.840000000000000000e+02,2.900000000000000000e+02,8.053400000000000000e+07
2.005081500000000000e+07,2.910000000000000000e+02,2.942500000000000000e+02,2.837500000000000000e+02,2.852500000000000000e+02,4.088960000000000000e+07
2.005082200000000000e+07,2.852500000000000000e+02,2.900000000000000000e+02,2.777500000000000000e+02,2.805000000000000000e+02,3.752760000000000000e+07
2.005090500000000000e+07,2.817500000000000000e+02,2.920000000000000000e+02,2.770000000000000000e+02,2.875000000000000000e+02,4.893050000000000000e+07
2.005091200000000000e+07,2.890000000000000000e+02,2.965000000000000000e+02,2.857500000000000000e+02,2.962500000000000000e+02,5.246080000000000000e+07
2.005091900000000000e+07,2.947500000000000000e+02,2.970000000000000000e+02,2.825000000000000000e+02,2.865000000000000000e+02,5.551180000000000000e+07
2.005092600000000000e+07,2.895000000000000000e+02,2.945000000000000000e+02,2.837500000000000000e+02,2.927500000000000000e+02,4.436840000000000000e+07
2.005100300000000000e+07,2.930000000000000000e+02,3.185000000000000000e+02,2.900000000000000000e+02,3.162500000000000000e+02,1.128251040000000000e+08
2.005101000000000000e+07,3.165000000000000000e+02,3.210000000000000000e+02,2.990000000000000000e+02,3.025000000000000000e+02,9.635139200000000000e+07
2.005101700000000000e+07,3.025000000000000000e+02,3.037500000000000000e+02,2.872500000000000000e+02,2.925000000000000000e+02,8.270950400000000000e+07
2.005102400000000000e+07,2.947500000000000000e+02,2.982500000000000000e+02,2.835000000000000000e+02,2.900000000000000000e+02,3.870940000000000000e+07
2.005103100000000000e+07,2.920000000000000000e+02,3.190000000000000000e+02,2.920000000000000000e+02,3.060000000000000000e+02,1.202018080000000000e+08
2.005110700000000000e+07,3.020000000000000000e+02,3.222500000000000000e+02,3.020000000000000000e+02,3.200000000000000000e+02,8.603560000000000000e+07
2.005111400000000000e+07,3.172500000000000000e+02,3.255000000000000000e+02,3.102500000000000000e+02,3.130000000000000000e+02,8.166209600000000000e+07
2.005112100000000000e+07,3.130000000000000000e+02,3.142500000000000000e+02,3.040000000000000000e+02,3.087500000000000000e+02,7.682800000000000000e+07
2.005112800000000000e+07,3.117500000000000000e+02,3.227500000000000000e+02,3.082500000000000000e+02,3.212500000000000000e+02,5.500830000000000000e+07
2.005120500000000000e+07,3.215000000000000000e+02,3.385000000000000000e+02,3.190000000000000000e+02,3.322500000000000000e+02,1.117544000000000000e+08
2.005121200000000000e+07,3.310000000000000000e+02,3.447500000000000000e+02,3.290000000000000000e+02,3.417500000000000000e+02,5.002930000000000000e+07
2.005121900000000000e+07,3.407500000000000000e+02,3.430000000000000000e+02,3.330000000000000000e+02,3.350000000000000000e+02,4.265240000000000000e+07
2.006010900000000000e+07,3.332500000000000000e+02,3.417500000000000000e+02,3.217500000000000000e+02,3.310000000000000000e+02,1.160846000000000000e+08
2.006011600000000000e+07,3.285000000000000000e+02,3.325000000000000000e+02,3.107500000000000000e+02,3.120000000000000000e+02,8.480549600000000000e+07
2.006012300000000000e+07,3.100000000000000000e+02,3.362500000000000000e+02,3.077500000000000000e+02,3.315000000000000000e+02,8.757620000000000000e+07
2.006013000000000000e+07,3.320000000000000000e+02,3.320000000000000000e+02,3.127500000000000000e+02,3.157500000000000000e+02,1.152050000000000000e+08
2.006020600000000000e+07,3.170000000000000000e+02,3.250000000000000000e+02,3.137500000000000000e+02,3.212500000000000000e+02,6.840220000000000000e+07
2.006021300000000000e+07,3.230000000000000000e+02,3.390000000000000000e+02,3.180000000000000000e+02,3.347500000000000000e+02,7.129169600000000000e+07
2.006022000000000000e+07,3.322500000000000000e+02,3.372500000000000000e+02,3.295000000000000000e+02,3.315000000000000000e+02,4.955710000000000000e+07
2.006022700000000000e+07,3.332500000000000000e+02,3.365000000000000000e+02,3.252500000000000000e+02,3.300000000000000000e+02,5.688550000000000000e+07
2.006030600000000000e+07,3.315000000000000000e+02,3.315000000000000000e+02,3.150000000000000000e+02,3.297500000000000000e+02,7.888609600000000000e+07
2.006031300000000000e+07,3.297500000000000000e+02,3.592500000000000000e+02,3.272500000000000000e+02,3.530000000000000000e+02,9.350910400000000000e+07
2.006032000000000000e+07,3.530000000000000000e+02,3.790000000000000000e+02,3.530000000000000000e+02,3.565000000000000000e+02,1.141376960000000000e+08
2.006032700000000000e+07,3.585000000000000000e+02,3.617500000000000000e+02,3.502500000000000000e+02,3.532500000000000000e+02,4.265200000000000000e+07
2.006040300000000000e+07,3.557500000000000000e+02,3.597500000000000000e+02,3.457500000000000000e+02,3.475000000000000000e+02,5.470470000000000000e+07
2.006041000000000000e+07,3.460000000000000000e+02,3.480000000000000000e+02,3.312500000000000000e+02,3.412500000000000000e+02,5.146660000000000000e+07
2.006042400000000000e+07,3.405000000000000000e+02,3.485000000000000000e+02,3.307500000000000000e+02,3.362500000000000000e+02,6.442310000000000000e+07
2.006050800000000000e+07,3.360000000000000000e+02,3.570000000000000000e+02,3.340000000000000000e+02,3.415000000000000000e+02,9.997990400000000000e+07
2.006051500000000000e+07,3.397500000000000000e+02,3.515799865722656250e+02,3.190499877929687500e+02,3.492500000000000000e+02,1.106762000000000000e+08
2.006052200000000000e+07,3.480000000000000000e+02,3.507200012207031250e+02,3.252799987792968750e+02,3.445000000000000000e+02,1.251781120000000000e+08
2.006060500000000000e+07,3.405000000000000000e+02,3.470000000000000000e+02,3.314379882812500000e+02,3.415000000000000000e+02,7.304540000000000000e+07
2.006061200000000000e+07,3.385000000000000000e+02,3.660000000000000000e+02,3.285000000000000000e+02,3.537500000000000000e+02,1.239259040000000000e+08
2.006061900000000000e+07,3.555000000000000000e+02,3.682999877929687500e+02,3.427500000000000000e+02,3.475000000000000000e+02,7.762209600000000000e+07
2.006062600000000000e+07,3.467500000000000000e+02,3.478999938964843750e+02,3.327500000000000000e+02,3.427500000000000000e+02,6.058650000000000000e+07
2.006070300000000000e+07,3.427500000000000000e+02,3.597500000000000000e+02,3.427500000000000000e+02,3.590000000000000000e+02,5.937760000000000000e+07
2.006071000000000000e+07,3.570000000000000000e+02,3.690000000000000000e+02,3.450000000000000000e+02,3.462500000000000000e+02,7.723340000000000000e+07
2.006071700000000000e+07,3.462500000000000000e+02,3.770000000000000000e+02,3.370000000000000000e+02,3.585000000000000000e+02,7.939840000000000000e+07
2.006072400000000000e+07,3.570000000000000000e+02,3.912500000000000000e+02,3.565000000000000000e+02,3.897500000000000000e+02,7.687660000000000000e+07
2.006073100000000000e+07,3.915000000000000000e+02,3.977500000000000000e+02,3.682500000000000000e+02,3.772500000000000000e+02,6.560660000000000000e+07
2.006080700000000000e+07,3.717500000000000000e+02,3.937500000000000000e+02,3.650000000000000000e+02,3.700000000000000000e+02,1.052416000000000000e+08
2.006081400000000000e+07,3.740000000000000000e+02,4.020000000000000000e+02,3.710000000000000000e+02,3.972500000000000000e+02,8.615300000000000000e+07
2.006082100000000000e+07,3.970000000000000000e+02,4.010000000000000000e+02,3.915000000000000000e+02,3.980000000000000000e+02,5.062260000000000000e+07
2.006090400000000000e+07,4.137500000000000000e+02,4.265000000000000000e+02,4.080000000000000000e+02,4.142500000000000000e+02,6.567780000000000000e+07
2.006091100000000000e+07,4.137500000000000000e+02,4.345000000000000000e+02,4.137500000000000000e+02,4.307500000000000000e+02,4.809290000000000000e+07
2.006091800000000000e+07,4.292500000000000000e+02,4.415000000000000000e+02,4.207500000000000000e+02,4.255000000000000000e+02,6.400370000000000000e+07
2.006092500000000000e+07,4.300000000000000000e+02,4.402500000000000000e+02,4.200000000000000000e+02,4.270000000000000000e+02,7.203760000000000000e+07
2.006100200000000000e+07,4.345000000000000000e+02,4.580000000000000000e+02,4.275000000000000000e+02,4.382500000000000000e+02,9.618690400000000000e+07
2.006100900000000000e+07,4.342500000000000000e+02,4.502500000000000000e+02,4.260000000000000000e+02,4.460000000000000000e+02,7.613960000000000000e+07
2.006101600000000000e+07,4.475000000000000000e+02,4.560000000000000000e+02,4.385000000000000000e+02,4.490000000000000000e+02,5.823320000000000000e+07
2.006102300000000000e+07,4.490000000000000000e+02,4.655000000000000000e+02,4.490000000000000000e+02,4.620000000000000000e+02,4.563290000000000000e+07
2.006103000000000000e+07,4.597500000000000000e+02,4.682500000000000000e+02,4.490000000000000000e+02,4.492500000000000000e+02,7.143950400000000000e+07
2.006110600000000000e+07,4.520000000000000000e+02,4.600000000000000000e+02,4.472500000000000000e+02,4.577500000000000000e+02,4.219870000000000000e+07
2.006111300000000000e+07,4.582500000000000000e+02,4.902500000000000000e+02,4.547500000000000000e+02,4.805000000000000000e+02,6.282020000000000000e+07
2.006112000000000000e+07,4.787500000000000000e+02,4.997500000000000000e+02,4.752500000000000000e+02,4.937500000000000000e+02,5.519440000000000000e+07
2.006112700000000000e+07,4.922500000000000000e+02,5.062500000000000000e+02,4.750000000000000000e+02,4.960000000000000000e+02,6.179410000000000000e+07
2.006120400000000000e+07,4.950000000000000000e+02,5.072500000000000000e+02,4.880000000000000000e+02,5.037500000000000000e+02,4.238230000000000000e+07
2.006121100000000000e+07,5.047500000000000000e+02,5.280000000000000000e+02,4.987500000000000000e+02,5.237500000000000000e+02,4.813620000000000000e+07
2.006121800000000000e+07,5.200000000000000000e+02,5.315000000000000000e+02,5.132500000000000000e+02,5.210000000000000000e+02,2.856420000000000000e+07
2.007010800000000000e+07,5.630000000000000000e+02,5.670000000000000000e+02,5.415000000000000000e+02,5.510000000000000000e+02,7.785420000000000000e+07
2.007011500000000000e+07,5.505000000000000000e+02,5.527500000000000000e+02,5.350000000000000000e+02,5.445000000000000000e+02,7.170360000000000000e+07
2.007012200000000000e+07,5.380000000000000000e+02,5.450000000000000000e+02,5.172500000000000000e+02,5.275000000000000000e+02,1.105036000000000000e+08
2.007012900000000000e+07,5.252500000000000000e+02,5.580000000000000000e+02,5.250000000000000000e+02,5.540000000000000000e+02,9.554980000000000000e+07
2.007020500000000000e+07,5.540000000000000000e+02,5.770000000000000000e+02,5.427500000000000000e+02,5.675000000000000000e+02,6.480690000000000000e+07
2.007021200000000000e+07,5.620000000000000000e+02,5.797500000000000000e+02,5.602500000000000000e+02,5.740000000000000000e+02,3.761100000000000000e+07
2.007021900000000000e+07,5.727500000000000000e+02,5.795000000000000000e+02,5.607500000000000000e+02,5.640000000000000000e+02,3.604900000000000000e+07
2.007022600000000000e+07,5.627500000000000000e+02,5.660000000000000000e+02,5.222500000000000000e+02,5.315000000000000000e+02,8.673790400000000000e+07
2.007030500000000000e+07,5.055000000000000000e+02,5.310000000000000000e+02,4.810000000000000000e+02,5.285000000000000000e+02,1.077315040000000000e+08
2.007031200000000000e+07,5.340000000000000000e+02,5.345000000000000000e+02,4.895000000000000000e+02,4.955000000000000000e+02,7.613400000000000000e+07
2.007031900000000000e+07,4.970000000000000000e+02,5.320000000000000000e+02,4.960000000000000000e+02,5.180000000000000000e+02,8.384680000000000000e+07
2.007032600000000000e+07,5.140000000000000000e+02,5.190000000000000000e+02,4.815000000000000000e+02,4.860000000000000000e+02,9.375580000000000000e+07
2.007040200000000000e+07,4.830000000000000000e+02,5.160000000000000000e+02,4.830000000000000000e+02,5.125000000000000000e+02,6.484140000000000000e+07
2.007041600000000000e+07,5.195000000000000000e+02,5.210000000000000000e+02,5.050000000000000000e+02,5.140000000000000000e+02,4.065750000000000000e+07
2.007042300000000000e+07,5.130000000000000000e+02,5.205000000000000000e+02,5.035000000000000000e+02,5.065000000000000000e+02,4.545020000000000000e+07
2.007043000000000000e+07,5.030000000000000000e+02,5.235000000000000000e+02,5.030000000000000000e+02,5.070000000000000000e+02,5.603250000000000000e+07
2.007051400000000000e+07,4.890000000000000000e+02,5.050000000000000000e+02,4.775000000000000000e+02,4.870000000000000000e+02,1.037434000000000000e+08
2.007052100000000000e+07,4.880000000000000000e+02,4.915000000000000000e+02,4.560000000000000000e+02,4.610000000000000000e+02,8.129220000000000000e+07
2.007060400000000000e+07,4.695000000000000000e+02,4.745000000000000000e+02,4.240000000000000000e+02,4.310000000000000000e+02,8.992649600000000000e+07
2.007061100000000000e+07,4.335000000000000000e+02,4.475000000000000000e+02,4.275000000000000000e+02,4.460000000000000000e+02,6.565420000000000000e+07
2.007061800000000000e+07,4.452500000000000000e+02,4.467500000000000000e+02,4.192500000000000000e+02,4.287500000000000000e+02,1.104363040000000000e+08
2.007062500000000000e+07,4.260000000000000000e+02,4.307500000000000000e+02,4.130000000000000000e+02,4.185000000000000000e+02,1.573098080000000000e+08
2.007070200000000000e+07,4.145000000000000000e+02,4.450000000000000000e+02,4.067500000000000000e+02,4.337500000000000000e+02,1.448980960000000000e+08
2.007070900000000000e+07,4.330000000000000000e+02,4.462500000000000000e+02,4.150000000000000000e+02,4.392500000000000000e+02,1.294996000000000000e+08
2.007071600000000000e+07,4.370000000000000000e+02,4.475000000000000000e+02,4.200000000000000000e+02,4.200000000000000000e+02,7.565350400000000000e+07
2.007072300000000000e+07,4.180000000000000000e+02,4.240000000000000000e+02,3.850000000000000000e+02,3.902500000000000000e+02,1.242553040000000000e+08
2.007073000000000000e+07,3.882500000000000000e+02,4.265000000000000000e+02,3.800000000000000000e+02,4.027500000000000000e+02,1.650448960000000000e+08
2.007080600000000000e+07,3.970000000000000000e+02,4.225000000000000000e+02,3.737500000000000000e+02,3.777500000000000000e+02,1.575243040000000000e+08
2.007081300000000000e+07,3.860000000000000000e+02,4.120000000000000000e+02,3.710000000000000000e+02,3.942500000000000000e+02,1.256680960000000000e+08
2.007082000000000000e+07,3.970000000000000000e+02,4.317500000000000000e+02,3.895000000000000000e+02,4.092500000000000000e+02,7.924150400000000000e+07
2.007090300000000000e+07,4.247500000000000000e+02,4.387500000000000000e+02,3.940000000000000000e+02,3.952500000000000000e+02,8.339089600000000000e+07
2.007091000000000000e+07,3.987500000000000000e+02,4.005000000000000000e+02,3.760000000000000000e+02,3.822500000000000000e+02,5.795670000000000000e+07
2.007091700000000000e+07,3.822500000000000000e+02,4.062500000000000000e+02,3.625000000000000000e+02,3.742500000000000000e+02,1.182447920000000000e+08
2.007092400000000000e+07,3.727500000000000000e+02,3.897500000000000000e+02,3.652500000000000000e+02,3.832500000000000000e+02,8.756369600000000000e+07
2.007100100000000000e+07,3.757500000000000000e+02,4.287500000000000000e+02,3.757500000000000000e+02,4.205000000000000000e+02,1.079866000000000000e+08
2.007100800000000000e+07,4.200000000000000000e+02,4.497500000000000000e+02,4.150000000000000000e+02,4.240000000000000000e+02,8.125709600000000000e+07
2.007101500000000000e+07,4.225000000000000000e+02,4.347500000000000000e+02,4.042500000000000000e+02,4.205000000000000000e+02,8.118590400000000000e+07
2.007102200000000000e+07,4.105000000000000000e+02,4.460000000000000000e+02,4.052500000000000000e+02,4.435000000000000000e+02,5.320570000000000000e+07
2.007102900000000000e+07,4.455000000000000000e+02,4.500000000000000000e+02,4.080000000000000000e+02,4.182500000000000000e+02,6.528170000000000000e+07
2.007110500000000000e+07,4.137500000000000000e+02,4.170000000000000000e+02,3.520000000000000000e+02,3.557500000000000000e+02,9.129040000000000000e+07
2.007111200000000000e+07,3.542500000000000000e+02,3.875000000000000000e+02,3.410000000000000000e+02,3.455000000000000000e+02,6.479660000000000000e+07
2.007111900000000000e+07,3.470000000000000000e+02,3.505000000000000000e+02,3.195000000000000000e+02,3.457500000000000000e+02,5.698860000000000000e+07
2.007112600000000000e+07,3.500000000000000000e+02,3.560000000000000000e+02,3.080000000000000000e+02,3.412500000000000000e+02,6.830950400000000000e+07
2.007120300000000000e+07,3.405000000000000000e+02,3.555000000000000000e+02,3.205000000000000000e+02,3.345000000000000000e+02,7.305700000000000000e+07
2.007121000000000000e+07,3.337500000000000000e+02,3.475000000000000000e+02,3.180000000000000000e+02,3.202500000000000000e+02,5.202590000000000000e+07
2.007121700000000000e+07,3.145000000000000000e+02,3.182500000000000000e+02,3.012500000000000000e+02,3.087500000000000000e+02,5.128040000000000000e+07
2.007122400000000000e+07,3.020000000000000000e+02,3.217500000000000000e+02,3.017500000000000000e+02,3.167500000000000000e+02,1.902490000000000000e+07
2.007123100000000000e+07,3.017500000000000000e+02,3.217500000000000000e+02,2.867500000000000000e+02,2.917500000000000000e+02,4.862150000000000000e+07
2.008010700000000000e+07,3.010000000000000000e+02,3.045000000000000000e+02,2.607500000000000000e+02,2.845000000000000000e+02,1.225948960000000000e+08
2.008011400000000000e+07,2.870000000000000000e+02,3.105000000000000000e+02,2.772500000000000000e+02,2.925000000000000000e+02,9.941950400000000000e+07
2.008012100000000000e+07,2.870000000000000000e+02,3.340000000000000000e+02,2.590000000000000000e+02,3.172500000000000000e+02,1.240594960000000000e+08
2.008012800000000000e+07,3.122500000000000000e+02,3.370000000000000000e+02,3.070000000000000000e+02,3.180000000000000000e+02,7.024289600000000000e+07
2.008020400000000000e+07,3.227500000000000000e+02,3.227500000000000000e+02,2.860000000000000000e+02,2.957500000000000000e+02,7.507729600000000000e+07
2.008021100000000000e+07,2.927500000000000000e+02,3.075000000000000000e+02,2.750000000000000000e+02,2.782500000000000000e+02,5.893260000000000000e+07
2.008021800000000000e+07,2.802500000000000000e+02,2.960000000000000000e+02,2.610000000000000000e+02,2.615000000000000000e+02,7.362580000000000000e+07
2.008022500000000000e+07,2.660000000000000000e+02,2.857500000000000000e+02,2.560000000000000000e+02,2.575000000000000000e+02,7.815710400000000000e+07
2.008030300000000000e+07,2.530000000000000000e+02,2.677500000000000000e+02,2.387500000000000000e+02,2.535000000000000000e+02,1.034672960000000000e+08
2.008031000000000000e+07,2.517500000000000000e+02,2.532500000000000000e+02,2.237500000000000000e+02,2.265000000000000000e+02,8.576380000000000000e+07
2.008031700000000000e+07,2.200000000000000000e+02,2.440000000000000000e+02,2.140000000000000000e+02,2.417500000000000000e+02,9.207740800000000000e+07
2.008033100000000000e+07,2.340000000000000000e+02,2.507500000000000000e+02,2.270000000000000000e+02,2.350000000000000000e+02,6.627300000000000000e+07
2.008040700000000000e+07,2.362500000000000000e+02,2.420000000000000000e+02,2.185000000000000000e+02,2.235000000000000000e+02,6.476150000000000000e+07
2.008041400000000000e+07,2.182500000000000000e+02,2.252500000000000000e+02,2.062500000000000000e+02,2.237500000000000000e+02,8.169720000000000000e+07
2.008042100000000000e+07,2.227500000000000000e+02,2.242500000000000000e+02,1.968999938964843750e+02,2.212500000000000000e+02,9.519260800000000000e+07
2.008042800000000000e+07,2.220000000000000000e+02,2.540000000000000000e+02,2.155000000000000000e+02,2.487500000000000000e+02,1.069207040000000000e+08
2.008051200000000000e+07,2.287500000000000000e+02,2.415000000000000000e+02,2.155000000000000000e+02,2.330000000000000000e+02,1.000100000000000000e+08
2.008051900000000000e+07,2.270000000000000000e+02,2.315000000000000000e+02,1.936999969482421875e+02,2.065000000000000000e+02,1.282584000000000000e+08
2.008060200000000000e+07,2.302500000000000000e+02,2.557500000000000000e+02,2.245000000000000000e+02,2.335000000000000000e+02,1.555791040000000000e+08
2.008061600000000000e+07,2.460000000000000000e+02,2.515000000000000000e+02,2.177500000000000000e+02,2.187500000000000000e+02,1.171961920000000000e+08
2.008062300000000000e+07,2.180000000000000000e+02,2.305000000000000000e+02,2.017500000000000000e+02,2.130000000000000000e+02,1.018228000000000000e+08
2.008063000000000000e+07,2.120000000000000000e+02,2.165000000000000000e+02,1.968999938964843750e+02,1.970000000000000000e+02,8.430129600000000000e+07
2.008070700000000000e+07,2.000000000000000000e+02,2.240000000000000000e+02,1.960000000000000000e+02,1.990999999999999943e+02,1.013530960000000000e+08
2.008071400000000000e+07,2.030000000000000000e+02,2.482500000000000000e+02,1.955000000000000000e+02,2.420000000000000000e+02,1.315312960000000000e+08
2.008072100000000000e+07,2.422500000000000000e+02,2.680000000000000000e+02,2.265000000000000000e+02,2.467500000000000000e+02,1.130574960000000000e+08
2.008072800000000000e+07,2.422500000000000000e+02,2.760000000000000000e+02,2.190000000000000000e+02,2.590000000000000000e+02,1.205453920000000000e+08
2.008080400000000000e+07,2.530000000000000000e+02,2.777500000000000000e+02,2.510000000000000000e+02,2.757500000000000000e+02,9.215990400000000000e+07
2.008081100000000000e+07,2.715000000000000000e+02,2.842500000000000000e+02,2.480000000000000000e+02,2.610000000000000000e+02,8.876540000000000000e+07
2.008081800000000000e+07,2.587500000000000000e+02,2.627500000000000000e+02,2.292500000000000000e+02,2.420000000000000000e+02,6.445200000000000000e+07
2.008090100000000000e+07,2.470000000000000000e+02,2.832500000000000000e+02,2.427500000000000000e+02,2.450000000000000000e+02,8.349220000000000000e+07
2.008090800000000000e+07,2.547500000000000000e+02,2.680000000000000000e+02,2.435000000000000000e+02,2.575000000000000000e+02,5.676230000000000000e+07
2.008091500000000000e+07,2.495000000000000000e+02,2.757500000000000000e+02,2.130000000000000000e+02,2.187500000000000000e+02,1.484740160000000000e+08
2.008092200000000000e+07,2.180000000000000000e+02,2.247500000000000000e+02,1.923999938964843750e+02,1.934000000000000057e+02,1.055314080000000000e+08
2.008092900000000000e+07,1.901999999999999886e+02,1.981999969482421875e+02,1.606000061035156250e+02,1.654000000000000057e+02,1.179687040000000000e+08
2.008100600000000000e+07,1.610000000000000000e+02,1.610000000000000000e+02,1.054000015258789062e+02,1.099000000000000057e+02,1.293144000000000000e+08
2.008101300000000000e+07,1.220000000000000000e+02,1.341000061035156250e+02,1.083000030517578125e+02,1.270999999999999943e+02,9.891070400000000000e+07
2.008102000000000000e+07,1.328000000000000114e+02,1.523999938964843750e+02,1.203000030517578125e+02,1.320000000000000000e+02,1.100616960000000000e+08
2.008102700000000000e+07,1.264000000000000057e+02,1.386000061035156250e+02,1.156999969482421875e+02,1.360999999999999943e+02,8.230630400000000000e+07
2.008110300000000000e+07,1.410000000000000000e+02,1.591000061035156250e+02,1.265999984741210938e+02,1.460000000000000000e+02,8.004249600000000000e+07
2.008111000000000000e+07,1.518000000000000114e+02,1.620000000000000000e+02,1.368000030517578125e+02,1.453000000000000114e+02,6.064780000000000000e+07
2.008111700000000000e+07,1.440000000000000000e+02,1.488000030517578125e+02,1.176999969482421875e+02,1.295000000000000000e+02,6.093960000000000000e+07
2.008112400000000000e+07,1.338000000000000114e+02,1.561999969482421875e+02,1.300000000000000000e+02,1.550999999999999943e+02,5.025280000000000000e+07
2.008120100000000000e+07,1.538000000000000114e+02,1.661000061035156250e+02,1.358000030517578125e+02,1.544000000000000057e+02,7.080120000000000000e+07
2.008120800000000000e+07,1.640000000000000000e+02,1.741999969482421875e+02,1.536000061035156250e+02,1.630000000000000000e+02,5.779050000000000000e+07
2.008121500000000000e+07,1.631999999999999886e+02,1.728999938964843750e+02,1.578999938964843750e+02,1.709000000000000057e+02,3.871020000000000000e+07
2.008122200000000000e+07,1.688000000000000114e+02,1.776999969482421875e+02,1.660000000000000000e+02,1.775000000000000000e+02,1.708200000000000000e+07
2.008122900000000000e+07,1.685000000000000000e+02,1.853000030517578125e+02,1.660000000000000000e+02,1.823000000000000114e+02,1.650150000000000000e+07
2.009010500000000000e+07,1.840000000000000000e+02,1.870000000000000000e+02,1.726000061035156250e+02,1.785000000000000000e+02,3.454000000000000000e+07
2.009011200000000000e+07,1.785000000000000000e+02,1.830000000000000000e+02,1.563000030517578125e+02,1.663000000000000114e+02,4.723860000000000000e+07
2.009011900000000000e+07,1.700999999999999943e+02,1.706000061035156250e+02,1.440000000000000000e+02,1.461999999999999886e+02,6.088430000000000000e+07
2.009012600000000000e+07,1.464000000000000057e+02,1.496000061035156250e+02,1.180000000000000000e+02,1.200999999999999943e+02,8.808809600000000000e+07
2.009020200000000000e+07,1.197999999999999972e+02,1.416999969482421875e+02,1.113000030517578125e+02,1.410000000000000000e+02,8.084260000000000000e+07
2.009020900000000000e+07,1.408000000000000114e+02,1.500000000000000000e+02,1.363000030517578125e+02,1.439000000000000057e+02,6.789600000000000000e+07
2.009021600000000000e+07,1.430999999999999943e+02,1.435000000000000000e+02,1.260000000000000000e+02,1.274000000000000057e+02,4.002220000000000000e+07
2.009022300000000000e+07,1.299000000000000057e+02,1.386999969482421875e+02,1.228000030517578125e+02,1.371999999999999886e+02,4.310300000000000000e+07
2.009030200000000000e+07,1.319000000000000057e+02,1.373000030517578125e+02,1.225000000000000000e+02,1.284000000000000057e+02,5.376540000000000000e+07
2.009030900000000000e+07,1.285000000000000000e+02,1.445000000000000000e+02,1.221999969482421875e+02,1.330999999999999943e+02,5.355060000000000000e+07
2.009031600000000000e+07,1.358000000000000114e+02,1.458999938964843750e+02,1.343999938964843750e+02,1.445000000000000000e+02,4.456650000000000000e+07
2.009032300000000000e+07,1.455999999999999943e+02,1.500000000000000000e+02,1.355000000000000000e+02,1.366999999999999886e+02,5.140150000000000000e+07
2.009033000000000000e+07,1.353000000000000114e+02,1.798000030517578125e+02,1.325000000000000000e+02,1.650999999999999943e+02,6.075060000000000000e+07
2.009040600000000000e+07,1.670999999999999943e+02,1.683999938964843750e+02,1.506999969482421875e+02,1.623000000000000114e+02,4.463310000000000000e+07
2.009042000000000000e+07,1.745000000000000000e+02,1.745000000000000000e+02,1.576999969482421875e+02,1.639000000000000057e+02,9.795800000000000000e+06
2.009042700000000000e+07,1.450999999999999943e+02,1.596000061035156250e+02,1.356000061035156250e+02,1.480000000000000000e+02,1.744020000000000000e+07
2.009051100000000000e+07,1.685000000000000000e+02,1.703000030517578125e+02,1.511000061035156250e+02,1.545999999999999943e+02,7.098800000000000000e+06
2.009051800000000000e+07,1.520999999999999943e+02,1.736999969482421875e+02,1.478999938964843750e+02,1.566999999999999886e+02,1.511220000000000000e+07
2.009060100000000000e+07,1.585999999999999943e+02,1.613000030517578125e+02,1.490000000000000000e+02,1.524000000000000057e+02,9.834600000000000000e+06
2.009060800000000000e+07,1.516999999999999886e+02,1.535000000000000000e+02,1.411000061035156250e+02,1.449000000000000057e+02,7.901900000000000000e+06
2.009061500000000000e+07,1.444000000000000057e+02,1.443999938964843750e+02,1.263000030517578125e+02,1.364000000000000057e+02,1.811160000000000000e+07
2.009062200000000000e+07,1.348000000000000114e+02,1.348000030517578125e+02,1.231999969482421875e+02,1.293000000000000114e+02,1.692160000000000000e+07
2.009062900000000000e+07,1.288000000000000114e+02,1.318000030517578125e+02,1.185000000000000000e+02,1.265000000000000000e+02,1.905650000000000000e+07
2.009070600000000000e+07,1.252999999999999972e+02,1.258000030517578125e+02,1.173000030517578125e+02,1.200000000000000000e+02,1.810420000000000000e+07
2.009071300000000000e+07,1.194000000000000057e+02,1.406000061035156250e+02,1.176999969482421875e+02,1.374600000000000080e+02,2.906750000000000000e+07
2.009072000000000000e+07,1.376999999999999886e+02,1.395000000000000000e+02,1.316999969482421875e+02,1.370900000000000034e+02,2.091800000000000000e+07
2.009072700000000000e+07,1.373000000000000114e+02,1.441000061035156250e+02,1.275000000000000000e+02,1.410000000000000000e+02,1.218560000000000000e+07
2.009080300000000000e+07,1.438000000000000114e+02,1.731000061035156250e+02,1.428000030517578125e+02,1.710000000000000000e+02,2.791480000000000000e+07
2.009081000000000000e+07,1.696999999999999886e+02,1.768999938964843750e+02,1.610000000000000000e+02,1.755999999999999943e+02,1.269460000000000000e+07
2.009081700000000000e+07,1.746999999999999886e+02,1.915000000000000000e+02,1.698000030517578125e+02,1.881100000000000136e+02,9.571700000000000000e+06
2.009082400000000000e+07,1.880000000000000000e+02,2.013000030517578125e+02,1.851000061035156250e+02,1.915000000000000000e+02,6.124530000000000000e+07
2.009090700000000000e+07,1.883000000000000114e+02,2.263999938964843750e+02,1.883000030517578125e+02,2.214000000000000057e+02,6.693540000000000000e+07
2.009091400000000000e+07,2.198000000000000114e+02,2.433000030517578125e+02,2.150000000000000000e+02,2.356999999999999886e+02,5.929380000000000000e+07
2.009092100000000000e+07,2.354000000000000057e+02,2.403999938964843750e+02,2.133000030517578125e+02,2.135999999999999943e+02,7.715240000000000000e+07
2.009092800000000000e+07,2.146999999999999886e+02,2.286999969482421875e+02,2.078000030517578125e+02,2.103000000000000114e+02,5.678120000000000000e+07
2.009100500000000000e+07,2.101999999999999886e+02,2.255000000000000000e+02,2.100000000000000000e+02,2.189000000000000057e+02,4.849350000000000000e+07
2.009101200000000000e+07,2.201999999999999886e+02,2.266000061035156250e+02,2.130000000000000000e+02,2.140999999999999943e+02,4.317820000000000000e+07
2.009101900000000000e+07,2.153000000000000114e+02,2.190000000000000000e+02,2.078000030517578125e+02,2.098000000000000114e+02,4.290720000000000000e+07
2.009102600000000000e+07,2.071999999999999886e+02,2.076000061035156250e+02,1.803000030517578125e+02,1.818000000000000114e+02,7.186760000000000000e+07
2.009110200000000000e+07,1.815999999999999943e+02,2.013999938964843750e+02,1.723999938964843750e+02,1.988000000000000114e+02,6.855769600000000000e+07
2.009110900000000000e+07,2.000000000000000000e+02,2.271000061035156250e+02,1.956000061035156250e+02,2.170000000000000000e+02,1.187812000000000000e+08
2.009111600000000000e+07,2.190999999999999943e+02,2.228999938964843750e+02,2.001999969482421875e+02,2.025999999999999943e+02,6.011370000000000000e+07
2.009112300000000000e+07,2.031999999999999886e+02,2.081999969482421875e+02,1.880000000000000000e+02,1.938000000000000114e+02,3.387420000000000000e+07
2.009113000000000000e+07,1.938000000000000114e+02,2.145000000000000000e+02,1.920000000000000000e+02,2.120000000000000000e+02,4.116430000000000000e+07
2.009120700000000000e+07,2.100000000000000000e+02,2.128999938964843750e+02,1.991000061035156250e+02,2.013000000000000114e+02,3.725640000000000000e+07
2.009121400000000000e+07,2.030000000000000000e+02,2.048000030517578125e+02,1.883999938964843750e+02,1.885000000000000000e+02,5.373230000000000000e+07
2.009122100000000000e+07,1.899000000000000057e+02,1.943000030517578125e+02,1.876999969482421875e+02,1.890000000000000000e+02,2.277910000000000000e+07
2.010010400000000000e+07,1.861999999999999886e+02,2.013000030517578125e+02,1.858999938964843750e+02,1.991999999999999886e+02,3.591240000000000000e+07
2.010011100000000000e+07,2.000000000000000000e+02,2.000000000000000000e+02,1.895000000000000000e+02,1.925000000000000000e+02,5.691660000000000000e+07
2.010011800000000000e+07,1.941999999999999886e+02,2.135000000000000000e+02,1.915000000000000000e+02,2.079000000000000057e+02,1.001928960000000000e+08
2.010012500000000000e+07,2.055999999999999943e+02,2.123999938964843750e+02,2.021999969482421875e+02,2.061999999999999886e+02,6.422130000000000000e+07
2.010020100000000000e+07,2.056999999999999886e+02,2.243000030517578125e+02,2.050000000000000000e+02,2.060000000000000000e+02,8.138960000000000000e+07
2.010020800000000000e+07,2.080000000000000000e+02,2.260000000000000000e+02,1.933999938964843750e+02,1.955000000000000000e+02,8.810790400000000000e+07
2.010021500000000000e+07,2.050000000000000000e+02,2.110000000000000000e+02,1.971999969482421875e+02,2.105999999999999943e+02,5.688190000000000000e+07
2.010022200000000000e+07,2.119000000000000057e+02,2.133999938964843750e+02,2.028000030517578125e+02,2.111999999999999886e+02,4.012810000000000000e+07
2.010030100000000000e+07,2.150000000000000000e+02,2.306999969482421875e+02,2.088000030517578125e+02,2.283000000000000114e+02,3.972190000000000000e+07
2.010030800000000000e+07,2.280000000000000000e+02,2.375000000000000000e+02,2.218000030517578125e+02,2.355999999999999943e+02,3.704000000000000000e+07
2.010031500000000000e+07,2.360999999999999943e+02,2.490000000000000000e+02,2.320000000000000000e+02,2.435000000000000000e+02,5.504920000000000000e+07
2.010032200000000000e+07,2.416999999999999886e+02,2.558000030517578125e+02,2.391000061035156250e+02,2.515000000000000000e+02,3.761860000000000000e+07
2.010032900000000000e+07,2.521999999999999886e+02,2.538000030517578125e+02,2.403000030517578125e+02,2.433000000000000114e+02,2.864550000000000000e+07
2.010041200000000000e+07,2.474000000000000057e+02,2.493999938964843750e+02,2.341000061035156250e+02,2.350000000000000000e+02,3.375640000000000000e+07
2.010041900000000000e+07,2.250000000000000000e+02,2.400000000000000000e+02,2.195000000000000000e+02,2.341999999999999886e+02,7.953760000000000000e+07
2.010042600000000000e+07,2.369000000000000057e+02,2.410000000000000000e+02,2.241000061035156250e+02,2.283000000000000114e+02,3.836880000000000000e+07
2.010051000000000000e+07,1.990000000000000000e+02,2.093999938964843750e+02,1.973999938964843750e+02,2.029000000000000057e+02,5.335470000000000000e+07
2.010051700000000000e+07,1.995000000000000000e+02,2.070000000000000000e+02,1.801999969482421875e+02,1.885000000000000000e+02,7.064390400000000000e+07
2.010052400000000000e+07,1.911999999999999886e+02,2.066000061035156250e+02,1.806000061035156250e+02,2.011999999999999886e+02,4.911770000000000000e+07
2.010060700000000000e+07,1.994000000000000057e+02,2.016999969482421875e+02,1.871999969482421875e+02,1.990999999999999943e+02,3.539110000000000000e+07
2.010061400000000000e+07,2.040000000000000000e+02,2.160000000000000000e+02,2.008999938964843750e+02,2.141999999999999886e+02,3.029500000000000000e+07
2.010062100000000000e+07,2.179000000000000057e+02,2.198999938964843750e+02,2.066999969482421875e+02,2.071999999999999886e+02,2.779410000000000000e+07
2.010062800000000000e+07,2.081999999999999886e+02,2.108999938964843750e+02,1.855000000000000000e+02,1.884000000000000057e+02,3.386780000000000000e+07
2.010070500000000000e+07,1.896999999999999886e+02,2.076000061035156250e+02,1.855000000000000000e+02,2.066999999999999886e+02,4.117380000000000000e+07
2.010071200000000000e+07,2.060999999999999943e+02,2.121999969482421875e+02,2.020000000000000000e+02,2.038000000000000114e+02,4.660200000000000000e+07
2.010071900000000000e+07,2.045999999999999943e+02,2.210000000000000000e+02,1.978999938964843750e+02,2.205999999999999943e+02,3.174250000000000000e+07
2.010072600000000000e+07,2.213000000000000114e+02,2.280000000000000000e+02,2.151999969482421875e+02,2.195999999999999943e+02,3.853600000000000000e+07
2.010080200000000000e+07,2.229000000000000057e+02,2.381999969482421875e+02,2.176000061035156250e+02,2.289000000000000057e+02,3.628860000000000000e+07
2.010080900000000000e+07,2.324000000000000057e+02,2.346999969482421875e+02,2.131999969482421875e+02,2.155999999999999943e+02,2.677640000000000000e+07
2.010081600000000000e+07,2.168000000000000114e+02,2.306999969482421875e+02,2.141000061035156250e+02,2.198000000000000114e+02,3.022470000000000000e+07
2.010082300000000000e+07,2.194000000000000057e+02,2.256999969482421875e+02,2.080000000000000000e+02,2.098000000000000114e+02,3.656340000000000000e+07
2.010090600000000000e+07,2.256999999999999886e+02,2.340000000000000000e+02,2.186999969482421875e+02,2.336999999999999886e+02,2.823090000000000000e+07
2.010091300000000000e+07,2.340999999999999943e+02,2.411999969482421875e+02,2.316000061035156250e+02,2.360000000000000000e+02,3.297060000000000000e+07
2.010092000000000000e+07,2.378000000000000114e+02,2.451000061035156250e+02,2.353000030517578125e+02,2.435000000000000000e+02,3.984780000000000000e+07
2.010092700000000000e+07,2.441999999999999886e+02,2.476000061035156250e+02,2.398999938964843750e+02,2.429000000000000057e+02,3.248080000000000000e+07
2.010100400000000000e+07,2.425999999999999943e+02,2.685000000000000000e+02,2.381000061035156250e+02,2.641999999999999886e+02,5.567080000000000000e+07
2.010101100000000000e+07,2.643000000000000114e+02,2.800000000000000000e+02,2.625000000000000000e+02,2.768600000000000136e+02,3.882050000000000000e+07
2.010101800000000000e+07,2.765000000000000000e+02,2.900000000000000000e+02,2.738999938964843750e+02,2.833999999999999773e+02,4.260320000000000000e+07
2.010102500000000000e+07,2.868999999999999773e+02,2.886000061035156250e+02,2.705000000000000000e+02,2.706999999999999886e+02,4.784490000000000000e+07
2.010110100000000000e+07,2.703999999999999773e+02,2.878999938964843750e+02,2.652999877929687500e+02,2.816000000000000227e+02,4.289850000000000000e+07
2.010110800000000000e+07,2.801999999999999886e+02,2.833999938964843750e+02,2.583999938964843750e+02,2.653999999999999773e+02,3.585900000000000000e+07
2.010111500000000000e+07,2.641000000000000227e+02,2.756000061035156250e+02,2.580000000000000000e+02,2.703999999999999773e+02,3.899560000000000000e+07
2.010112200000000000e+07,2.721000000000000227e+02,2.785000000000000000e+02,2.615000000000000000e+02,2.718999999999999773e+02,3.367290000000000000e+07
2.010112900000000000e+07,2.750000000000000000e+02,2.792000122070312500e+02,2.551000061035156250e+02,2.716000000000000227e+02,4.884540000000000000e+07
2.010120600000000000e+07,2.705000000000000000e+02,2.783999938964843750e+02,2.670000000000000000e+02,2.743000000000000114e+02,4.152390000000000000e+07
2.010121300000000000e+07,2.771000000000000227e+02,2.808999938964843750e+02,2.682999877929687500e+02,2.701999999999999886e+02,3.097730000000000000e+07
2.010122000000000000e+07,2.640000000000000000e+02,2.758999938964843750e+02,2.622999877929687500e+02,2.758999999999999773e+02,2.244850000000000000e+07
2.011011000000000000e+07,3.041000000000000227e+02,3.070000000000000000e+02,2.907000122070312500e+02,2.946999999999999886e+02,5.095780000000000000e+07
2.011011700000000000e+07,2.948000000000000114e+02,3.048999938964843750e+02,2.752999877929687500e+02,2.850000000000000000e+02,1.499140000000000000e+08
2.011012400000000000e+07,2.881000000000000227e+02,2.890000000000000000e+02,2.607999877929687500e+02,2.610000000000000000e+02,1.472265920000000000e+08
2.011013100000000000e+07,2.586999999999999886e+02,2.650000000000000000e+02,2.495000000000000000e+02,2.586000000000000227e+02,7.890140800000000000e+07
2.011020700000000000e+07,2.560000000000000000e+02,2.712000122070312500e+02,2.423999938964843750e+02,2.490000000000000000e+02,8.413520000000000000e+07
2.011021400000000000e+07,2.484000000000000057e+02,2.630000000000000000e+02,2.416999969482421875e+02,2.465000000000000000e+02,5.354320000000000000e+07
2.011022100000000000e+07,2.435000000000000000e+02,2.463999938964843750e+02,2.241999969482421875e+02,2.245999999999999943e+02,1.121950080000000000e+08
2.011022800000000000e+07,2.250000000000000000e+02,2.378000030517578125e+02,2.190000000000000000e+02,2.268000000000000114e+02,8.305540000000000000e+07
2.011030700000000000e+07,2.250000000000000000e+02,2.381999969482421875e+02,2.238000030517578125e+02,2.330999999999999943e+02,6.425450000000000000e+07
2.011031400000000000e+07,2.308000000000000114e+02,2.712000122070312500e+02,2.111999969482421875e+02,2.190999999999999943e+02,6.819220000000000000e+07
2.011032100000000000e+07,2.218000000000000114e+02,2.313000030517578125e+02,2.148999938964843750e+02,2.288000000000000114e+02,4.994580000000000000e+07
2.011032800000000000e+07,2.280999999999999943e+02,2.345000000000000000e+02,2.236000061035156250e+02,2.266999999999999886e+02,5.110760000000000000e+07
2.011040400000000000e+07,2.250999999999999943e+02,2.273999938964843750e+02,2.168999938964843750e+02,2.174000000000000057e+02,4.136630000000000000e+07
2.011041100000000000e+07,2.170000000000000000e+02,2.285000000000000000e+02,2.143000030517578125e+02,2.250999999999999943e+02,3.439050000000000000e+07
2.011041800000000000e+07,2.260000000000000000e+02,2.301000061035156250e+02,2.163999938964843750e+02,2.295999999999999943e+02,3.158810000000000000e+07
2.011050900000000000e+07,2.490999999999999943e+02,2.548000030517578125e+02,2.418999938964843750e+02,2.424000000000000057e+02,3.806610000000000000e+07
2.011051600000000000e+07,2.416999999999999886e+02,2.526999969482421875e+02,2.383999938964843750e+02,2.475999999999999943e+02,2.747670000000000000e+07
2.011052300000000000e+07,2.428000000000000114e+02,2.428000030517578125e+02,2.276000061035156250e+02,2.355999999999999943e+02,4.654610000000000000e+07
2.011060600000000000e+07,2.320000000000000000e+02,2.358999938964843750e+02,2.216000061035156250e+02,2.223000000000000114e+02,3.475400000000000000e+07
2.011061300000000000e+07,2.230999999999999943e+02,2.356000061035156250e+02,2.226000061035156250e+02,2.325000000000000000e+02,4.633170000000000000e+07
2.011062000000000000e+07,2.304000000000000057e+02,2.515000000000000000e+02,2.291000061035156250e+02,2.421999999999999886e+02,4.578870000000000000e+07
2.011062700000000000e+07,2.420000000000000000e+02,2.551000061035156250e+02,2.408999938964843750e+02,2.545000000000000000e+02,3.449250000000000000e+07
2.011070400000000000e+07,2.540000000000000000e+02,2.600000000000000000e+02,2.428999938964843750e+02,2.440000000000000000e+02,3.484810000000000000e+07
2.011071100000000000e+07,2.421999999999999886e+02,2.446000061035156250e+02,2.268000030517578125e+02,2.270000000000000000e+02,4.504410000000000000e+07
2.011071800000000000e+07,2.270000000000000000e+02,2.456999969482421875e+02,2.223000030517578125e+02,2.430000000000000000e+02,3.796360000000000000e+07
2.011072500000000000e+07,2.400000000000000000e+02,2.426999969482421875e+02,2.290000000000000000e+02,2.373000000000000114e+02,3.432140000000000000e+07
2.011080100000000000e+07,2.394000000000000057e+02,2.403999938964843750e+02,1.885000000000000000e+02,1.980000000000000000e+02,6.905040000000000000e+07
2.011080800000000000e+07,1.966999999999999886e+02,2.030000000000000000e+02,1.765000000000000000e+02,1.901999999999999886e+02,5.995870000000000000e+07
2.011081500000000000e+07,1.910000000000000000e+02,1.930000000000000000e+02,1.660000000000000000e+02,1.680999999999999943e+02,4.982090000000000000e+07
2.011082200000000000e+07,1.669000000000000057e+02,1.721999969482421875e+02,1.621999969482421875e+02,1.634000000000000057e+02,4.513550000000000000e+07
2.011090500000000000e+07,1.639000000000000057e+02,1.661999969482421875e+02,1.515000000000000000e+02,1.520000000000000000e+02,3.862090000000000000e+07
2.011091200000000000e+07,1.478000000000000114e+02,1.595000000000000000e+02,1.448000030517578125e+02,1.580999999999999943e+02,5.186030000000000000e+07
2.011091900000000000e+07,1.554000000000000057e+02,1.591999969482421875e+02,1.376999969482421875e+02,1.420999999999999943e+02,6.435220000000000000e+07
2.011092600000000000e+07,1.390999999999999943e+02,1.607929992675781250e+02,1.380000000000000000e+02,1.530999999999999943e+02,4.495380000000000000e+07
2.011100300000000000e+07,1.499000000000000057e+02,1.628000030517578125e+02,1.446999969482421875e+02,1.575999999999999943e+02,4.295000000000000000e+07
2.011101000000000000e+07,1.575000000000000000e+02,1.718000030517578125e+02,1.571809997558593750e+02,1.665000000000000000e+02,3.490790000000000000e+07
2.011101700000000000e+07,1.670000000000000000e+02,1.703000030517578125e+02,1.591000061035156250e+02,1.649000000000000057e+02,4.312380000000000000e+07
2.011102400000000000e+07,1.650000000000000000e+02,1.824709930419921875e+02,1.623999938964843750e+02,1.745999999999999943e+02,3.742120000000000000e+07
2.011103100000000000e+07,1.746999999999999886e+02,1.751999969482421875e+02,1.060000000000000000e+02,1.569000000000000057e+02,5.862700000000000000e+07
2.011110700000000000e+07,1.580000000000000000e+02,1.580000000000000000e+02,1.386000061035156250e+02,1.486999999999999886e+02,6.217860000000000000e+07
2.011111400000000000e+07,1.490999999999999943e+02,1.513399963378906250e+02,1.396000061035156250e+02,1.430000000000000000e+02,4.175560000000000000e+07
2.011112100000000000e+07,1.415000000000000000e+02,1.447400054931640625e+02,1.309660034179687500e+02,1.408000000000000114e+02,5.009240000000000000e+07
2.011112800000000000e+07,1.420000000000000000e+02,1.558000030517578125e+02,1.398000030517578125e+02,1.535000000000000000e+02,5.013230000000000000e+07
2.011120500000000000e+07,1.555000000000000000e+02,1.592400054931640625e+02,1.490000000000000000e+02,1.533000000000000114e+02,3.103070000000000000e+07
2.011121200000000000e+07,1.540000000000000000e+02,1.540000000000000000e+02,1.426000061035156250e+02,1.430000000000000000e+02,2.249090000000000000e+07
2.011121900000000000e+07,1.425999999999999943e+02,1.511999969482421875e+02,1.406999969482421875e+02,1.511999999999999886e+02,1.994800000000000000e+07
2.011122600000000000e+07,1.511999999999999886e+02,1.520000000000000000e+02,1.463999938964843750e+02,1.474000000000000057e+02,6.886300000000000000e+06
2.012010200000000000e+07,1.474000000000000057e+02,1.521000061035156250e+02,1.436999969482421875e+02,1.465000000000000000e+02,2.795710000000000000e+07
2.012010900000000000e+07,1.475000000000000000e+02,1.578999938964843750e+02,1.436000061035156250e+02,1.565999999999999943e+02,5.371860000000000000e+07
2.012011600000000000e+07,1.558000000000000114e+02,1.693999938964843750e+02,1.530000000000000000e+02,1.675999999999999943e+02,3.842620000000000000e+07
2.012012300000000000e+07,1.670999999999999943e+02,1.811410064697265625e+02,1.671000061035156250e+02,1.785999999999999943e+02,5.465200000000000000e+07
2.012013000000000000e+07,1.780000000000000000e+02,1.905000000000000000e+02,1.743999938964843750e+02,1.896999999999999886e+02,4.113450000000000000e+07
2.012020600000000000e+07,1.900000000000000000e+02,2.193399963378906250e+02,1.770000000000000000e+02,1.778000000000000114e+02,3.508720000000000000e+07
2.012021300000000000e+07,1.796999999999999886e+02,1.799499969482421875e+02,1.683000030517578125e+02,1.716999999999999886e+02,3.687580000000000000e+07
2.012022000000000000e+07,1.739000000000000057e+02,1.748999938964843750e+02,1.598999938964843750e+02,1.604000000000000057e+02,3.760700000000000000e+07
2.012022700000000000e+07,1.608000000000000114e+02,1.698000030517578125e+02,1.573999938964843750e+02,1.673000000000000114e+02,4.808770000000000000e+07
2.012030500000000000e+07,1.646999999999999886e+02,1.673000030517578125e+02,1.596999969482421875e+02,1.608000000000000114e+02,5.753960000000000000e+07
2.012031200000000000e+07,1.615000000000000000e+02,1.788999938964843750e+02,1.601000061035156250e+02,1.751999999999999886e+02,5.017920000000000000e+07
2.012031900000000000e+07,1.760999999999999943e+02,1.845099945068359375e+02,1.721029968261718750e+02,1.823000000000000114e+02,4.262980000000000000e+07
2.012032600000000000e+07,1.806999999999999886e+02,1.848000030517578125e+02,1.753999938964843750e+02,1.789000000000000057e+02,4.113330000000000000e+07
2.012040200000000000e+07,1.800000000000000000e+02,1.846000061035156250e+02,1.763000030517578125e+02,1.800000000000000000e+02,4.422530000000000000e+07
2.012040900000000000e+07,1.800000000000000000e+02,1.801999969482421875e+02,1.723999938964843750e+02,1.750999999999999943e+02,3.386290000000000000e+07
2.012041600000000000e+07,1.739000000000000057e+02,1.758999938964843750e+02,1.671000061035156250e+02,1.718000000000000114e+02,4.082370000000000000e+07
2.012042300000000000e+07,1.706999999999999886e+02,1.773000030517578125e+02,1.618999938964843750e+02,1.771999999999999886e+02,4.066630000000000000e+07
2.012043000000000000e+07,1.780999999999999943e+02,1.811999969482421875e+02,1.743999938964843750e+02,1.765000000000000000e+02,2.612040000000000000e+07
2.012050700000000000e+07,1.765000000000000000e+02,1.805000000000000000e+02,1.583999938964843750e+02,1.654000000000000057e+02,4.280490000000000000e+07
2.012051400000000000e+07,1.640000000000000000e+02,1.640000000000000000e+02,1.398849945068359375e+02,1.426999999999999886e+02,5.434480000000000000e+07
2.012052100000000000e+07,1.434000000000000057e+02,1.482100067138671875e+02,1.398000030517578125e+02,1.409000000000000057e+02,3.317780000000000000e+07
2.012052800000000000e+07,1.416999999999999886e+02,1.445000000000000000e+02,1.360000000000000000e+02,1.418000000000000114e+02,4.783650000000000000e+07
2.012060400000000000e+07,1.418000000000000114e+02,1.465279998779296875e+02,1.410000000000000000e+02,1.460999999999999943e+02,2.231340000000000000e+07
2.012061100000000000e+07,1.500000000000000000e+02,1.550000000000000000e+02,1.394750061035156250e+02,1.474000000000000057e+02,4.455980000000000000e+07
2.012061800000000000e+07,1.475999999999999943e+02,1.621999969482421875e+02,1.456999969482421875e+02,1.560999999999999943e+02,4.925730000000000000e+07
2.012062500000000000e+07,1.569000000000000057e+02,1.608000030517578125e+02,1.518000030517578125e+02,1.595000000000000000e+02,3.709380000000000000e+07
2.012070200000000000e+07,1.589000000000000057e+02,1.616000061035156250e+02,1.533000030517578125e+02,1.591999999999999886e+02,2.792960000000000000e+07
2.012070900000000000e+07,1.595000000000000000e+02,1.621000061035156250e+02,1.541999969482421875e+02,1.558000000000000114e+02,2.668310000000000000e+07
2.012071600000000000e+07,1.564000000000000057e+02,1.625000000000000000e+02,1.538999938964843750e+02,1.548000000000000114e+02,3.176550000000000000e+07
2.012072300000000000e+07,1.531999999999999886e+02,1.533000030517578125e+02,1.445000000000000000e+02,1.510999999999999943e+02,3.154880000000000000e+07
2.012073000000000000e+07,1.518000000000000114e+02,1.650000000000000000e+02,1.506000061035156250e+02,1.510000000000000000e+02,4.231020000000000000e+07
2.012080600000000000e+07,1.495000000000000000e+02,1.571000061035156250e+02,1.488999938964843750e+02,1.496999999999999886e+02,4.510010000000000000e+07
2.012081300000000000e+07,1.505000000000000000e+02,1.512059936523437500e+02,1.456000061035156250e+02,1.498000000000000114e+02,2.022290000000000000e+07
2.012082000000000000e+07,1.493000000000000114e+02,1.506699981689453125e+02,1.410000000000000000e+02,1.414000000000000057e+02,2.510660000000000000e+07
2.012082700000000000e+07,1.414000000000000057e+02,1.451000061035156250e+02,1.402359924316406250e+02,1.418000000000000114e+02,3.011250000000000000e+07
2.012090300000000000e+07,1.411999999999999886e+02,1.468000030517578125e+02,1.381999969482421875e+02,1.466999999999999886e+02,2.494920000000000000e+07
2.012091000000000000e+07,1.461999999999999886e+02,1.601999969482421875e+02,1.461999969482421875e+02,1.600999999999999943e+02,3.510320000000000000e+07
2.012091700000000000e+07,1.589000000000000057e+02,1.600000000000000000e+02,1.526999969482421875e+02,1.581999999999999886e+02,2.975870000000000000e+07
2.012092400000000000e+07,1.578000000000000114e+02,1.590000000000000000e+02,1.490000000000000000e+02,1.490000000000000000e+02,1.909820000000000000e+07
2.012100100000000000e+07,1.498000000000000114e+02,1.686999969482421875e+02,1.498000030517578125e+02,1.660000000000000000e+02,5.603320000000000000e+07
2.012100800000000000e+07,1.676999999999999886e+02,1.676999969482421875e+02,1.588000030517578125e+02,1.601999999999999886e+02,2.532790000000000000e+07
2.012101500000000000e+07,1.600999999999999943e+02,1.643000030517578125e+02,1.536999969482421875e+02,1.621999999999999886e+02,3.871160000000000000e+07
2.012102200000000000e+07,1.615999999999999943e+02,1.616000061035156250e+02,1.538999938964843750e+02,1.601999999999999886e+02,1.977070000000000000e+07
2.012102900000000000e+07,1.600000000000000000e+02,1.696999969482421875e+02,1.575000000000000000e+02,1.690999999999999943e+02,2.759060000000000000e+07
2.012110500000000000e+07,1.668000000000000114e+02,1.765000000000000000e+02,1.646750030517578125e+02,1.705999999999999943e+02,4.055190000000000000e+07
2.012111200000000000e+07,1.711999999999999886e+02,1.733999938964843750e+02,1.583000030517578125e+02,1.585000000000000000e+02,3.511260000000000000e+07
2.012111900000000000e+07,1.595999999999999943e+02,1.698999938964843750e+02,1.596000061035156250e+02,1.690000000000000000e+02,2.346420000000000000e+07
2.012112600000000000e+07,1.699000000000000057e+02,1.728999938964843750e+02,1.658000030517578125e+02,1.686999999999999886e+02,2.387870000000000000e+07
2.012120300000000000e+07,1.700000000000000000e+02,1.766999969482421875e+02,1.686999969482421875e+02,1.711999999999999886e+02,2.484320000000000000e+07
2.012121000000000000e+07,1.715000000000000000e+02,1.740000000000000000e+02,1.686000061035156250e+02,1.736999999999999886e+02,1.697710000000000000e+07
2.012121700000000000e+07,1.744000000000000057e+02,1.900000000000000000e+02,1.733999938964843750e+02,1.879000000000000057e+02,3.380470000000000000e+07
2.012122400000000000e+07,1.885000000000000000e+02,1.890000000000000000e+02,1.836000061035156250e+02,1.848000000000000114e+02,5.342600000000000000e+06
2.012123100000000000e+07,1.840999999999999943e+02,1.956000061035156250e+02,1.838999938964843750e+02,1.950999999999999943e+02,1.231470000000000000e+07
2.013010700000000000e+07,1.951999999999999886e+02,2.081000061035156250e+02,1.905000000000000000e+02,2.075999999999999943e+02,3.558740000000000000e+07
2.013011400000000000e+07,2.074000000000000057e+02,2.142579956054687500e+02,2.026000061035156250e+02,2.084000000000000057e+02,3.668990000000000000e+07
2.013012100000000000e+07,2.100000000000000000e+02,2.274799957275390625e+02,2.065000000000000000e+02,2.230000000000000000e+02,3.347750000000000000e+07
2.013012800000000000e+07,2.230999999999999943e+02,2.238000030517578125e+02,2.111000061035156250e+02,2.135999999999999943e+02,3.101190000000000000e+07
2.013020400000000000e+07,2.144000000000000057e+02,2.221000061035156250e+02,2.088000030517578125e+02,2.185000000000000000e+02,3.478550000000000000e+07
2.013021100000000000e+07,2.183000000000000114e+02,2.285000000000000000e+02,2.145000000000000000e+02,2.279000000000000057e+02,2.638340000000000000e+07
2.013021800000000000e+07,2.279000000000000057e+02,2.308999938964843750e+02,2.226999969482421875e+02,2.268000000000000114e+02,2.733250000000000000e+07
2.013022500000000000e+07,2.260000000000000000e+02,2.408999938964843750e+02,2.166999969482421875e+02,2.378000000000000114e+02,5.392710000000000000e+07
2.013030400000000000e+07,2.380999999999999943e+02,2.484750061035156250e+02,2.361000061035156250e+02,2.461999999999999886e+02,3.164290000000000000e+07
2.013031100000000000e+07,2.456999999999999886e+02,2.744110107421875000e+02,2.441000061035156250e+02,2.721999999999999886e+02,5.497830000000000000e+07
2.013031800000000000e+07,2.678999999999999773e+02,2.717999877929687500e+02,2.524210052490234375e+02,2.588999999999999773e+02,3.429570000000000000e+07
2.013032500000000000e+07,2.606999999999999886e+02,2.637099914550781250e+02,2.481000061035156250e+02,2.531999999999999886e+02,2.392540000000000000e+07
2.013040100000000000e+07,2.531999999999999886e+02,2.612999877929687500e+02,2.326999969482421875e+02,2.349000000000000057e+02,3.292230000000000000e+07
2.013040800000000000e+07,2.359000000000000057e+02,2.573999938964843750e+02,2.326000061035156250e+02,2.435999999999999943e+02,4.031830000000000000e+07
2.013041500000000000e+07,2.444000000000000057e+02,2.546999969482421875e+02,2.403000030517578125e+02,2.523000000000000114e+02,3.636510000000000000e+07
2.013042200000000000e+07,2.538000000000000114e+02,2.787680053710937500e+02,2.523000030517578125e+02,2.758000000000000114e+02,4.726740000000000000e+07
2.013042900000000000e+07,2.761000000000000227e+02,2.805000000000000000e+02,2.677000122070312500e+02,2.790000000000000000e+02,2.155440000000000000e+07
2.013050600000000000e+07,2.790000000000000000e+02,2.841000061035156250e+02,2.676000061035156250e+02,2.758999999999999773e+02,3.239710000000000000e+07
2.013051300000000000e+07,2.753999999999999773e+02,2.802999877929687500e+02,2.629779968261718750e+02,2.778999999999999773e+02,4.505880000000000000e+07
2.013052000000000000e+07,2.780000000000000000e+02,2.867999877929687500e+02,2.643259887695312500e+02,2.730000000000000000e+02,3.221860000000000000e+07
2.013052700000000000e+07,2.730000000000000000e+02,2.850000000000000000e+02,2.722999877929687500e+02,2.796000000000000227e+02,3.561440000000000000e+07
2.013060300000000000e+07,2.773000000000000114e+02,2.811000061035156250e+02,2.632000122070312500e+02,2.706999999999999886e+02,4.127130000000000000e+07
2.013061000000000000e+07,2.720000000000000000e+02,2.748999938964843750e+02,2.486000061035156250e+02,2.630000000000000000e+02,4.961350000000000000e+07
2.013061700000000000e+07,2.613999999999999773e+02,2.681000061035156250e+02,2.607000122070312500e+02,2.606999999999999886e+02,3.021590000000000000e+07
2.013062400000000000e+07,2.610000000000000000e+02,2.668999938964843750e+02,2.510000000000000000e+02,2.638999999999999773e+02,8.078080000000000000e+07
2.013070100000000000e+07,2.648000000000000114e+02,2.747999877929687500e+02,2.565000000000000000e+02,2.700000000000000000e+02,5.619600000000000000e+07
2.013070800000000000e+07,2.731999999999999886e+02,2.777999877929687500e+02,2.632999877929687500e+02,2.705000000000000000e+02,3.506650000000000000e+07
2.013071500000000000e+07,2.721999999999999886e+02,2.900000000000000000e+02,2.682000122070312500e+02,2.888999999999999773e+02,3.641530000000000000e+07
2.013072200000000000e+07,2.898999999999999773e+02,2.940000000000000000e+02,2.816000061035156250e+02,2.893999999999999773e+02,4.454360000000000000e+07
2.013072900000000000e+07,2.920000000000000000e+02,3.180000000000000000e+02,2.878999938964843750e+02,3.170000000000000000e+02,5.410470000000000000e+07
2.013080500000000000e+07,3.180000000000000000e+02,3.320000000000000000e+02,3.091610107421875000e+02,3.235000000000000000e+02,3.321620000000000000e+07
2.013081200000000000e+07,3.231999999999999886e+02,3.300000000000000000e+02,2.902980041503906250e+02,3.091999999999999886e+02,3.777070000000000000e+07
2.013081900000000000e+07,3.098999999999999773e+02,3.187999877929687500e+02,3.005000000000000000e+02,3.158000000000000114e+02,2.331240000000000000e+07
2.013082600000000000e+07,3.158000000000000114e+02,3.157999877929687500e+02,2.807999877929687500e+02,2.863000000000000114e+02,4.371410000000000000e+07
2.013090200000000000e+07,2.900000000000000000e+02,3.062999877929687500e+02,2.787999877929687500e+02,3.011999999999999886e+02,5.375080000000000000e+07
2.013090900000000000e+07,3.013999999999999773e+02,3.248999938964843750e+02,3.002999877929687500e+02,3.146999999999999886e+02,3.729730000000000000e+07
2.013091600000000000e+07,3.210000000000000000e+02,3.297000122070312500e+02,3.185000000000000000e+02,3.286000000000000227e+02,3.167550000000000000e+07
2.013092300000000000e+07,3.288000000000000114e+02,3.437000122070312500e+02,3.247000122070312500e+02,3.373000000000000114e+02,2.458830000000000000e+07
2.013093000000000000e+07,3.336999999999999886e+02,3.503059997558593750e+02,3.317000122070312500e+02,3.426000000000000227e+02,2.717030000000000000e+07
2.013100700000000000e+07,3.403999999999999773e+02,3.435000000000000000e+02,3.230000000000000000e+02,3.408999999999999773e+02,2.825010000000000000e+07
2.013101400000000000e+07,3.405000000000000000e+02,3.590000000000000000e+02,3.372999877929687500e+02,3.590000000000000000e+02,2.426500000000000000e+07
2.013102100000000000e+07,3.610000000000000000e+02,3.690000000000000000e+02,3.492000122070312500e+02,3.496999999999999886e+02,3.851010000000000000e+07
2.013102800000000000e+07,3.505000000000000000e+02,3.563999938964843750e+02,3.432000122070312500e+02,3.538999999999999773e+02,2.952450000000000000e+07
2.013110400000000000e+07,3.430000000000000000e+02,3.801000061035156250e+02,3.417000122070312500e+02,3.768999999999999773e+02,5.411190000000000000e+07
2.013111100000000000e+07,3.796000000000000227e+02,3.872999877929687500e+02,3.616000061035156250e+02,3.621999999999999886e+02,5.168130000000000000e+07
2.013111800000000000e+07,3.728000000000000114e+02,3.728999938964843750e+02,3.512000122070312500e+02,3.628000000000000114e+02,4.683920000000000000e+07
2.013112500000000000e+07,3.648000000000000114e+02,3.803999938964843750e+02,3.647879943847656250e+02,3.663000000000000114e+02,5.061520000000000000e+07
2.013120200000000000e+07,3.658999999999999773e+02,3.706000061035156250e+02,3.525840148925781250e+02,3.576000000000000227e+02,3.905150000000000000e+07
2.013120900000000000e+07,3.578999999999999773e+02,3.777999877929687500e+02,3.572999877929687500e+02,3.750000000000000000e+02,4.772300000000000000e+07
2.013121600000000000e+07,3.750000000000000000e+02,3.979079895019531250e+02,3.750000000000000000e+02,3.928999999999999773e+02,4.874950000000000000e+07
2.013122300000000000e+07,3.928999999999999773e+02,4.059849853515625000e+02,3.887999877929687500e+02,4.023999999999999773e+02,8.917700000000000000e+06
2.013123000000000000e+07,4.028999999999999773e+02,4.112999877929687500e+02,3.952000122070312500e+02,4.078000000000000114e+02,1.624350000000000000e+07
2.014010600000000000e+07,4.058999999999999773e+02,4.430000000000000000e+02,4.032999877929687500e+02,4.278999999999999773e+02,4.319150000000000000e+07
2.014011300000000000e+07,4.278999999999999773e+02,4.427999877929687500e+02,4.200000000000000000e+02,4.271999999999999886e+02,3.470250000000000000e+07
2.014012000000000000e+07,4.273999999999999773e+02,4.393999938964843750e+02,4.057000122070312500e+02,4.063000000000000114e+02,3.852990000000000000e+07
2.014012700000000000e+07,4.068000000000000114e+02,4.197000122070312500e+02,3.967000122070312500e+02,4.166999999999999886e+02,4.143390000000000000e+07
2.014020300000000000e+07,4.180000000000000000e+02,4.287000122070312500e+02,4.025000000000000000e+02,4.283000000000000114e+02,3.770000000000000000e+07
2.014021000000000000e+07,4.303000000000000114e+02,4.545000000000000000e+02,4.202000122070312500e+02,4.463999999999999773e+02,3.084670000000000000e+07
2.014021700000000000e+07,4.463000000000000114e+02,4.534859924316406250e+02,4.373049926757812500e+02,4.476999999999999886e+02,2.308520000000000000e+07
2.014022400000000000e+07,4.461000000000000227e+02,4.572000122070312500e+02,4.340000000000000000e+02,4.370000000000000000e+02,4.480710000000000000e+07
2.014030300000000000e+07,4.348000000000000114e+02,4.530000000000000000e+02,4.193999938964843750e+02,4.410000000000000000e+02,3.990540000000000000e+07
2.014031000000000000e+07,4.388999999999999773e+02,4.513999938964843750e+02,4.144030151367187500e+02,4.213000000000000114e+02,4.095830000000000000e+07
2.014031700000000000e+07,4.218999999999999773e+02,4.371000061035156250e+02,4.182999877929687500e+02,4.206000000000000227e+02,4.401490000000000000e+07
2.014032400000000000e+07,4.181000000000000227e+02,4.267999877929687500e+02,4.087000122070312500e+02,4.176999999999999886e+02,3.105150000000000000e+07
2.014033100000000000e+07,4.191999999999999886e+02,4.472999877929687500e+02,4.162999877929687500e+02,4.428999999999999773e+02,4.860170000000000000e+07
2.014040700000000000e+07,4.365000000000000000e+02,4.415000000000000000e+02,3.907999877929687500e+02,3.921000000000000227e+02,4.328450000000000000e+07
2.014041400000000000e+07,3.910000000000000000e+02,4.077000122070312500e+02,3.701000061035156250e+02,4.076999999999999886e+02,5.432750000000000000e+07
2.014042100000000000e+07,4.076999999999999886e+02,4.197999877929687500e+02,3.779760131835937500e+02,4.000000000000000000e+02,2.594980000000000000e+07
2.014042800000000000e+07,4.045000000000000000e+02,4.930000000000000000e+02,3.951000061035156250e+02,4.066999999999999886e+02,3.526860000000000000e+07
2.014050500000000000e+07,4.066999999999999886e+02,4.155409851074218750e+02,3.837000122070312500e+02,3.850000000000000000e+02,4.554520000000000000e+07
2.014051200000000000e+07,3.878999999999999773e+02,3.995000000000000000e+02,3.505000000000000000e+02,3.583000000000000114e+02,6.092860000000000000e+07
2.014051900000000000e+07,3.596999999999999886e+02,3.835000000000000000e+02,3.536000061035156250e+02,3.794200000000000159e+02,3.892060000000000000e+07
2.014052600000000000e+07,3.794200000000000159e+02,3.992000122070312500e+02,3.794200134277343750e+02,3.936000000000000227e+02,1.682400000000000000e+07
2.014060200000000000e+07,3.960000000000000000e+02,4.208999938964843750e+02,3.958999938964843750e+02,4.188999999999999773e+02,3.056490000000000000e+07
2.014060900000000000e+07,4.206999999999999886e+02,4.250559997558593750e+02,3.751210021972656250e+02,3.790000000000000000e+02,5.669740000000000000e+07
2.014061600000000000e+07,3.788000000000000114e+02,3.888370056152343750e+02,3.733999938964843750e+02,3.846000000000000227e+02,3.638680000000000000e+07
2.014062300000000000e+07,3.845000000000000000e+02,3.885000000000000000e+02,3.772569885253906250e+02,3.838000000000000114e+02,3.299490000000000000e+07
2.014063000000000000e+07,3.841999999999999886e+02,3.850000000000000000e+02,3.617999877929687500e+02,3.676000000000000227e+02,4.903200000000000000e+07
2.014070700000000000e+07,3.680000000000000000e+02,3.711000061035156250e+02,3.250000000000000000e+02,3.285000000000000000e+02,8.112400000000000000e+07
2.014071400000000000e+07,3.296999999999999886e+02,3.466000061035156250e+02,3.230000000000000000e+02,3.298999999999999773e+02,5.636680000000000000e+07
2.014072100000000000e+07,3.305000000000000000e+02,3.470000000000000000e+02,3.226000061035156250e+02,3.388000000000000114e+02,4.563550000000000000e+07
2.014072800000000000e+07,3.421000000000000227e+02,3.474159851074218750e+02,3.251000061035156250e+02,3.381999999999999886e+02,4.289130000000000000e+07
2.014080400000000000e+07,3.406000000000000227e+02,3.437999877929687500e+02,3.063999938964843750e+02,3.171000000000000227e+02,5.529050000000000000e+07
2.014081100000000000e+07,3.210000000000000000e+02,3.382999877929687500e+02,3.195000000000000000e+02,3.326000000000000227e+02,3.248820000000000000e+07
2.014081800000000000e+07,3.363999999999999773e+02,3.482000122070312500e+02,3.353550109863281250e+02,3.460000000000000000e+02,3.045270000000000000e+07
2.014082500000000000e+07,3.460000000000000000e+02,3.652000122070312500e+02,3.460000000000000000e+02,3.611999999999999886e+02,2.967500000000000000e+07
2.014090100000000000e+07,3.610000000000000000e+02,3.777999877929687500e+02,3.583999938964843750e+02,3.686999999999999886e+02,3.914030000000000000e+07
2.014090800000000000e+07,3.673999999999999773e+02,3.773999938964843750e+02,3.632000122070312500e+02,3.740000000000000000e+02,2.973350000000000000e+07
2.014091500000000000e+07,3.731000000000000227e+02,3.847999877929687500e+02,3.622999877929687500e+02,3.831000000000000227e+02,3.454740000000000000e+07
2.014092200000000000e+07,3.811000000000000227e+02,3.813999938964843750e+02,3.572999877929687500e+02,3.706999999999999886e+02,3.201710000000000000e+07
2.014092900000000000e+07,3.716999999999999886e+02,3.746000061035156250e+02,3.472999877929687500e+02,3.651999999999999886e+02,4.761170000000000000e+07
2.014100600000000000e+07,3.668000000000000114e+02,3.728999938964843750e+02,3.233999938964843750e+02,3.253999999999999773e+02,7.360400000000000000e+07
2.014101300000000000e+07,3.200000000000000000e+02,3.550000000000000000e+02,2.420000000000000000e+02,3.503999999999999773e+02,9.793280000000000000e+07
2.014102000000000000e+07,3.486000000000000227e+02,3.866000061035156250e+02,3.463999938964843750e+02,3.833000000000000114e+02,6.776190400000000000e+07
2.014102700000000000e+07,3.871999999999999886e+02,4.115000000000000000e+02,3.760000000000000000e+02,4.091999999999999886e+02,6.795569600000000000e+07
2.014110300000000000e+07,4.081999999999999886e+02,4.197000122070312500e+02,4.012000122070312500e+02,4.026000000000000227e+02,6.039350000000000000e+07
2.014111000000000000e+07,4.038000000000000114e+02,4.262999877929687500e+02,3.980000000000000000e+02,4.263000000000000114e+02,5.040690000000000000e+07
2.014111700000000000e+07,4.231000000000000227e+02,4.363200073242187500e+02,4.146000061035156250e+02,4.328000000000000114e+02,3.322130000000000000e+07
2.014112400000000000e+07,4.338000000000000114e+02,4.682999877929687500e+02,4.310000000000000000e+02,4.575000000000000000e+02,4.383860000000000000e+07
2.014120100000000000e+07,4.596000000000000227e+02,4.882170104980468750e+02,4.557409973144531250e+02,4.866999999999999886e+02,4.425840000000000000e+07
2.014120800000000000e+07,4.868000000000000114e+02,4.888450012207031250e+02,4.553649902343750000e+02,4.568000000000000114e+02,4.734830000000000000e+07
2.014121500000000000e+07,4.556999999999999886e+02,4.725000000000000000e+02,4.422000122070312500e+02,4.690000000000000000e+02,5.225460000000000000e+07
2.014122200000000000e+07,4.731000000000000227e+02,4.768999938964843750e+02,4.660000000000000000e+02,4.751000000000000227e+02,1.062940000000000000e+07
2.014122900000000000e+07,4.770000000000000000e+02,4.972999877929687500e+02,4.671000061035156250e+02,4.870000000000000000e+02,1.734570000000000000e+07
2.015010500000000000e+07,4.853000000000000114e+02,5.020000000000000000e+02,4.635000000000000000e+02,4.653999999999999773e+02,5.179600000000000000e+07
2.015011200000000000e+07,4.666999999999999886e+02,4.968619995117187500e+02,4.658999938964843750e+02,4.913000000000000114e+02,5.307180000000000000e+07
2.015011900000000000e+07,4.901999999999999886e+02,5.438049926757812500e+02,4.902000122070312500e+02,5.360000000000000000e+02,4.634980000000000000e+07
2.015012600000000000e+07,5.335000000000000000e+02,5.900000000000000000e+02,5.305000000000000000e+02,5.445000000000000000e+02,5.602330000000000000e+07
2.015020200000000000e+07,5.405000000000000000e+02,5.457500000000000000e+02,5.171049804687500000e+02,5.410000000000000000e+02,5.524670000000000000e+07
2.015020900000000000e+07,5.395000000000000000e+02,5.645000000000000000e+02,5.315000000000000000e+02,5.540000000000000000e+02,4.165230000000000000e+07
2.015021600000000000e+07,5.525000000000000000e+02,5.668150024414062500e+02,5.430000000000000000e+02,5.510000000000000000e+02,2.568230000000000000e+07
2.015022300000000000e+07,5.570000000000000000e+02,5.950000000000000000e+02,5.510000000000000000e+02,5.800000000000000000e+02,3.480220000000000000e+07
2.015030200000000000e+07,5.685000000000000000e+02,5.855000000000000000e+02,5.475000000000000000e+02,5.500000000000000000e+02,2.735710000000000000e+07
2.015030900000000000e+07,5.470000000000000000e+02,5.775000000000000000e+02,5.415000000000000000e+02,5.755000000000000000e+02,3.143550000000000000e+07
2.015031600000000000e+07,5.760000000000000000e+02,5.935000000000000000e+02,5.671790161132812500e+02,5.935000000000000000e+02,4.403230000000000000e+07
2.015032300000000000e+07,5.935000000000000000e+02,6.300000000000000000e+02,4.262940063476562500e+02,5.940000000000000000e+02,5.365820000000000000e+07
2.015033000000000000e+07,6.005000000000000000e+02,6.116140136718750000e+02,5.870000000000000000e+02,5.985000000000000000e+02,2.426200000000000000e+07
2.015040600000000000e+07,5.985000000000000000e+02,6.180000000000000000e+02,5.745000000000000000e+02,6.170000000000000000e+02,3.690600000000000000e+07
2.015041300000000000e+07,6.150000000000000000e+02,6.175000000000000000e+02,5.570000000000000000e+02,5.645000000000000000e+02,4.502580000000000000e+07
2.015042000000000000e+07,5.680000000000000000e+02,5.960000000000000000e+02,5.660150146484375000e+02,5.720000000000000000e+02,3.416090000000000000e+07
2.015042700000000000e+07,5.730000000000000000e+02,5.890000000000000000e+02,5.333740234375000000e+02,5.575000000000000000e+02,4.348610000000000000e+07
2.015050400000000000e+07,5.575000000000000000e+02,5.760000000000000000e+02,5.300000000000000000e+02,5.725000000000000000e+02,4.049320000000000000e+07
2.015051100000000000e+07,5.715000000000000000e+02,5.757089843750000000e+02,5.448250122070312500e+02,5.670000000000000000e+02,3.971810000000000000e+07
2.015051800000000000e+07,5.680000000000000000e+02,5.815000000000000000e+02,5.380000000000000000e+02,5.425000000000000000e+02,4.998120000000000000e+07
2.015052500000000000e+07,5.425000000000000000e+02,5.740000000000000000e+02,5.391420288085937500e+02,5.540000000000000000e+02,3.567540000000000000e+07
2.015060100000000000e+07,5.570000000000000000e+02,5.670000000000000000e+02,5.185000000000000000e+02,5.300000000000000000e+02,5.278710000000000000e+07
2.015060800000000000e+07,5.290000000000000000e+02,5.312680053710937500e+02,5.101650085449218750e+02,5.180000000000000000e+02,3.142290000000000000e+07
2.015061500000000000e+07,5.130000000000000000e+02,5.140000000000000000e+02,4.807000122070312500e+02,5.055000000000000000e+02,4.032430000000000000e+07
2.015062200000000000e+07,5.195000000000000000e+02,5.348159790039062500e+02,5.100000000000000000e+02,5.145000000000000000e+02,4.736150000000000000e+07
2.015062900000000000e+07,4.963000000000000114e+02,5.075000000000000000e+02,4.850000000000000000e+02,4.870000000000000000e+02,3.760850000000000000e+07
2.015070600000000000e+07,4.818000000000000114e+02,5.340000000000000000e+02,4.767999877929687500e+02,5.310000000000000000e+02,4.836540000000000000e+07
2.015071300000000000e+07,5.445000000000000000e+02,5.694370117187500000e+02,4.964299926757812500e+02,5.670000000000000000e+02,3.574080000000000000e+07
2.015072000000000000e+07,5.700000000000000000e+02,5.790930175781250000e+02,5.525000000000000000e+02,5.625000000000000000e+02,3.137270000000000000e+07
2.015072700000000000e+07,5.600000000000000000e+02,5.660000000000000000e+02,5.260650024414062500e+02,5.340000000000000000e+02,4.754700000000000000e+07
2.015080300000000000e+07,5.310000000000000000e+02,5.565000000000000000e+02,5.295000000000000000e+02,5.485000000000000000e+02,4.166270000000000000e+07
2.015081000000000000e+07,5.520000000000000000e+02,5.580050048828125000e+02,5.183140258789062500e+02,5.425000000000000000e+02,4.022850000000000000e+07
2.015081700000000000e+07,5.500000000000000000e+02,5.559600219726562500e+02,5.065069885253906250e+02,5.125000000000000000e+02,3.426490000000000000e+07
2.015082400000000000e+07,4.963999999999999773e+02,5.508790283203125000e+02,4.721380004882812500e+02,5.390000000000000000e+02,6.050010000000000000e+07
2.015083100000000000e+07,5.390000000000000000e+02,5.745000000000000000e+02,5.202470092773437500e+02,5.650000000000000000e+02,4.072780000000000000e+07
2.015090700000000000e+07,5.700000000000000000e+02,5.895000000000000000e+02,5.589249877929687500e+02,5.835000000000000000e+02,3.480610000000000000e+07
2.015091400000000000e+07,5.865000000000000000e+02,6.118200073242187500e+02,5.859949951171875000e+02,6.005000000000000000e+02,3.989450000000000000e+07
2.015092100000000000e+07,5.965000000000000000e+02,6.050000000000000000e+02,5.646640014648437500e+02,6.040000000000000000e+02,4.467170000000000000e+07
2.015092800000000000e+07,6.010000000000000000e+02,6.032919921875000000e+02,5.615000000000000000e+02,5.710000000000000000e+02,4.862170000000000000e+07
2.015100500000000000e+07,5.810000000000000000e+02,6.000000000000000000e+02,5.515000000000000000e+02,5.625000000000000000e+02,5.614550000000000000e+07
2.015101200000000000e+07,5.680000000000000000e+02,5.968189697265625000e+02,5.625000000000000000e+02,5.965000000000000000e+02,3.450820000000000000e+07
2.015101900000000000e+07,5.925000000000000000e+02,6.065000000000000000e+02,5.820000000000000000e+02,5.985000000000000000e+02,3.868360000000000000e+07
2.015102600000000000e+07,5.990000000000000000e+02,6.176799926757812500e+02,5.670000000000000000e+02,5.825000000000000000e+02,4.364490000000000000e+07
2.015110200000000000e+07,5.700000000000000000e+02,6.060000000000000000e+02,5.680000000000000000e+02,6.020000000000000000e+02,3.765970000000000000e+07
2.015110900000000000e+07,6.090000000000000000e+02,6.160000000000000000e+02,5.853599853515625000e+02,5.925000000000000000e+02,4.670250000000000000e+07
2.015111600000000000e+07,5.750000000000000000e+02,5.961589965820312500e+02,5.665000000000000000e+02,5.770000000000000000e+02,3.917300000000000000e+07
2.015112300000000000e+07,5.750000000000000000e+02,5.775000000000000000e+02,5.420000000000000000e+02,5.650000000000000000e+02,5.246580000000000000e+07
2.015113000000000000e+07,5.600000000000000000e+02,8.061069946289062500e+02,5.600000000000000000e+02,5.840000000000000000e+02,4.716830000000000000e+07
2.015120700000000000e+07,5.825000000000000000e+02,6.010000000000000000e+02,5.645130004882812500e+02,5.665000000000000000e+02,3.563020000000000000e+07
2.015121400000000000e+07,5.670000000000000000e+02,6.080000000000000000e+02,5.604069824218750000e+02,5.885000000000000000e+02,2.991550000000000000e+07
2.015122100000000000e+07,5.840000000000000000e+02,6.037410278320312500e+02,5.811500244140625000e+02,6.030000000000000000e+02,1.324190000000000000e+07
2.015122800000000000e+07,6.030000000000000000e+02,6.190000000000000000e+02,5.935000000000000000e+02,5.960000000000000000e+02,1.560320000000000000e+07
2.016010400000000000e+07,6.020000000000000000e+02,6.157039794921875000e+02,5.778560180664062500e+02,5.905000000000000000e+02,3.483070000000000000e+07
2.016011100000000000e+07,5.870000000000000000e+02,6.115000000000000000e+02,5.495000000000000000e+02,5.510000000000000000e+02,4.919520000000000000e+07
2.016011800000000000e+07,5.490000000000000000e+02,5.687849731445312500e+02,5.420000000000000000e+02,5.590000000000000000e+02,3.938330000000000000e+07
2.016012500000000000e+07,5.630000000000000000e+02,5.692130126953125000e+02,5.095000000000000000e+02,5.395000000000000000e+02,4.815620000000000000e+07
2.016020100000000000e+07,5.410000000000000000e+02,5.601510009765625000e+02,5.035000000000000000e+02,5.065000000000000000e+02,5.037690000000000000e+07
2.016020800000000000e+07,5.110000000000000000e+02,5.126450195312500000e+02,4.668469848632812500e+02,4.798000000000000114e+02,6.679070000000000000e+07
2.016021500000000000e+07,4.950000000000000000e+02,5.475000000000000000e+02,4.950000000000000000e+02,5.455000000000000000e+02,4.957440000000000000e+07
2.016022200000000000e+07,5.510000000000000000e+02,5.720000000000000000e+02,5.220059814453125000e+02,5.410000000000000000e+02,5.086350000000000000e+07
