2.005062000000000000e+07,2.850000000000000000e+02,2.889500122070312500e+02,2.780000000000000000e+02,2.840000000000000000e+02,3.213800000000000000e+07
2.005062700000000000e+07,2.835000000000000000e+02,3.492500000000000000e+02,2.832500000000000000e+02,3.270000000000000000e+02,7.686820000000000000e+07
2.005070400000000000e+07,3.250000000000000000e+02,3.311400146484375000e+02,3.047500000000000000e+02,3.240000000000000000e+02,1.871260000000000000e+07
2.005071100000000000e+07,3.210000000000000000e+02,3.400000000000000000e+02,3.160000000000000000e+02,3.345000000000000000e+02,1.296280000000000000e+07
2.005071800000000000e+07,3.330000000000000000e+02,3.379500122070312500e+02,3.080000000000000000e+02,3.260000000000000000e+02,1.712820000000000000e+07
2.005072500000000000e+07,3.300000000000000000e+02,3.349500122070312500e+02,3.095559997558593750e+02,3.252500000000000000e+02,1.686850000000000000e+07
2.005080100000000000e+07,3.272500000000000000e+02,3.580000000000000000e+02,3.272500000000000000e+02,3.420000000000000000e+02,1.284700000000000000e+07
2.005080800000000000e+07,3.430000000000000000e+02,3.472999877929687500e+02,3.220000000000000000e+02,3.250000000000000000e+02,1.128610000000000000e+07
2.005081500000000000e+07,3.250000000000000000e+02,3.400000000000000000e+02,3.170000000000000000e+02,3.305000000000000000e+02,1.499720000000000000e+07
2.005082200000000000e+07,3.300000000000000000e+02,3.350000000000000000e+02,3.050000000000000000e+02,3.350000000000000000e+02,1.493370000000000000e+07
2.005082900000000000e+07,3.350000000000000000e+02,3.437500000000000000e+02,3.280000000000000000e+02,3.362500000000000000e+02,5.499500000000000000e+06
2.005090500000000000e+07,3.360000000000000000e+02,3.550000000000000000e+02,3.330000000000000000e+02,3.422500000000000000e+02,8.180600000000000000e+06
2.005091200000000000e+07,3.450000000000000000e+02,3.450899963378906250e+02,3.150000000000000000e+02,3.320000000000000000e+02,2.023120000000000000e+07
2.005091900000000000e+07,3.300000000000000000e+02,3.320000000000000000e+02,3.180000000000000000e+02,3.250000000000000000e+02,1.108730000000000000e+07
2.005092600000000000e+07,3.260000000000000000e+02,3.317500000000000000e+02,3.180000000000000000e+02,3.240000000000000000e+02,6.208100000000000000e+06
2.005100300000000000e+07,3.250000000000000000e+02,3.300000000000000000e+02,2.965499877929687500e+02,3.040000000000000000e+02,1.452825920000000000e+08
2.005101000000000000e+07,3.040000000000000000e+02,3.080000000000000000e+02,2.922500000000000000e+02,3.020000000000000000e+02,2.125510000000000000e+07
2.005101700000000000e+07,2.997500000000000000e+02,3.030000000000000000e+02,2.750000000000000000e+02,2.800000000000000000e+02,2.297360000000000000e+07
2.005102400000000000e+07,2.815000000000000000e+02,2.900000000000000000e+02,2.812000122070312500e+02,2.850000000000000000e+02,7.780000000000000000e+06
2.005103100000000000e+07,2.892500000000000000e+02,3.239500122070312500e+02,2.840000000000000000e+02,3.055000000000000000e+02,1.588860000000000000e+07
2.005110700000000000e+07,3.050000000000000000e+02,3.242500000000000000e+02,2.997500000000000000e+02,3.187500000000000000e+02,1.144700000000000000e+07
2.005111400000000000e+07,3.187500000000000000e+02,3.200000000000000000e+02,3.010000000000000000e+02,3.110000000000000000e+02,5.322800000000000000e+06
2.005112100000000000e+07,3.145000000000000000e+02,3.230000000000000000e+02,3.087500000000000000e+02,3.180000000000000000e+02,8.011400000000000000e+06
2.005112800000000000e+07,3.185000000000000000e+02,3.330000000000000000e+02,3.152500000000000000e+02,3.320000000000000000e+02,1.527330000000000000e+07
2.005120500000000000e+07,3.292500000000000000e+02,3.422500000000000000e+02,3.263569946289062500e+02,3.370000000000000000e+02,1.210350000000000000e+07
2.005121200000000000e+07,3.352500000000000000e+02,3.400000000000000000e+02,3.352500000000000000e+02,3.397500000000000000e+02,1.534920000000000000e+07
2.005121900000000000e+07,3.420000000000000000e+02,3.470000000000000000e+02,3.360000000000000000e+02,3.455000000000000000e+02,8.189600000000000000e+06
2.005122600000000000e+07,3.455000000000000000e+02,3.457000122070312500e+02,3.370000000000000000e+02,3.455000000000000000e+02,1.437100000000000000e+06
2.006010200000000000e+07,3.455000000000000000e+02,3.635000000000000000e+02,3.440000000000000000e+02,3.552500000000000000e+02,5.027600000000000000e+06
2.006010900000000000e+07,3.540000000000000000e+02,4.385199890136718750e+02,3.250000000000000000e+02,3.500000000000000000e+02,1.833128160000000000e+08
2.006011600000000000e+07,3.510000000000000000e+02,3.550000000000000000e+02,3.440000000000000000e+02,3.535000000000000000e+02,1.297710000000000000e+07
2.006012300000000000e+07,3.500000000000000000e+02,3.600000000000000000e+02,3.440000000000000000e+02,3.582500000000000000e+02,8.596300000000000000e+06
2.006013000000000000e+07,3.550000000000000000e+02,3.590000000000000000e+02,3.400000000000000000e+02,3.450000000000000000e+02,9.401400000000000000e+06
2.006020600000000000e+07,3.495000000000000000e+02,3.860000000000000000e+02,3.442500000000000000e+02,3.760000000000000000e+02,3.375750000000000000e+07
2.006021300000000000e+07,3.742500000000000000e+02,3.979200134277343750e+02,3.602500000000000000e+02,3.922500000000000000e+02,2.243850000000000000e+07
2.006022000000000000e+07,3.900000000000000000e+02,4.040000000000000000e+02,3.897500000000000000e+02,3.997500000000000000e+02,1.826320000000000000e+07
2.006022700000000000e+07,4.045000000000000000e+02,4.120000000000000000e+02,3.867500000000000000e+02,3.940000000000000000e+02,2.046120000000000000e+07
2.006030600000000000e+07,3.960000000000000000e+02,4.042500000000000000e+02,3.672500000000000000e+02,3.780000000000000000e+02,2.048610000000000000e+07
2.006031300000000000e+07,3.795000000000000000e+02,3.922500000000000000e+02,3.740000000000000000e+02,3.850000000000000000e+02,1.449664000000000000e+08
2.006032000000000000e+07,3.850000000000000000e+02,3.850000000000000000e+02,3.705000000000000000e+02,3.775000000000000000e+02,1.223400000000000000e+07
2.006032700000000000e+07,3.765000000000000000e+02,3.920000000000000000e+02,3.718099975585937500e+02,3.890000000000000000e+02,1.994570000000000000e+07
2.006040300000000000e+07,3.917500000000000000e+02,3.917500000000000000e+02,3.737500000000000000e+02,3.750000000000000000e+02,8.794100000000000000e+06
2.006041000000000000e+07,3.767500000000000000e+02,3.805000000000000000e+02,3.560000000000000000e+02,3.610000000000000000e+02,1.329590000000000000e+07
2.006041700000000000e+07,3.610000000000000000e+02,3.795000000000000000e+02,3.592500000000000000e+02,3.780000000000000000e+02,9.794600000000000000e+06
2.006042400000000000e+07,3.752500000000000000e+02,3.920000000000000000e+02,3.752500000000000000e+02,3.810000000000000000e+02,1.388210000000000000e+07
2.006050100000000000e+07,3.810000000000000000e+02,3.872500000000000000e+02,3.728699951171875000e+02,3.750000000000000000e+02,8.844600000000000000e+06
2.006050800000000000e+07,3.755000000000000000e+02,3.755000000000000000e+02,3.480000000000000000e+02,3.500000000000000000e+02,1.904100000000000000e+07
2.006051500000000000e+07,3.460000000000000000e+02,3.507500000000000000e+02,3.175000000000000000e+02,3.220000000000000000e+02,1.831060000000000000e+07
2.006052200000000000e+07,3.220000000000000000e+02,3.387500000000000000e+02,3.082500000000000000e+02,3.290000000000000000e+02,2.240550000000000000e+07
2.006052900000000000e+07,3.290000000000000000e+02,3.391499938964843750e+02,3.190000000000000000e+02,3.332500000000000000e+02,8.196500000000000000e+06
2.006060500000000000e+07,3.312500000000000000e+02,3.380000000000000000e+02,3.172500000000000000e+02,3.300000000000000000e+02,2.841020000000000000e+07
2.006061200000000000e+07,3.267500000000000000e+02,3.367500000000000000e+02,3.115000000000000000e+02,3.222500000000000000e+02,1.396230000000000000e+07
2.006061900000000000e+07,3.250000000000000000e+02,3.397500000000000000e+02,3.190000000000000000e+02,3.350000000000000000e+02,1.227620000000000000e+07
2.006062600000000000e+07,3.360000000000000000e+02,3.477500000000000000e+02,3.300000000000000000e+02,3.430000000000000000e+02,1.248820000000000000e+07
2.006070300000000000e+07,3.462500000000000000e+02,3.552500000000000000e+02,3.425000000000000000e+02,3.440000000000000000e+02,8.595300000000000000e+06
2.006071000000000000e+07,3.410000000000000000e+02,3.497500000000000000e+02,3.362500000000000000e+02,3.410000000000000000e+02,8.860500000000000000e+06
2.006071700000000000e+07,3.402500000000000000e+02,3.450000000000000000e+02,3.330000000000000000e+02,3.367500000000000000e+02,1.024860000000000000e+07
2.006072400000000000e+07,3.420000000000000000e+02,3.435000000000000000e+02,3.132500000000000000e+02,3.132500000000000000e+02,3.112170000000000000e+07
2.006073100000000000e+07,3.132500000000000000e+02,3.430000000000000000e+02,3.130000000000000000e+02,3.320000000000000000e+02,1.280840000000000000e+07
2.006080700000000000e+07,3.295000000000000000e+02,3.357500000000000000e+02,3.202600097656250000e+02,3.237500000000000000e+02,6.523900000000000000e+06
2.006081400000000000e+07,3.270000000000000000e+02,3.685000000000000000e+02,3.180000000000000000e+02,3.492500000000000000e+02,2.380300000000000000e+07
2.006082100000000000e+07,3.450000000000000000e+02,3.609249877929687500e+02,3.380000000000000000e+02,3.400000000000000000e+02,9.465100000000000000e+06
2.006082800000000000e+07,3.400000000000000000e+02,3.667500000000000000e+02,2.432100067138671875e+02,3.650000000000000000e+02,1.283530000000000000e+07
2.006090400000000000e+07,3.692500000000000000e+02,3.787500000000000000e+02,3.620000000000000000e+02,3.660000000000000000e+02,7.353400000000000000e+06
2.006091100000000000e+07,3.625000000000000000e+02,3.870000000000000000e+02,3.590000000000000000e+02,3.697500000000000000e+02,1.224460000000000000e+07
2.006091800000000000e+07,3.652500000000000000e+02,3.807500000000000000e+02,3.630000000000000000e+02,3.795000000000000000e+02,7.936500000000000000e+06
2.006092500000000000e+07,3.770000000000000000e+02,3.820000000000000000e+02,3.605000000000000000e+02,3.800000000000000000e+02,9.335600000000000000e+06
2.006100200000000000e+07,3.757500000000000000e+02,3.940000000000000000e+02,3.725000000000000000e+02,3.882500000000000000e+02,9.521000000000000000e+06
2.006100900000000000e+07,3.870000000000000000e+02,3.947500000000000000e+02,3.812500000000000000e+02,3.930000000000000000e+02,5.275600000000000000e+06
2.006101600000000000e+07,3.947500000000000000e+02,3.950000000000000000e+02,3.810000000000000000e+02,3.852500000000000000e+02,7.264700000000000000e+06
2.006102300000000000e+07,3.880000000000000000e+02,3.910000000000000000e+02,3.800000000000000000e+02,3.850000000000000000e+02,7.560200000000000000e+06
2.006103000000000000e+07,3.792500000000000000e+02,3.850000000000000000e+02,3.680000000000000000e+02,3.752500000000000000e+02,8.286200000000000000e+06
2.006110600000000000e+07,3.780000000000000000e+02,3.897500000000000000e+02,3.755000000000000000e+02,3.815000000000000000e+02,1.006800000000000000e+07
2.006111300000000000e+07,3.845000000000000000e+02,4.142000122070312500e+02,3.750000000000000000e+02,3.930000000000000000e+02,2.793310000000000000e+07
2.006112000000000000e+07,3.920000000000000000e+02,4.040000000000000000e+02,3.837500000000000000e+02,3.897500000000000000e+02,1.532630000000000000e+07
2.006112700000000000e+07,3.930000000000000000e+02,3.930000000000000000e+02,3.600000000000000000e+02,3.700000000000000000e+02,2.415070000000000000e+07
2.006120400000000000e+07,3.740000000000000000e+02,3.770000000000000000e+02,2.725000000000000000e+02,3.730000000000000000e+02,1.435030000000000000e+07
2.006121100000000000e+07,3.727500000000000000e+02,3.820000000000000000e+02,3.662500000000000000e+02,3.800000000000000000e+02,1.195780000000000000e+07
2.006121800000000000e+07,3.790000000000000000e+02,3.810000000000000000e+02,3.740000000000000000e+02,3.780000000000000000e+02,3.865800000000000000e+06
2.006122500000000000e+07,3.780000000000000000e+02,3.845000000000000000e+02,3.762500000000000000e+02,3.820000000000000000e+02,2.122300000000000000e+06
2.007010100000000000e+07,3.820000000000000000e+02,3.940000000000000000e+02,3.746000061035156250e+02,3.850000000000000000e+02,1.296110000000000000e+07
2.007010800000000000e+07,3.877500000000000000e+02,3.892500000000000000e+02,3.700000000000000000e+02,3.830000000000000000e+02,2.068250000000000000e+07
2.007011500000000000e+07,3.830000000000000000e+02,4.035000000000000000e+02,3.762500000000000000e+02,4.015000000000000000e+02,1.406340000000000000e+07
2.007012200000000000e+07,4.017500000000000000e+02,4.017500000000000000e+02,3.855000000000000000e+02,3.920000000000000000e+02,8.903500000000000000e+06
2.007012900000000000e+07,3.897500000000000000e+02,3.977500000000000000e+02,3.820000000000000000e+02,3.970000000000000000e+02,1.234910000000000000e+07
2.007020500000000000e+07,3.947500000000000000e+02,4.207500000000000000e+02,3.947500000000000000e+02,4.172500000000000000e+02,2.188330000000000000e+07
2.007021200000000000e+07,4.127500000000000000e+02,4.267500000000000000e+02,4.127500000000000000e+02,4.210000000000000000e+02,9.832000000000000000e+06
2.007021900000000000e+07,4.250000000000000000e+02,4.250000000000000000e+02,4.070000000000000000e+02,4.130000000000000000e+02,7.718500000000000000e+06
2.007022600000000000e+07,4.170000000000000000e+02,4.192500000000000000e+02,2.762500000000000000e+02,3.740000000000000000e+02,1.898470000000000000e+07
2.007030500000000000e+07,3.620000000000000000e+02,3.837500000000000000e+02,3.580000000000000000e+02,3.777500000000000000e+02,1.834170000000000000e+07
2.007031200000000000e+07,3.780000000000000000e+02,3.870000000000000000e+02,3.666600036621093750e+02,3.835000000000000000e+02,1.092420000000000000e+07
2.007031900000000000e+07,3.870000000000000000e+02,4.070000000000000000e+02,3.802500000000000000e+02,3.970000000000000000e+02,1.710100000000000000e+07
2.007032600000000000e+07,3.937500000000000000e+02,4.000000000000000000e+02,3.810000000000000000e+02,3.840000000000000000e+02,1.080270000000000000e+07
2.007040200000000000e+07,3.807500000000000000e+02,4.180000000000000000e+02,3.797500000000000000e+02,4.140000000000000000e+02,1.628640000000000000e+07
2.007040900000000000e+07,4.140000000000000000e+02,4.175000000000000000e+02,3.955000000000000000e+02,4.045000000000000000e+02,1.134150000000000000e+07
2.007041600000000000e+07,4.100000000000000000e+02,4.105000000000000000e+02,3.977500000000000000e+02,4.032500000000000000e+02,9.015200000000000000e+06
2.007042300000000000e+07,4.070000000000000000e+02,4.075000000000000000e+02,3.970000000000000000e+02,4.022500000000000000e+02,1.894760000000000000e+07
2.007043000000000000e+07,4.022500000000000000e+02,4.320000000000000000e+02,4.000000000000000000e+02,4.270000000000000000e+02,1.073020000000000000e+07
2.007050700000000000e+07,4.270000000000000000e+02,4.275799865722656250e+02,3.972500000000000000e+02,4.115000000000000000e+02,1.715670000000000000e+07
2.007051400000000000e+07,4.160000000000000000e+02,4.312500000000000000e+02,4.155000000000000000e+02,4.185000000000000000e+02,2.303820000000000000e+07
2.007052100000000000e+07,4.185000000000000000e+02,4.280000000000000000e+02,3.982500000000000000e+02,4.075000000000000000e+02,1.952220000000000000e+07
2.007052800000000000e+07,4.075000000000000000e+02,4.267500000000000000e+02,4.015000000000000000e+02,4.177500000000000000e+02,9.796400000000000000e+06
2.007060400000000000e+07,4.195000000000000000e+02,4.195000000000000000e+02,3.892500000000000000e+02,3.950000000000000000e+02,1.274070000000000000e+07
2.007061100000000000e+07,4.010000000000000000e+02,4.090000000000000000e+02,3.862500000000000000e+02,4.040000000000000000e+02,2.001880000000000000e+07
2.007061800000000000e+07,4.012500000000000000e+02,4.297500000000000000e+02,4.012500000000000000e+02,4.127500000000000000e+02,2.921250000000000000e+07
2.007062500000000000e+07,4.107500000000000000e+02,4.130000000000000000e+02,4.005000000000000000e+02,4.042500000000000000e+02,1.079610000000000000e+07
2.007070200000000000e+07,4.030000000000000000e+02,4.160000000000000000e+02,4.000000000000000000e+02,4.105000000000000000e+02,1.242140000000000000e+07
2.007070900000000000e+07,4.095000000000000000e+02,4.260000000000000000e+02,3.990000000000000000e+02,4.180000000000000000e+02,1.259870000000000000e+07
2.007071600000000000e+07,4.155000000000000000e+02,4.380000000000000000e+02,4.100000000000000000e+02,4.232500000000000000e+02,1.327760000000000000e+07
2.007072300000000000e+07,4.260000000000000000e+02,4.305000000000000000e+02,3.972500000000000000e+02,4.057500000000000000e+02,2.118870000000000000e+07
2.007073000000000000e+07,4.122500000000000000e+02,4.290000000000000000e+02,3.972500000000000000e+02,4.140000000000000000e+02,2.138750000000000000e+07
2.007080600000000000e+07,4.120000000000000000e+02,4.397500000000000000e+02,3.950000000000000000e+02,3.980000000000000000e+02,3.694040000000000000e+07
2.007081300000000000e+07,4.037500000000000000e+02,4.097500000000000000e+02,3.732500000000000000e+02,3.820000000000000000e+02,3.212540000000000000e+07
2.007082000000000000e+07,3.820000000000000000e+02,4.027500000000000000e+02,3.772500000000000000e+02,3.885000000000000000e+02,8.406300000000000000e+06
2.007082700000000000e+07,3.885000000000000000e+02,4.142500000000000000e+02,3.807500000000000000e+02,4.067500000000000000e+02,7.542300000000000000e+06
2.007090300000000000e+07,4.110000000000000000e+02,4.230000000000000000e+02,4.000000000000000000e+02,4.082500000000000000e+02,1.321700000000000000e+07
2.007091000000000000e+07,4.050000000000000000e+02,4.220000000000000000e+02,4.022500000000000000e+02,4.097500000000000000e+02,8.380700000000000000e+06
2.007091700000000000e+07,4.052500000000000000e+02,4.345000000000000000e+02,4.050000000000000000e+02,4.337500000000000000e+02,1.269840000000000000e+07
2.007092400000000000e+07,4.290000000000000000e+02,4.592500000000000000e+02,4.222500000000000000e+02,4.547500000000000000e+02,2.530360000000000000e+07
2.007100100000000000e+07,4.462500000000000000e+02,4.895000000000000000e+02,1.615000000000000000e+02,4.800000000000000000e+02,3.389980000000000000e+07
2.007100800000000000e+07,4.770000000000000000e+02,5.045000000000000000e+02,4.660000000000000000e+02,5.010000000000000000e+02,2.826290000000000000e+07
2.007101500000000000e+07,5.045000000000000000e+02,5.180000000000000000e+02,4.852500000000000000e+02,4.852500000000000000e+02,2.899350000000000000e+07
2.007102200000000000e+07,4.770000000000000000e+02,5.100000000000000000e+02,4.677500000000000000e+02,5.065000000000000000e+02,1.411200000000000000e+07
2.007102900000000000e+07,5.130000000000000000e+02,5.185000000000000000e+02,5.000000000000000000e+02,5.090000000000000000e+02,1.404990000000000000e+07
2.007110500000000000e+07,5.010000000000000000e+02,5.100000000000000000e+02,4.522500000000000000e+02,4.660000000000000000e+02,1.061680000000000000e+07
2.007111200000000000e+07,4.590000000000000000e+02,4.837500000000000000e+02,4.552500000000000000e+02,4.820000000000000000e+02,1.925880000000000000e+07
2.007111900000000000e+07,4.850000000000000000e+02,4.927500000000000000e+02,4.712500000000000000e+02,4.850000000000000000e+02,1.494900000000000000e+07
2.007112600000000000e+07,4.885000000000000000e+02,4.917500000000000000e+02,4.407500000000000000e+02,4.750000000000000000e+02,1.717640000000000000e+07
2.007120300000000000e+07,4.725000000000000000e+02,4.815000000000000000e+02,4.627500000000000000e+02,4.772500000000000000e+02,1.200700000000000000e+07
2.007121000000000000e+07,4.722500000000000000e+02,4.940000000000000000e+02,4.670000000000000000e+02,4.887500000000000000e+02,1.063470000000000000e+07
2.007121700000000000e+07,4.812500000000000000e+02,5.250000000000000000e+02,4.680000000000000000e+02,5.185000000000000000e+02,1.486100000000000000e+07
2.007122400000000000e+07,5.140000000000000000e+02,5.340000000000000000e+02,5.140000000000000000e+02,5.280000000000000000e+02,3.492900000000000000e+06
2.007123100000000000e+07,5.240000000000000000e+02,5.440000000000000000e+02,4.852500000000000000e+02,4.930000000000000000e+02,1.568910000000000000e+07
2.008010700000000000e+07,4.905000000000000000e+02,5.045000000000000000e+02,4.617500000000000000e+02,4.752500000000000000e+02,1.795290000000000000e+07
2.008011400000000000e+07,4.772500000000000000e+02,4.805000000000000000e+02,4.512500000000000000e+02,4.662500000000000000e+02,1.050680000000000000e+07
2.008012100000000000e+07,4.572500000000000000e+02,4.762500000000000000e+02,4.235000000000000000e+02,4.645000000000000000e+02,1.265700000000000000e+07
2.008012800000000000e+07,4.565000000000000000e+02,4.965000000000000000e+02,4.457500000000000000e+02,4.885000000000000000e+02,1.185940000000000000e+07
2.008020400000000000e+07,4.900000000000000000e+02,5.330000000000000000e+02,4.742500000000000000e+02,5.150000000000000000e+02,1.323330000000000000e+07
2.008021100000000000e+07,5.060000000000000000e+02,5.200000000000000000e+02,4.962500000000000000e+02,5.010000000000000000e+02,8.674900000000000000e+06
2.008021800000000000e+07,5.080000000000000000e+02,5.250000000000000000e+02,5.030000000000000000e+02,5.035000000000000000e+02,5.416400000000000000e+06
2.008022500000000000e+07,5.035000000000000000e+02,5.075000000000000000e+02,4.800000000000000000e+02,4.960000000000000000e+02,8.733000000000000000e+06
2.008030300000000000e+07,4.895000000000000000e+02,5.000000000000000000e+02,4.435000000000000000e+02,4.577500000000000000e+02,1.686870000000000000e+07
2.008031000000000000e+07,4.530000000000000000e+02,4.705000000000000000e+02,4.450000000000000000e+02,4.495000000000000000e+02,1.073080000000000000e+07
2.008031700000000000e+07,4.360000000000000000e+02,4.472500000000000000e+02,4.155000000000000000e+02,4.220000000000000000e+02,1.389450000000000000e+07
2.008032400000000000e+07,4.220000000000000000e+02,4.375000000000000000e+02,4.210000000000000000e+02,4.330000000000000000e+02,7.120600000000000000e+06
2.008033100000000000e+07,4.330000000000000000e+02,4.662500000000000000e+02,4.275000000000000000e+02,4.532500000000000000e+02,9.631200000000000000e+06
2.008040700000000000e+07,4.545000000000000000e+02,4.602500000000000000e+02,4.262500000000000000e+02,4.292500000000000000e+02,9.076900000000000000e+06
2.008041400000000000e+07,4.282500000000000000e+02,4.370000000000000000e+02,4.190000000000000000e+02,4.360000000000000000e+02,7.468000000000000000e+06
2.008042100000000000e+07,4.372500000000000000e+02,4.432500000000000000e+02,4.252500000000000000e+02,4.347500000000000000e+02,5.222400000000000000e+06
2.008042800000000000e+07,4.330000000000000000e+02,7.105000000000000000e+02,4.300000000000000000e+02,4.567500000000000000e+02,8.770800000000000000e+06
2.008050500000000000e+07,4.567500000000000000e+02,4.687500000000000000e+02,4.300000000000000000e+02,4.680000000000000000e+02,9.928700000000000000e+06
2.008051200000000000e+07,4.662500000000000000e+02,4.987500000000000000e+02,4.457529907226562500e+02,4.755000000000000000e+02,1.186990000000000000e+07
2.008051900000000000e+07,4.797500000000000000e+02,4.832500000000000000e+02,4.605000000000000000e+02,4.702500000000000000e+02,9.904400000000000000e+06
2.008052600000000000e+07,4.702500000000000000e+02,4.765000000000000000e+02,4.647500000000000000e+02,4.715000000000000000e+02,4.979500000000000000e+06
2.008060200000000000e+07,4.732500000000000000e+02,4.927500000000000000e+02,4.582500000000000000e+02,4.847500000000000000e+02,8.360400000000000000e+06
2.008060900000000000e+07,4.855000000000000000e+02,4.942500000000000000e+02,4.700000000000000000e+02,4.767500000000000000e+02,1.316090000000000000e+07
2.008061600000000000e+07,4.770000000000000000e+02,4.857500000000000000e+02,4.630000000000000000e+02,4.727500000000000000e+02,9.010900000000000000e+06
2.008062300000000000e+07,4.742500000000000000e+02,5.300000000000000000e+02,4.742500000000000000e+02,5.115000000000000000e+02,1.575310000000000000e+07
2.008063000000000000e+07,5.090000000000000000e+02,5.265000000000000000e+02,4.895000000000000000e+02,4.950000000000000000e+02,1.024970000000000000e+07
2.008070700000000000e+07,5.000000000000000000e+02,5.602399902343750000e+02,4.920000000000000000e+02,4.975000000000000000e+02,1.607150000000000000e+07
2.008071400000000000e+07,5.000000000000000000e+02,5.125000000000000000e+02,4.687500000000000000e+02,5.125000000000000000e+02,1.270850000000000000e+07
2.008072100000000000e+07,4.600000000000000000e+02,4.890000000000000000e+02,4.370000000000000000e+02,4.675000000000000000e+02,1.695910000000000000e+07
2.008072800000000000e+07,4.765000000000000000e+02,4.865000000000000000e+02,4.620000000000000000e+02,4.785000000000000000e+02,1.147810000000000000e+07
2.008080400000000000e+07,4.850000000000000000e+02,4.930000000000000000e+02,4.642500000000000000e+02,4.840000000000000000e+02,1.014900000000000000e+07
2.008081100000000000e+07,4.875000000000000000e+02,4.897500000000000000e+02,4.665000000000000000e+02,4.840000000000000000e+02,7.567900000000000000e+06
2.008081800000000000e+07,4.792500000000000000e+02,5.055000000000000000e+02,4.772500000000000000e+02,5.005000000000000000e+02,8.651300000000000000e+06
2.008082500000000000e+07,5.005000000000000000e+02,5.120000000000000000e+02,4.860000000000000000e+02,5.120000000000000000e+02,4.987500000000000000e+06
2.008090100000000000e+07,5.100000000000000000e+02,5.390000000000000000e+02,5.000000000000000000e+02,5.175000000000000000e+02,1.159080000000000000e+07
2.008090800000000000e+07,5.345000000000000000e+02,5.485000000000000000e+02,5.195000000000000000e+02,5.460000000000000000e+02,8.433500000000000000e+06
2.008091500000000000e+07,5.400000000000000000e+02,5.850000000000000000e+02,4.550000000000000000e+02,5.850000000000000000e+02,3.530630000000000000e+07
2.008092200000000000e+07,5.600000000000000000e+02,5.850000000000000000e+02,4.870000000000000000e+02,4.870000000000000000e+02,1.788010000000000000e+07
2.008092900000000000e+07,4.830000000000000000e+02,4.930000000000000000e+02,4.412500000000000000e+02,4.437500000000000000e+02,1.544920000000000000e+07
2.008100600000000000e+07,4.330000000000000000e+02,4.400000000000000000e+02,3.000000000000000000e+02,3.302500000000000000e+02,2.228130000000000000e+07
2.008101300000000000e+07,3.530000000000000000e+02,4.045000000000000000e+02,3.415000000000000000e+02,3.972500000000000000e+02,1.787600000000000000e+07
2.008102000000000000e+07,3.935000000000000000e+02,4.182500000000000000e+02,3.715000000000000000e+02,3.955000000000000000e+02,1.373960000000000000e+07
2.008102700000000000e+07,3.810000000000000000e+02,4.277500000000000000e+02,3.510000000000000000e+02,4.210000000000000000e+02,1.187740000000000000e+07
2.008110300000000000e+07,4.320000000000000000e+02,4.325000000000000000e+02,3.917500000000000000e+02,3.947500000000000000e+02,1.136750000000000000e+07
2.008111000000000000e+07,4.100000000000000000e+02,4.567500000000000000e+02,3.832500000000000000e+02,3.875000000000000000e+02,1.328500000000000000e+07
2.008111700000000000e+07,3.855000000000000000e+02,4.012500000000000000e+02,3.620000000000000000e+02,3.807500000000000000e+02,8.858500000000000000e+06
2.008112400000000000e+07,3.852500000000000000e+02,4.360000000000000000e+02,3.827500000000000000e+02,4.342500000000000000e+02,7.888300000000000000e+06
2.008120100000000000e+07,4.305000000000000000e+02,4.587500000000000000e+02,4.177500000000000000e+02,4.535000000000000000e+02,1.102160000000000000e+07
2.008120800000000000e+07,4.680000000000000000e+02,4.852500000000000000e+02,4.470000000000000000e+02,4.500000000000000000e+02,9.661400000000000000e+06
2.008121500000000000e+07,4.570000000000000000e+02,4.645000000000000000e+02,4.375000000000000000e+02,4.482500000000000000e+02,1.039510000000000000e+07
2.008122200000000000e+07,4.482500000000000000e+02,4.570000000000000000e+02,4.395000000000000000e+02,4.492500000000000000e+02,1.347900000000000000e+06
2.008122900000000000e+07,4.465000000000000000e+02,4.725000000000000000e+02,4.410000000000000000e+02,4.540000000000000000e+02,1.681600000000000000e+06
2.009010500000000000e+07,4.627500000000000000e+02,4.627500000000000000e+02,4.115000000000000000e+02,4.142500000000000000e+02,1.094050000000000000e+07
2.009011200000000000e+07,4.140000000000000000e+02,4.247500000000000000e+02,3.782500000000000000e+02,4.155000000000000000e+02,1.057560000000000000e+07
2.009011900000000000e+07,4.215000000000000000e+02,4.287500000000000000e+02,3.885000000000000000e+02,3.952500000000000000e+02,1.103030000000000000e+07
2.009012600000000000e+07,3.915000000000000000e+02,4.145000000000000000e+02,3.832500000000000000e+02,4.107500000000000000e+02,5.638700000000000000e+06
2.009020200000000000e+07,4.032500000000000000e+02,4.167500000000000000e+02,3.917500000000000000e+02,4.047500000000000000e+02,1.825800000000000000e+06
2.009020900000000000e+07,4.065000000000000000e+02,4.387500000000000000e+02,3.965000000000000000e+02,4.077500000000000000e+02,1.140310000000000000e+07
2.009021600000000000e+07,4.067500000000000000e+02,4.205000000000000000e+02,3.987500000000000000e+02,4.120000000000000000e+02,7.927500000000000000e+06
2.009022300000000000e+07,4.132500000000000000e+02,4.320000000000000000e+02,3.110000000000000000e+02,4.317500000000000000e+02,1.551340000000000000e+07
2.009030200000000000e+07,4.285000000000000000e+02,4.490000000000000000e+02,4.070000000000000000e+02,4.230000000000000000e+02,1.078370000000000000e+07
2.009030900000000000e+07,4.252500000000000000e+02,4.820000000000000000e+02,4.130000000000000000e+02,4.517500000000000000e+02,1.181530000000000000e+07
2.009031600000000000e+07,4.570000000000000000e+02,4.832500000000000000e+02,4.500000000000000000e+02,4.670000000000000000e+02,1.367470000000000000e+07
2.009032300000000000e+07,4.750000000000000000e+02,4.937500000000000000e+02,4.585000000000000000e+02,4.752500000000000000e+02,7.219900000000000000e+06
2.009033000000000000e+07,4.720000000000000000e+02,5.065000000000000000e+02,4.672500000000000000e+02,4.840000000000000000e+02,1.127830000000000000e+07
2.009040600000000000e+07,4.900000000000000000e+02,5.100000000000000000e+02,4.720000000000000000e+02,5.040000000000000000e+02,6.775100000000000000e+06
2.009041300000000000e+07,5.040000000000000000e+02,5.040000000000000000e+02,4.575000000000000000e+02,4.810000000000000000e+02,8.064200000000000000e+06
2.009042000000000000e+07,4.785000000000000000e+02,4.805000000000000000e+02,4.525000000000000000e+02,4.795000000000000000e+02,7.862000000000000000e+06
2.009042700000000000e+07,4.775000000000000000e+02,4.965000000000000000e+02,4.660000000000000000e+02,4.912500000000000000e+02,4.603700000000000000e+06
2.009050400000000000e+07,4.912500000000000000e+02,5.865000000000000000e+02,4.857500000000000000e+02,5.810000000000000000e+02,1.232690000000000000e+07
2.009051100000000000e+07,5.810000000000000000e+02,6.140000000000000000e+02,4.890000000000000000e+02,5.115000000000000000e+02,1.748990000000000000e+07
2.009051800000000000e+07,5.040000000000000000e+02,5.295000000000000000e+02,5.010000000000000000e+02,5.050000000000000000e+02,6.898400000000000000e+06
2.009052500000000000e+07,5.050000000000000000e+02,5.270000000000000000e+02,5.025000000000000000e+02,5.130000000000000000e+02,4.710600000000000000e+06
2.009060100000000000e+07,5.220000000000000000e+02,5.350000000000000000e+02,5.095000000000000000e+02,5.235000000000000000e+02,4.766900000000000000e+06
2.009060800000000000e+07,5.210000000000000000e+02,5.410000000000000000e+02,5.125000000000000000e+02,5.350000000000000000e+02,4.729500000000000000e+06
2.009061500000000000e+07,5.305000000000000000e+02,5.475000000000000000e+02,5.115000000000000000e+02,5.360000000000000000e+02,6.522900000000000000e+06
2.009062200000000000e+07,5.450000000000000000e+02,5.505000000000000000e+02,5.195000000000000000e+02,5.390000000000000000e+02,5.671800000000000000e+06
2.009062900000000000e+07,5.360000000000000000e+02,5.550000000000000000e+02,5.360000000000000000e+02,5.430000000000000000e+02,4.680500000000000000e+06
2.009070600000000000e+07,5.365000000000000000e+02,5.495000000000000000e+02,5.290000000000000000e+02,5.370000000000000000e+02,4.254000000000000000e+06
2.009071300000000000e+07,5.340000000000000000e+02,5.625000000000000000e+02,5.330000000000000000e+02,5.395000000000000000e+02,5.754900000000000000e+06
2.009072000000000000e+07,5.430000000000000000e+02,5.590000000000000000e+02,5.350000000000000000e+02,5.505000000000000000e+02,4.218000000000000000e+06
2.009072700000000000e+07,5.550000000000000000e+02,5.655540161132812500e+02,5.430000000000000000e+02,5.540000000000000000e+02,4.309000000000000000e+06
2.009080300000000000e+07,5.555000000000000000e+02,5.560000000000000000e+02,5.299920043945312500e+02,5.475000000000000000e+02,7.198300000000000000e+06
2.009081000000000000e+07,5.445000000000000000e+02,5.555000000000000000e+02,5.155000000000000000e+02,5.190000000000000000e+02,8.330100000000000000e+06
2.009081700000000000e+07,5.200000000000000000e+02,5.230000000000000000e+02,4.910000000000000000e+02,5.150000000000000000e+02,8.454200000000000000e+06
2.009082400000000000e+07,5.145000000000000000e+02,5.320000000000000000e+02,5.095000000000000000e+02,5.210000000000000000e+02,6.723700000000000000e+06
2.009083100000000000e+07,5.210000000000000000e+02,5.300250244140625000e+02,5.030000000000000000e+02,5.270000000000000000e+02,6.858600000000000000e+06
2.009090700000000000e+07,5.265000000000000000e+02,5.500000000000000000e+02,5.230000000000000000e+02,5.490000000000000000e+02,7.634100000000000000e+06
2.009091400000000000e+07,5.460000000000000000e+02,5.625000000000000000e+02,5.425000000000000000e+02,5.445000000000000000e+02,7.907200000000000000e+06
2.009092100000000000e+07,5.430000000000000000e+02,5.785000000000000000e+02,5.410000000000000000e+02,5.510000000000000000e+02,8.502900000000000000e+06
2.009092800000000000e+07,5.540000000000000000e+02,5.605000000000000000e+02,5.260000000000000000e+02,5.310000000000000000e+02,5.608300000000000000e+06
2.009100500000000000e+07,5.300000000000000000e+02,5.455000000000000000e+02,5.285000000000000000e+02,5.315000000000000000e+02,4.054100000000000000e+06
2.009101200000000000e+07,5.320000000000000000e+02,5.527000122070312500e+02,5.285000000000000000e+02,5.420000000000000000e+02,4.536200000000000000e+06
2.009101900000000000e+07,5.435000000000000000e+02,6.000000000000000000e+02,5.410000000000000000e+02,5.775000000000000000e+02,6.622400000000000000e+06
2.009102600000000000e+07,5.830000000000000000e+02,5.870000000000000000e+02,5.540000000000000000e+02,5.600000000000000000e+02,6.945500000000000000e+06
2.009110200000000000e+07,5.580000000000000000e+02,6.045000000000000000e+02,5.520000000000000000e+02,5.945000000000000000e+02,6.095400000000000000e+06
2.009110900000000000e+07,6.020000000000000000e+02,6.630000000000000000e+02,5.985000000000000000e+02,6.490000000000000000e+02,1.821600000000000000e+07
2.009111600000000000e+07,6.570000000000000000e+02,6.820000000000000000e+02,6.320000000000000000e+02,6.415000000000000000e+02,1.220170000000000000e+07
2.009112300000000000e+07,6.455000000000000000e+02,6.705000000000000000e+02,6.305000000000000000e+02,6.350000000000000000e+02,1.195770000000000000e+07
2.009113000000000000e+07,6.350000000000000000e+02,6.645000000000000000e+02,6.295000000000000000e+02,6.580000000000000000e+02,3.037660000000000000e+07
2.009120700000000000e+07,6.610000000000000000e+02,6.690000000000000000e+02,6.435000000000000000e+02,6.590000000000000000e+02,5.520300000000000000e+06
2.009121400000000000e+07,6.615000000000000000e+02,6.695000000000000000e+02,6.485000000000000000e+02,6.625000000000000000e+02,4.811700000000000000e+06
2.009122100000000000e+07,6.680000000000000000e+02,6.940000000000000000e+02,6.635000000000000000e+02,6.900000000000000000e+02,2.492000000000000000e+06
2.010010400000000000e+07,6.955000000000000000e+02,7.175000000000000000e+02,6.735000000000000000e+02,6.820000000000000000e+02,6.257800000000000000e+06
2.010011100000000000e+07,6.835000000000000000e+02,6.900000000000000000e+02,6.745000000000000000e+02,6.820000000000000000e+02,5.850500000000000000e+06
2.010011800000000000e+07,6.760000000000000000e+02,6.865000000000000000e+02,6.630000000000000000e+02,6.685000000000000000e+02,5.895400000000000000e+06
2.010012500000000000e+07,6.650000000000000000e+02,6.865000000000000000e+02,6.580000000000000000e+02,6.830000000000000000e+02,7.001500000000000000e+06
2.010020100000000000e+07,6.805000000000000000e+02,7.600000000000000000e+02,6.775000000000000000e+02,7.075000000000000000e+02,9.351300000000000000e+06
2.010020800000000000e+07,7.080000000000000000e+02,7.315000000000000000e+02,7.075000000000000000e+02,7.175000000000000000e+02,7.185900000000000000e+06
2.010021500000000000e+07,7.200000000000000000e+02,7.305000000000000000e+02,7.065000000000000000e+02,7.300000000000000000e+02,8.882300000000000000e+06
2.010022200000000000e+07,7.325000000000000000e+02,7.485000000000000000e+02,7.100000000000000000e+02,7.330000000000000000e+02,9.262800000000000000e+06
2.010030100000000000e+07,7.370000000000000000e+02,7.695000000000000000e+02,7.325000000000000000e+02,7.635000000000000000e+02,5.285300000000000000e+06
2.010030800000000000e+07,7.740000000000000000e+02,7.930000000000000000e+02,7.450000000000000000e+02,7.915000000000000000e+02,7.298800000000000000e+06
2.010031500000000000e+07,7.860000000000000000e+02,7.915000000000000000e+02,7.645000000000000000e+02,7.715000000000000000e+02,5.184200000000000000e+06
2.010032200000000000e+07,7.705000000000000000e+02,7.990000000000000000e+02,7.600000000000000000e+02,7.940000000000000000e+02,3.543700000000000000e+06
2.010032900000000000e+07,7.990000000000000000e+02,8.075000000000000000e+02,7.455000000000000000e+02,7.600000000000000000e+02,5.269900000000000000e+06
2.010040500000000000e+07,7.600000000000000000e+02,7.715000000000000000e+02,7.425000000000000000e+02,7.600000000000000000e+02,3.361300000000000000e+06
2.010041200000000000e+07,7.625000000000000000e+02,7.680000000000000000e+02,7.520000000000000000e+02,7.540000000000000000e+02,4.431200000000000000e+06
2.010041900000000000e+07,7.540000000000000000e+02,7.900000000000000000e+02,7.480000000000000000e+02,7.860000000000000000e+02,4.107300000000000000e+06
2.010042600000000000e+07,7.940000000000000000e+02,7.980000000000000000e+02,7.370000000000000000e+02,7.635000000000000000e+02,5.101300000000000000e+06
2.010050300000000000e+07,7.635000000000000000e+02,7.775000000000000000e+02,7.095000000000000000e+02,7.215000000000000000e+02,6.899600000000000000e+06
2.010051000000000000e+07,7.180000000000000000e+02,8.005000000000000000e+02,7.180000000000000000e+02,7.720000000000000000e+02,7.652900000000000000e+06
2.010051700000000000e+07,7.705000000000000000e+02,7.815000000000000000e+02,7.050000000000000000e+02,7.185000000000000000e+02,6.958100000000000000e+06
2.010052400000000000e+07,7.225000000000000000e+02,7.610000000000000000e+02,7.030000000000000000e+02,7.555000000000000000e+02,5.569100000000000000e+06
2.010053100000000000e+07,7.555000000000000000e+02,8.010000000000000000e+02,7.380000000000000000e+02,7.880000000000000000e+02,4.421700000000000000e+06
2.010060700000000000e+07,7.825000000000000000e+02,8.220000000000000000e+02,7.745000000000000000e+02,8.180000000000000000e+02,5.146500000000000000e+06
2.010061400000000000e+07,8.215000000000000000e+02,8.310000000000000000e+02,7.360000000000000000e+02,7.550000000000000000e+02,8.825200000000000000e+06
2.010062100000000000e+07,7.630000000000000000e+02,7.670000000000000000e+02,7.425000000000000000e+02,7.480000000000000000e+02,3.408000000000000000e+06
2.010062800000000000e+07,7.490000000000000000e+02,7.525000000000000000e+02,7.000000000000000000e+02,7.040000000000000000e+02,4.668900000000000000e+06
2.010070500000000000e+07,7.040000000000000000e+02,7.435000000000000000e+02,7.015000000000000000e+02,7.350000000000000000e+02,4.282800000000000000e+06
2.010071200000000000e+07,7.320000000000000000e+02,7.520000000000000000e+02,7.190000000000000000e+02,7.200000000000000000e+02,3.824600000000000000e+06
2.010071900000000000e+07,7.195000000000000000e+02,7.455000000000000000e+02,7.040000000000000000e+02,7.425000000000000000e+02,5.296300000000000000e+06
2.010072600000000000e+07,7.475000000000000000e+02,7.685000000000000000e+02,7.370000000000000000e+02,7.370000000000000000e+02,3.758200000000000000e+06
2.010080200000000000e+07,7.425000000000000000e+02,7.610000000000000000e+02,6.945000000000000000e+02,7.415000000000000000e+02,7.010700000000000000e+06
2.010080900000000000e+07,7.450000000000000000e+02,7.480000000000000000e+02,6.805000000000000000e+02,6.885000000000000000e+02,5.133800000000000000e+06
2.010081600000000000e+07,6.920000000000000000e+02,7.500000000000000000e+02,6.665000000000000000e+02,6.700000000000000000e+02,7.500600000000000000e+06
2.010082300000000000e+07,6.740000000000000000e+02,6.825000000000000000e+02,6.435000000000000000e+02,6.755000000000000000e+02,5.163400000000000000e+06
2.010083000000000000e+07,6.755000000000000000e+02,7.005000000000000000e+02,6.560000000000000000e+02,6.925000000000000000e+02,4.204100000000000000e+06
2.010090600000000000e+07,6.955000000000000000e+02,7.180000000000000000e+02,6.845000000000000000e+02,7.130000000000000000e+02,3.437300000000000000e+06
2.010091300000000000e+07,7.145000000000000000e+02,7.300000000000000000e+02,7.015000000000000000e+02,7.055000000000000000e+02,4.142500000000000000e+06
2.010092000000000000e+07,7.120000000000000000e+02,7.185000000000000000e+02,6.820000000000000000e+02,7.030000000000000000e+02,3.764500000000000000e+06
2.010092700000000000e+07,7.055000000000000000e+02,7.080000000000000000e+02,6.610000000000000000e+02,6.685000000000000000e+02,5.870200000000000000e+06
2.010100400000000000e+07,6.675000000000000000e+02,6.775000000000000000e+02,6.100000000000000000e+02,6.305000000000000000e+02,3.113320000000000000e+07
2.010101100000000000e+07,6.435000000000000000e+02,6.505000000000000000e+02,6.145000000000000000e+02,6.200000000000000000e+02,9.210000000000000000e+06
2.010101800000000000e+07,6.200000000000000000e+02,6.265000000000000000e+02,6.035000000000000000e+02,6.260000000000000000e+02,1.044460000000000000e+07
2.010102500000000000e+07,6.270000000000000000e+02,6.605000000000000000e+02,6.220000000000000000e+02,6.520000000000000000e+02,1.042050000000000000e+07
2.010110100000000000e+07,6.585000000000000000e+02,6.765000000000000000e+02,6.500000000000000000e+02,6.750000000000000000e+02,6.603600000000000000e+06
2.010110800000000000e+07,6.745000000000000000e+02,7.125000000000000000e+02,6.640000000000000000e+02,6.760000000000000000e+02,1.228920000000000000e+07
2.010111500000000000e+07,6.725000000000000000e+02,7.000000000000000000e+02,6.645000000000000000e+02,6.910000000000000000e+02,7.481200000000000000e+06
2.010112200000000000e+07,6.945000000000000000e+02,6.945000000000000000e+02,6.600000000000000000e+02,6.765000000000000000e+02,7.400300000000000000e+06
2.010112900000000000e+07,6.770000000000000000e+02,6.775000000000000000e+02,6.385000000000000000e+02,6.530000000000000000e+02,6.329900000000000000e+06
2.010120600000000000e+07,6.535000000000000000e+02,6.815000000000000000e+02,6.530000000000000000e+02,6.805000000000000000e+02,5.516700000000000000e+06
2.010121300000000000e+07,6.820000000000000000e+02,6.880000000000000000e+02,6.705000000000000000e+02,6.850000000000000000e+02,4.012200000000000000e+06
2.010122000000000000e+07,6.885000000000000000e+02,6.950000000000000000e+02,6.780000000000000000e+02,6.855000000000000000e+02,1.693900000000000000e+06
2.010122700000000000e+07,6.855000000000000000e+02,6.890000000000000000e+02,6.665000000000000000e+02,6.740000000000000000e+02,2.015900000000000000e+06
2.011011000000000000e+07,6.680000000000000000e+02,6.745000000000000000e+02,6.345000000000000000e+02,6.385000000000000000e+02,5.260000000000000000e+06
2.011011700000000000e+07,6.400000000000000000e+02,6.505000000000000000e+02,6.180000000000000000e+02,6.265000000000000000e+02,4.835500000000000000e+06
2.011012400000000000e+07,6.270000000000000000e+02,7.020000000000000000e+02,6.200000000000000000e+02,6.815000000000000000e+02,1.260210000000000000e+07
2.011013100000000000e+07,6.785000000000000000e+02,6.905000000000000000e+02,6.710000000000000000e+02,6.900000000000000000e+02,7.933400000000000000e+06
2.011020700000000000e+07,6.905000000000000000e+02,7.235000000000000000e+02,6.800000000000000000e+02,7.155000000000000000e+02,2.788460000000000000e+07
2.011021400000000000e+07,7.140000000000000000e+02,7.245000000000000000e+02,6.815000000000000000e+02,6.920000000000000000e+02,8.293600000000000000e+06
2.011022100000000000e+07,6.920000000000000000e+02,6.940399780273437500e+02,6.520000000000000000e+02,6.700000000000000000e+02,8.397500000000000000e+06
2.011022800000000000e+07,6.680000000000000000e+02,6.955000000000000000e+02,6.635000000000000000e+02,6.845000000000000000e+02,8.123800000000000000e+06
2.011030700000000000e+07,6.080000000000000000e+02,6.190000000000000000e+02,5.856099853515625000e+02,5.905000000000000000e+02,2.207040000000000000e+07
2.011031400000000000e+07,5.910000000000000000e+02,5.910000000000000000e+02,5.625000000000000000e+02,5.770000000000000000e+02,1.109310000000000000e+07
2.011032100000000000e+07,5.780000000000000000e+02,6.115000000000000000e+02,5.625000000000000000e+02,6.035000000000000000e+02,8.789000000000000000e+06
2.011032800000000000e+07,6.045000000000000000e+02,6.280000000000000000e+02,5.980000000000000000e+02,6.270000000000000000e+02,8.499600000000000000e+06
2.011040400000000000e+07,6.270000000000000000e+02,6.355000000000000000e+02,6.165000000000000000e+02,6.195000000000000000e+02,7.880600000000000000e+06
2.011041100000000000e+07,6.175000000000000000e+02,6.200000000000000000e+02,6.055000000000000000e+02,6.165000000000000000e+02,5.738100000000000000e+06
2.011041800000000000e+07,6.160000000000000000e+02,6.230000000000000000e+02,5.960000000000000000e+02,6.080000000000000000e+02,7.157000000000000000e+06
2.011050900000000000e+07,5.950000000000000000e+02,6.300000000000000000e+02,5.950000000000000000e+02,6.185000000000000000e+02,1.403510000000000000e+07
2.011051600000000000e+07,6.170000000000000000e+02,6.240050048828125000e+02,6.060000000000000000e+02,6.105000000000000000e+02,5.616400000000000000e+06
2.011052300000000000e+07,6.040000000000000000e+02,6.120000000000000000e+02,5.945000000000000000e+02,6.025000000000000000e+02,4.378900000000000000e+06
2.011060600000000000e+07,5.895000000000000000e+02,6.075000000000000000e+02,5.855000000000000000e+02,5.910000000000000000e+02,6.483300000000000000e+06
2.011061300000000000e+07,5.910000000000000000e+02,5.990000000000000000e+02,5.630000000000000000e+02,5.645000000000000000e+02,8.097300000000000000e+06
2.011062000000000000e+07,5.780000000000000000e+02,6.105000000000000000e+02,5.495000000000000000e+02,5.525000000000000000e+02,1.207520000000000000e+07
2.011062700000000000e+07,5.475000000000000000e+02,5.615000000000000000e+02,5.390000000000000000e+02,5.590000000000000000e+02,9.381800000000000000e+06
2.011070400000000000e+07,5.570000000000000000e+02,5.770000000000000000e+02,5.570000000000000000e+02,5.705000000000000000e+02,5.787900000000000000e+06
2.011071100000000000e+07,5.695000000000000000e+02,5.715000000000000000e+02,5.330000000000000000e+02,5.350000000000000000e+02,5.964500000000000000e+06
2.011071800000000000e+07,5.365000000000000000e+02,5.365000000000000000e+02,5.110000000000000000e+02,5.290000000000000000e+02,1.019830000000000000e+07
2.011072500000000000e+07,5.260000000000000000e+02,5.605000000000000000e+02,5.105000000000000000e+02,5.400000000000000000e+02,1.777690000000000000e+07
2.011080100000000000e+07,5.400000000000000000e+02,5.455000000000000000e+02,2.875000000000000000e+02,4.026999999999999886e+02,4.023280000000000000e+07
2.011080800000000000e+07,3.978999999999999773e+02,4.410000000000000000e+02,3.779259948730468750e+02,4.410000000000000000e+02,2.357800000000000000e+07
2.011081500000000000e+07,4.483999999999999773e+02,4.550520019531250000e+02,4.183999938964843750e+02,4.266999999999999886e+02,1.329170000000000000e+07
2.011082200000000000e+07,4.258000000000000114e+02,4.610000000000000000e+02,4.240000000000000000e+02,4.510000000000000000e+02,7.331700000000000000e+06
2.011090500000000000e+07,4.701000000000000227e+02,4.772999877929687500e+02,1.783999938964843750e+02,4.696999999999999886e+02,8.977000000000000000e+06
2.011091200000000000e+07,4.613000000000000114e+02,5.400000000000000000e+02,4.577000122070312500e+02,5.325000000000000000e+02,2.322210000000000000e+07
2.011091900000000000e+07,5.210000000000000000e+02,5.215000000000000000e+02,4.536000061035156250e+02,4.778000000000000114e+02,1.738420000000000000e+07
2.011092600000000000e+07,4.663999999999999773e+02,5.100000000000000000e+02,4.663999938964843750e+02,4.916000000000000227e+02,1.081390000000000000e+07
2.011100300000000000e+07,4.933000000000000114e+02,4.935000000000000000e+02,4.435000000000000000e+02,4.616000000000000227e+02,1.226530000000000000e+07
2.011101000000000000e+07,4.640000000000000000e+02,4.865000000000000000e+02,4.607999877929687500e+02,4.728999999999999773e+02,6.496800000000000000e+06
2.011101700000000000e+07,4.765000000000000000e+02,4.841000061035156250e+02,4.457999877929687500e+02,4.801999999999999886e+02,8.888600000000000000e+06
2.011102400000000000e+07,4.800000000000000000e+02,4.926000061035156250e+02,4.702999877929687500e+02,4.841999999999999886e+02,7.921500000000000000e+06
2.011103100000000000e+07,4.833000000000000114e+02,4.852000122070312500e+02,4.396000061035156250e+02,4.631000000000000227e+02,1.053340000000000000e+07
2.011110700000000000e+07,4.626999999999999886e+02,4.710000000000000000e+02,4.435000000000000000e+02,4.686999999999999886e+02,6.800400000000000000e+06
2.011111400000000000e+07,4.690000000000000000e+02,4.707000122070312500e+02,4.195000000000000000e+02,4.195000000000000000e+02,1.029550000000000000e+07
2.011112100000000000e+07,4.173999999999999773e+02,4.173999938964843750e+02,3.856000061035156250e+02,4.033000000000000114e+02,9.854800000000000000e+06
2.011112800000000000e+07,4.071999999999999886e+02,4.410000000000000000e+02,4.056000061035156250e+02,4.381999999999999886e+02,8.544600000000000000e+06
2.011120500000000000e+07,4.411000000000000227e+02,4.451000061035156250e+02,4.177000122070312500e+02,4.233999999999999773e+02,9.692500000000000000e+06
2.011121200000000000e+07,4.175000000000000000e+02,4.175000000000000000e+02,3.937999877929687500e+02,3.968000000000000114e+02,2.534320000000000000e+07
2.011121900000000000e+07,3.953000000000000114e+02,4.087999877929687500e+02,3.920000000000000000e+02,4.088000000000000114e+02,6.512100000000000000e+06
2.011122600000000000e+07,4.088000000000000114e+02,4.127000122070312500e+02,4.002999877929687500e+02,4.046999999999999886e+02,1.777200000000000000e+06
2.012010200000000000e+07,4.046999999999999886e+02,4.231000061035156250e+02,4.047000122070312500e+02,4.226000000000000227e+02,6.397900000000000000e+06
2.012010900000000000e+07,4.231999999999999886e+02,4.321000061035156250e+02,4.157000122070312500e+02,4.200000000000000000e+02,5.491000000000000000e+06
2.012011600000000000e+07,4.190000000000000000e+02,4.190000000000000000e+02,3.616809997558593750e+02,4.036000000000000227e+02,1.187130000000000000e+07
2.012012300000000000e+07,4.038999999999999773e+02,4.172999877929687500e+02,4.002000122070312500e+02,4.020000000000000000e+02,7.333400000000000000e+06
2.012013000000000000e+07,3.986000000000000227e+02,4.232000122070312500e+02,3.962000122070312500e+02,4.226000000000000227e+02,9.522700000000000000e+06
2.012020600000000000e+07,4.230000000000000000e+02,4.797999877929687500e+02,4.200000000000000000e+02,4.586000000000000227e+02,1.823460000000000000e+07
2.012021300000000000e+07,4.596999999999999886e+02,4.863999938964843750e+02,4.152000122070312500e+02,4.826000000000000227e+02,9.895400000000000000e+06
2.012022000000000000e+07,4.781999999999999886e+02,4.900000000000000000e+02,4.691000061035156250e+02,4.800000000000000000e+02,9.001700000000000000e+06
2.012022700000000000e+07,4.776000000000000227e+02,4.840000000000000000e+02,4.717000122070312500e+02,4.808999999999999773e+02,6.254100000000000000e+06
2.012030500000000000e+07,4.790000000000000000e+02,5.075000000000000000e+02,4.245000000000000000e+02,4.891999999999999886e+02,1.980660000000000000e+07
2.012031200000000000e+07,4.876000000000000227e+02,4.892000122070312500e+02,4.515000000000000000e+02,4.738000000000000114e+02,1.303080000000000000e+07
2.012031900000000000e+07,4.736999999999999886e+02,4.742999877929687500e+02,4.538999938964843750e+02,4.718999999999999773e+02,1.202340000000000000e+07
2.012032600000000000e+07,4.721000000000000227e+02,4.772999877929687500e+02,4.518999938964843750e+02,4.603000000000000114e+02,7.463600000000000000e+06
2.012040200000000000e+07,4.625000000000000000e+02,4.705000000000000000e+02,4.292000122070312500e+02,4.376000000000000227e+02,7.046300000000000000e+06
2.012040900000000000e+07,4.376000000000000227e+02,4.432999877929687500e+02,4.206000061035156250e+02,4.221999999999999886e+02,8.487500000000000000e+06
2.012041600000000000e+07,4.226000000000000227e+02,4.492999877929687500e+02,4.200000000000000000e+02,4.403999999999999773e+02,8.629800000000000000e+06
2.012042300000000000e+07,4.353000000000000114e+02,4.460000000000000000e+02,4.258999938964843750e+02,4.435000000000000000e+02,6.740500000000000000e+06
2.012043000000000000e+07,4.458000000000000114e+02,4.688999938964843750e+02,4.373999938964843750e+02,4.525000000000000000e+02,5.808800000000000000e+06
2.012050700000000000e+07,4.525000000000000000e+02,4.748999938964843750e+02,4.447999877929687500e+02,4.471999999999999886e+02,9.322000000000000000e+06
2.012051400000000000e+07,4.450000000000000000e+02,4.450000000000000000e+02,3.888999938964843750e+02,3.908000000000000114e+02,7.942100000000000000e+06
2.012052100000000000e+07,3.888999999999999773e+02,4.051000061035156250e+02,3.887999877929687500e+02,4.005000000000000000e+02,7.504900000000000000e+06
2.012052800000000000e+07,4.078999999999999773e+02,4.402999877929687500e+02,4.078999938964843750e+02,4.360000000000000000e+02,1.274120000000000000e+07
2.012060400000000000e+07,4.360000000000000000e+02,4.663999938964843750e+02,4.350000000000000000e+02,4.661000000000000227e+02,9.059100000000000000e+06
2.012061100000000000e+07,4.720000000000000000e+02,4.832000122070312500e+02,4.568999938964843750e+02,4.763000000000000114e+02,1.303630000000000000e+07
2.012061800000000000e+07,4.775000000000000000e+02,4.900700073242187500e+02,4.687500000000000000e+02,4.791000000000000227e+02,8.174100000000000000e+06
2.012062500000000000e+07,4.771999999999999886e+02,5.015000000000000000e+02,4.637000122070312500e+02,4.915000000000000000e+02,6.749400000000000000e+06
2.012070200000000000e+07,4.923000000000000114e+02,5.005000000000000000e+02,4.813999938964843750e+02,4.818999999999999773e+02,5.707900000000000000e+06
2.012070900000000000e+07,4.820000000000000000e+02,4.868999938964843750e+02,4.773999938964843750e+02,4.783999999999999773e+02,5.998000000000000000e+06
2.012071600000000000e+07,4.785000000000000000e+02,4.946000061035156250e+02,4.691000061035156250e+02,4.813000000000000114e+02,6.150800000000000000e+06
2.012072300000000000e+07,4.701999999999999886e+02,4.956000061035156250e+02,4.672999877929687500e+02,4.938000000000000114e+02,4.365100000000000000e+06
2.012073000000000000e+07,4.975000000000000000e+02,5.525000000000000000e+02,4.842999877929687500e+02,5.370000000000000000e+02,8.575600000000000000e+06
2.012080600000000000e+07,5.325000000000000000e+02,5.650000000000000000e+02,5.295000000000000000e+02,5.595000000000000000e+02,8.211600000000000000e+06
2.012081300000000000e+07,5.600000000000000000e+02,5.630000000000000000e+02,5.478289794921875000e+02,5.590000000000000000e+02,4.358600000000000000e+06
2.012082000000000000e+07,5.605000000000000000e+02,5.770000000000000000e+02,5.557269897460937500e+02,5.740000000000000000e+02,4.582200000000000000e+06
2.012082700000000000e+07,5.740000000000000000e+02,5.795000000000000000e+02,5.635000000000000000e+02,5.725000000000000000e+02,2.592500000000000000e+06
2.012090300000000000e+07,5.725000000000000000e+02,6.070000000000000000e+02,5.702269897460937500e+02,5.950000000000000000e+02,4.474200000000000000e+06
2.012091000000000000e+07,5.945000000000000000e+02,6.131389770507812500e+02,5.725000000000000000e+02,5.940000000000000000e+02,6.045500000000000000e+06
2.012091700000000000e+07,5.900000000000000000e+02,6.015000000000000000e+02,5.735000000000000000e+02,5.890000000000000000e+02,6.020400000000000000e+06
2.012092400000000000e+07,5.875000000000000000e+02,6.105000000000000000e+02,5.780000000000000000e+02,5.900000000000000000e+02,4.804800000000000000e+06
2.012100100000000000e+07,5.930000000000000000e+02,5.990000000000000000e+02,5.660000000000000000e+02,5.880000000000000000e+02,4.733300000000000000e+06
2.012100800000000000e+07,5.850000000000000000e+02,5.895000000000000000e+02,5.592550048828125000e+02,5.720000000000000000e+02,4.802900000000000000e+06
2.012101500000000000e+07,5.700000000000000000e+02,5.855000000000000000e+02,5.645000000000000000e+02,5.745000000000000000e+02,4.569500000000000000e+06
2.012102200000000000e+07,5.755000000000000000e+02,5.795000000000000000e+02,5.555000000000000000e+02,5.570000000000000000e+02,3.979600000000000000e+06
2.012102900000000000e+07,5.565000000000000000e+02,5.920000000000000000e+02,5.536380004882812500e+02,5.785000000000000000e+02,4.279500000000000000e+06
2.012110500000000000e+07,5.710000000000000000e+02,5.800510253906250000e+02,5.345000000000000000e+02,5.480000000000000000e+02,5.985200000000000000e+06
2.012111200000000000e+07,5.500000000000000000e+02,5.670000000000000000e+02,5.380000000000000000e+02,5.600000000000000000e+02,3.545700000000000000e+06
2.012111900000000000e+07,5.635000000000000000e+02,5.820000000000000000e+02,5.540000000000000000e+02,5.805000000000000000e+02,2.407000000000000000e+06
2.012112600000000000e+07,5.785000000000000000e+02,5.930000000000000000e+02,5.675000000000000000e+02,5.875000000000000000e+02,2.858000000000000000e+06
2.012120300000000000e+07,5.905000000000000000e+02,6.050000000000000000e+02,5.855000000000000000e+02,6.000000000000000000e+02,3.864300000000000000e+06
2.012121000000000000e+07,6.005000000000000000e+02,6.090000000000000000e+02,5.975000000000000000e+02,6.015000000000000000e+02,2.484000000000000000e+06
2.012121700000000000e+07,5.965000000000000000e+02,6.025000000000000000e+02,5.835000000000000000e+02,5.845000000000000000e+02,4.906700000000000000e+06
2.012122400000000000e+07,5.845000000000000000e+02,5.970499877929687500e+02,5.835000000000000000e+02,5.870000000000000000e+02,9.876000000000000000e+05
2.012123100000000000e+07,5.865000000000000000e+02,6.145000000000000000e+02,5.790000000000000000e+02,6.075000000000000000e+02,1.825400000000000000e+06
2.013010700000000000e+07,6.085000000000000000e+02,6.325000000000000000e+02,6.065000000000000000e+02,6.200000000000000000e+02,4.244200000000000000e+06
2.013011400000000000e+07,6.205000000000000000e+02,6.315000000000000000e+02,6.055000000000000000e+02,6.170000000000000000e+02,3.446400000000000000e+06
2.013012100000000000e+07,6.155000000000000000e+02,6.265000000000000000e+02,5.995000000000000000e+02,6.250000000000000000e+02,3.139200000000000000e+06
2.013012800000000000e+07,6.275000000000000000e+02,6.575000000000000000e+02,6.260830078125000000e+02,6.575000000000000000e+02,4.023700000000000000e+06
2.013020400000000000e+07,6.570000000000000000e+02,6.616099853515625000e+02,6.445000000000000000e+02,6.515000000000000000e+02,3.064100000000000000e+06
2.013021100000000000e+07,6.535000000000000000e+02,6.715000000000000000e+02,6.410000000000000000e+02,6.610000000000000000e+02,2.791500000000000000e+06
2.013021800000000000e+07,6.660000000000000000e+02,6.715000000000000000e+02,6.460499877929687500e+02,6.575000000000000000e+02,2.590200000000000000e+06
2.013022500000000000e+07,6.585000000000000000e+02,6.615000000000000000e+02,6.212810058593750000e+02,6.490000000000000000e+02,3.229700000000000000e+06
2.013030400000000000e+07,6.490000000000000000e+02,6.725000000000000000e+02,6.175850219726562500e+02,6.505000000000000000e+02,3.518300000000000000e+06
2.013031100000000000e+07,6.510000000000000000e+02,6.975000000000000000e+02,6.510000000000000000e+02,6.860000000000000000e+02,4.755100000000000000e+06
2.013031800000000000e+07,6.765000000000000000e+02,7.090000000000000000e+02,6.750819702148437500e+02,6.895000000000000000e+02,3.786900000000000000e+06
2.013032500000000000e+07,6.955000000000000000e+02,7.095000000000000000e+02,6.720000000000000000e+02,7.025000000000000000e+02,2.939500000000000000e+06
2.013040100000000000e+07,7.025000000000000000e+02,7.120000000000000000e+02,6.660000000000000000e+02,6.690000000000000000e+02,2.304400000000000000e+06
2.013040800000000000e+07,6.725000000000000000e+02,6.940000000000000000e+02,6.715000000000000000e+02,6.885000000000000000e+02,3.207300000000000000e+06
2.013041500000000000e+07,6.895000000000000000e+02,6.940000000000000000e+02,6.705000000000000000e+02,6.890000000000000000e+02,2.615300000000000000e+06
2.013042200000000000e+07,6.930000000000000000e+02,7.255000000000000000e+02,6.870000000000000000e+02,7.250000000000000000e+02,2.653800000000000000e+06
2.013042900000000000e+07,7.265000000000000000e+02,7.490000000000000000e+02,6.677080078125000000e+02,6.850000000000000000e+02,5.393200000000000000e+06
2.013050600000000000e+07,6.850000000000000000e+02,7.185000000000000000e+02,6.549249877929687500e+02,7.140000000000000000e+02,5.025100000000000000e+06
2.013051300000000000e+07,7.145000000000000000e+02,7.145000000000000000e+02,6.620000000000000000e+02,6.620000000000000000e+02,4.281300000000000000e+06
2.013052000000000000e+07,6.645000000000000000e+02,7.130000000000000000e+02,6.480000000000000000e+02,6.495000000000000000e+02,6.276300000000000000e+06
2.013052700000000000e+07,6.495000000000000000e+02,6.635000000000000000e+02,6.105000000000000000e+02,6.130000000000000000e+02,5.047000000000000000e+06
2.013060300000000000e+07,6.105000000000000000e+02,6.420000000000000000e+02,5.990549926757812500e+02,6.350000000000000000e+02,7.167400000000000000e+06
2.013061000000000000e+07,6.360000000000000000e+02,6.490000000000000000e+02,6.200000000000000000e+02,6.450000000000000000e+02,3.473000000000000000e+06
2.013061700000000000e+07,6.470000000000000000e+02,6.775000000000000000e+02,6.450000000000000000e+02,6.595000000000000000e+02,5.081100000000000000e+06
2.013062400000000000e+07,6.580000000000000000e+02,6.800000000000000000e+02,6.310000000000000000e+02,6.735000000000000000e+02,4.199400000000000000e+06
2.013070100000000000e+07,6.790000000000000000e+02,6.970000000000000000e+02,6.560000000000000000e+02,6.650000000000000000e+02,4.269600000000000000e+06
2.013070800000000000e+07,6.685000000000000000e+02,6.850000000000000000e+02,6.600000000000000000e+02,6.745000000000000000e+02,3.709400000000000000e+06
2.013071500000000000e+07,6.770000000000000000e+02,7.175000000000000000e+02,6.720549926757812500e+02,7.090000000000000000e+02,4.541100000000000000e+06
2.013072200000000000e+07,7.120000000000000000e+02,7.225000000000000000e+02,6.930000000000000000e+02,7.025000000000000000e+02,3.574900000000000000e+06
2.013072900000000000e+07,7.050000000000000000e+02,7.320000000000000000e+02,6.695000000000000000e+02,7.200000000000000000e+02,5.838600000000000000e+06
2.013080500000000000e+07,7.250000000000000000e+02,7.290000000000000000e+02,6.975000000000000000e+02,7.170000000000000000e+02,5.146600000000000000e+06
2.013081200000000000e+07,7.195000000000000000e+02,7.199799804687500000e+02,6.825000000000000000e+02,6.905000000000000000e+02,3.346200000000000000e+06
2.013081900000000000e+07,6.900000000000000000e+02,7.070000000000000000e+02,6.865000000000000000e+02,6.995000000000000000e+02,2.698800000000000000e+06
2.013082600000000000e+07,6.995000000000000000e+02,7.165000000000000000e+02,6.915000000000000000e+02,6.950000000000000000e+02,2.713800000000000000e+06
2.013090200000000000e+07,7.170000000000000000e+02,7.460000000000000000e+02,7.170000000000000000e+02,7.410000000000000000e+02,4.157700000000000000e+06
2.013090900000000000e+07,7.400000000000000000e+02,7.425000000000000000e+02,7.227269897460937500e+02,7.275000000000000000e+02,2.660800000000000000e+06
2.013091600000000000e+07,7.315000000000000000e+02,7.335000000000000000e+02,7.085000000000000000e+02,7.110000000000000000e+02,3.268800000000000000e+06
2.013092300000000000e+07,7.150000000000000000e+02,7.250000000000000000e+02,8.000800323486328125e+01,7.120000000000000000e+02,2.312600000000000000e+06
2.013093000000000000e+07,7.055000000000000000e+02,7.175000000000000000e+02,7.000000000000000000e+02,7.035000000000000000e+02,2.562300000000000000e+06
2.013100700000000000e+07,7.020000000000000000e+02,7.115000000000000000e+02,6.945000000000000000e+02,7.020000000000000000e+02,3.460500000000000000e+06
2.013101400000000000e+07,7.025000000000000000e+02,7.282280273437500000e+02,7.025000000000000000e+02,7.270000000000000000e+02,1.738600000000000000e+06
2.013102100000000000e+07,7.285000000000000000e+02,7.385000000000000000e+02,7.195000000000000000e+02,7.250000000000000000e+02,1.872500000000000000e+06
2.013102800000000000e+07,7.245000000000000000e+02,7.361489868164062500e+02,7.170000000000000000e+02,7.245000000000000000e+02,2.305500000000000000e+06
2.013110400000000000e+07,7.235000000000000000e+02,7.355000000000000000e+02,6.334500122070312500e+02,6.770000000000000000e+02,6.215500000000000000e+06
2.013111100000000000e+07,6.745000000000000000e+02,6.780000000000000000e+02,6.645000000000000000e+02,6.725000000000000000e+02,3.666300000000000000e+06
2.013111800000000000e+07,6.745000000000000000e+02,6.880000000000000000e+02,6.665000000000000000e+02,6.820000000000000000e+02,3.237600000000000000e+06
2.013112500000000000e+07,6.850000000000000000e+02,7.010000000000000000e+02,6.820000000000000000e+02,6.940000000000000000e+02,2.639100000000000000e+06
2.013120200000000000e+07,6.945000000000000000e+02,6.955000000000000000e+02,6.650000000000000000e+02,6.905000000000000000e+02,3.499000000000000000e+06
2.013120900000000000e+07,6.950000000000000000e+02,7.730000000000000000e+02,6.950000000000000000e+02,7.405000000000000000e+02,4.975900000000000000e+06
2.013121600000000000e+07,7.420000000000000000e+02,7.697999877929687500e+02,7.405000000000000000e+02,7.505000000000000000e+02,4.740700000000000000e+06
2.013122300000000000e+07,7.530000000000000000e+02,7.580000000000000000e+02,7.445000000000000000e+02,7.500000000000000000e+02,8.921000000000000000e+05
2.013123000000000000e+07,7.470000000000000000e+02,7.660000000000000000e+02,7.470000000000000000e+02,7.590000000000000000e+02,1.340000000000000000e+06
2.014010600000000000e+07,7.570000000000000000e+02,7.840000000000000000e+02,7.430000000000000000e+02,7.470000000000000000e+02,3.032500000000000000e+06
2.014011300000000000e+07,7.470000000000000000e+02,7.520000000000000000e+02,7.380000000000000000e+02,7.445000000000000000e+02,3.148100000000000000e+06
2.014012000000000000e+07,7.395000000000000000e+02,7.467800292968750000e+02,7.235000000000000000e+02,7.270000000000000000e+02,2.629800000000000000e+06
2.014012700000000000e+07,7.210000000000000000e+02,7.305000000000000000e+02,6.990000000000000000e+02,7.005000000000000000e+02,3.302900000000000000e+06
2.014020300000000000e+07,6.980000000000000000e+02,7.015000000000000000e+02,6.875000000000000000e+02,6.980000000000000000e+02,3.996700000000000000e+06
2.014021000000000000e+07,7.000000000000000000e+02,7.080000000000000000e+02,6.915000000000000000e+02,6.980000000000000000e+02,4.496900000000000000e+06
2.014021700000000000e+07,7.005000000000000000e+02,7.060000000000000000e+02,6.890000000000000000e+02,6.980000000000000000e+02,3.485100000000000000e+06
2.014022400000000000e+07,6.970000000000000000e+02,7.080000000000000000e+02,6.850000000000000000e+02,6.945000000000000000e+02,5.043900000000000000e+06
2.014030300000000000e+07,6.885000000000000000e+02,7.075000000000000000e+02,6.680000000000000000e+02,6.890000000000000000e+02,4.497900000000000000e+06
2.014031000000000000e+07,6.875000000000000000e+02,6.925000000000000000e+02,6.610000000000000000e+02,6.745000000000000000e+02,5.492900000000000000e+06
2.014031700000000000e+07,6.925000000000000000e+02,7.159299926757812500e+02,6.855000000000000000e+02,7.120000000000000000e+02,5.678600000000000000e+06
2.014032400000000000e+07,7.110000000000000000e+02,7.410000000000000000e+02,7.070000000000000000e+02,7.290000000000000000e+02,4.457600000000000000e+06
2.014033100000000000e+07,7.320000000000000000e+02,7.490000000000000000e+02,7.250000000000000000e+02,7.450000000000000000e+02,3.561800000000000000e+06
2.014040700000000000e+07,7.405000000000000000e+02,7.670000000000000000e+02,7.375000000000000000e+02,7.430000000000000000e+02,4.639600000000000000e+06
2.014041400000000000e+07,7.365000000000000000e+02,7.423649902343750000e+02,7.250000000000000000e+02,7.360000000000000000e+02,2.499500000000000000e+06
2.014042100000000000e+07,7.360000000000000000e+02,7.745000000000000000e+02,7.353400268554687500e+02,7.680000000000000000e+02,2.342400000000000000e+06
2.014042800000000000e+07,7.690000000000000000e+02,7.735000000000000000e+02,6.825000000000000000e+02,7.320000000000000000e+02,5.639200000000000000e+06
2.014050500000000000e+07,7.320000000000000000e+02,7.390000000000000000e+02,7.225000000000000000e+02,7.265000000000000000e+02,2.461300000000000000e+06
2.014051200000000000e+07,7.300000000000000000e+02,7.370000000000000000e+02,6.800000000000000000e+02,7.065000000000000000e+02,6.798000000000000000e+06
2.014051900000000000e+07,7.050000000000000000e+02,7.255000000000000000e+02,6.960000000000000000e+02,6.990000000000000000e+02,2.649600000000000000e+06
2.014052600000000000e+07,6.990000000000000000e+02,7.315000000000000000e+02,6.986290283203125000e+02,7.315000000000000000e+02,3.186300000000000000e+06
2.014060200000000000e+07,7.305000000000000000e+02,7.600000000000000000e+02,7.145000000000000000e+02,7.530000000000000000e+02,4.234900000000000000e+06
2.014060900000000000e+07,7.570000000000000000e+02,7.740000000000000000e+02,7.265000000000000000e+02,7.310000000000000000e+02,3.164300000000000000e+06
2.014061600000000000e+07,7.315000000000000000e+02,7.535000000000000000e+02,7.215000000000000000e+02,7.410000000000000000e+02,2.959800000000000000e+06
2.014062300000000000e+07,7.415000000000000000e+02,7.625000000000000000e+02,7.230000000000000000e+02,7.605000000000000000e+02,3.735900000000000000e+06
2.014063000000000000e+07,7.605000000000000000e+02,7.670000000000000000e+02,7.440000000000000000e+02,7.590000000000000000e+02,3.023300000000000000e+06
2.014070700000000000e+07,7.575000000000000000e+02,7.684810180664062500e+02,7.360000000000000000e+02,7.365000000000000000e+02,2.922200000000000000e+06
2.014071400000000000e+07,7.280000000000000000e+02,7.710000000000000000e+02,7.280000000000000000e+02,7.710000000000000000e+02,2.753700000000000000e+06
2.014072100000000000e+07,7.715000000000000000e+02,7.715000000000000000e+02,7.445000000000000000e+02,7.460000000000000000e+02,3.250200000000000000e+06
2.014072800000000000e+07,7.465000000000000000e+02,7.525000000000000000e+02,7.150000000000000000e+02,7.255000000000000000e+02,2.722300000000000000e+06
2.014080400000000000e+07,7.260000000000000000e+02,7.279650268554687500e+02,6.900000000000000000e+02,6.960000000000000000e+02,3.211200000000000000e+06
2.014081100000000000e+07,6.990000000000000000e+02,7.110000000000000000e+02,6.955000000000000000e+02,6.990000000000000000e+02,2.662500000000000000e+06
2.014081800000000000e+07,7.030000000000000000e+02,7.106699829101562500e+02,6.965000000000000000e+02,7.040000000000000000e+02,2.776800000000000000e+06
2.014082500000000000e+07,7.040000000000000000e+02,7.105000000000000000e+02,6.920000000000000000e+02,7.005000000000000000e+02,2.867700000000000000e+06
2.014090100000000000e+07,7.025000000000000000e+02,7.260000000000000000e+02,7.000000000000000000e+02,7.135000000000000000e+02,3.127200000000000000e+06
2.014090800000000000e+07,7.120000000000000000e+02,7.331400146484375000e+02,7.040000000000000000e+02,7.190000000000000000e+02,2.464200000000000000e+06
2.014091500000000000e+07,7.155000000000000000e+02,7.450000000000000000e+02,7.065000000000000000e+02,7.355000000000000000e+02,3.927100000000000000e+06
2.014092200000000000e+07,7.325000000000000000e+02,7.420000000000000000e+02,7.085000000000000000e+02,7.130000000000000000e+02,3.870300000000000000e+06
2.014092900000000000e+07,7.120000000000000000e+02,7.156699829101562500e+02,6.852500000000000000e+02,6.970000000000000000e+02,3.043000000000000000e+06
2.014100600000000000e+07,7.005000000000000000e+02,7.130000000000000000e+02,6.855000000000000000e+02,7.020000000000000000e+02,3.936300000000000000e+06
2.014101300000000000e+07,6.960000000000000000e+02,7.010000000000000000e+02,6.530000000000000000e+02,6.850000000000000000e+02,4.220600000000000000e+06
2.014102000000000000e+07,6.825000000000000000e+02,6.970000000000000000e+02,6.741199951171875000e+02,6.860000000000000000e+02,2.661400000000000000e+06
2.014102700000000000e+07,6.865000000000000000e+02,6.910000000000000000e+02,6.690499877929687500e+02,6.850000000000000000e+02,3.656100000000000000e+06
2.014110300000000000e+07,6.835000000000000000e+02,7.140000000000000000e+02,6.725000000000000000e+02,7.120000000000000000e+02,4.159700000000000000e+06
2.014111000000000000e+07,7.140000000000000000e+02,7.375000000000000000e+02,7.085000000000000000e+02,7.280000000000000000e+02,3.289300000000000000e+06
2.014111700000000000e+07,7.255000000000000000e+02,7.470000000000000000e+02,7.170800170898437500e+02,7.415000000000000000e+02,5.951500000000000000e+06
2.014112400000000000e+07,7.425000000000000000e+02,7.950000000000000000e+02,7.400000000000000000e+02,7.945000000000000000e+02,1.354780000000000000e+07
2.014120100000000000e+07,7.900000000000000000e+02,8.180000000000000000e+02,7.780000000000000000e+02,8.165000000000000000e+02,8.997000000000000000e+06
2.014120800000000000e+07,8.100000000000000000e+02,8.285000000000000000e+02,7.725000000000000000e+02,7.750000000000000000e+02,4.843000000000000000e+06
2.014121500000000000e+07,7.710000000000000000e+02,7.965000000000000000e+02,7.585000000000000000e+02,7.860000000000000000e+02,6.035700000000000000e+06
2.014122200000000000e+07,7.885000000000000000e+02,8.135000000000000000e+02,7.835000000000000000e+02,8.080000000000000000e+02,1.416700000000000000e+06
2.014122900000000000e+07,8.130000000000000000e+02,8.145000000000000000e+02,7.860000000000000000e+02,7.900000000000000000e+02,1.906200000000000000e+06
2.015010500000000000e+07,7.860000000000000000e+02,8.250000000000000000e+02,7.800000000000000000e+02,8.090000000000000000e+02,4.506800000000000000e+06
2.015011200000000000e+07,8.070000000000000000e+02,8.257399902343750000e+02,8.040000000000000000e+02,8.200000000000000000e+02,3.744400000000000000e+06
2.015011900000000000e+07,8.185000000000000000e+02,8.460000000000000000e+02,8.126199951171875000e+02,8.370000000000000000e+02,4.567900000000000000e+06
2.015012600000000000e+07,8.340000000000000000e+02,8.520000000000000000e+02,8.235000000000000000e+02,8.340000000000000000e+02,5.023900000000000000e+06
2.015020200000000000e+07,8.325000000000000000e+02,8.780000000000000000e+02,8.325000000000000000e+02,8.720000000000000000e+02,4.753700000000000000e+06
2.015020900000000000e+07,8.685000000000000000e+02,9.020000000000000000e+02,8.545000000000000000e+02,8.980000000000000000e+02,7.132300000000000000e+06
2.015021600000000000e+07,8.985000000000000000e+02,9.020000000000000000e+02,8.805000000000000000e+02,8.905000000000000000e+02,3.724000000000000000e+06
2.015022300000000000e+07,8.905000000000000000e+02,8.945599975585937500e+02,8.400000000000000000e+02,8.760000000000000000e+02,7.591700000000000000e+06
2.015030200000000000e+07,8.785000000000000000e+02,8.980000000000000000e+02,8.550000000000000000e+02,8.910000000000000000e+02,4.861400000000000000e+06
2.015030900000000000e+07,8.895000000000000000e+02,9.255729980468750000e+02,8.765000000000000000e+02,9.230000000000000000e+02,5.428900000000000000e+06
2.015031600000000000e+07,9.305000000000000000e+02,9.490000000000000000e+02,9.237600097656250000e+02,9.275000000000000000e+02,8.062200000000000000e+06
2.015032300000000000e+07,9.315000000000000000e+02,9.456099853515625000e+02,9.208599853515625000e+02,9.340000000000000000e+02,5.105600000000000000e+06
2.015033000000000000e+07,9.380000000000000000e+02,9.600000000000000000e+02,9.215000000000000000e+02,9.375000000000000000e+02,4.017700000000000000e+06
2.015040600000000000e+07,9.375000000000000000e+02,9.820000000000000000e+02,9.375000000000000000e+02,9.735000000000000000e+02,3.949900000000000000e+06
2.015041300000000000e+07,9.725000000000000000e+02,9.820000000000000000e+02,9.492199707031250000e+02,9.515000000000000000e+02,3.727100000000000000e+06
2.015042000000000000e+07,9.535000000000000000e+02,1.011000000000000000e+03,9.500000000000000000e+02,1.002000000000000000e+03,4.848600000000000000e+06
2.015042700000000000e+07,9.990000000000000000e+02,1.022599975585937500e+03,9.885000000000000000e+02,1.004000000000000000e+03,3.931900000000000000e+06
2.015050400000000000e+07,1.004000000000000000e+03,1.041239990234375000e+03,9.415000000000000000e+02,1.022000000000000000e+03,6.258800000000000000e+06
2.015051100000000000e+07,1.020000000000000000e+03,1.028000000000000000e+03,9.840000000000000000e+02,9.955000000000000000e+02,6.103500000000000000e+06
2.015051800000000000e+07,9.500000000000000000e+02,9.875000000000000000e+02,9.394199829101562500e+02,9.715000000000000000e+02,6.491300000000000000e+06
2.015052500000000000e+07,9.715000000000000000e+02,1.017000000000000000e+03,9.710000000000000000e+02,9.930000000000000000e+02,5.895100000000000000e+06
2.015060100000000000e+07,9.895000000000000000e+02,1.013000000000000000e+03,9.865000000000000000e+02,9.895000000000000000e+02,5.212100000000000000e+06
2.015060800000000000e+07,9.900000000000000000e+02,9.935000000000000000e+02,9.648300170898437500e+02,9.780000000000000000e+02,5.236800000000000000e+06
2.015061500000000000e+07,9.680000000000000000e+02,9.715000000000000000e+02,9.350000000000000000e+02,9.435000000000000000e+02,1.466190000000000000e+07
2.015062200000000000e+07,9.550000000000000000e+02,9.775000000000000000e+02,9.300000000000000000e+02,9.310000000000000000e+02,6.080000000000000000e+06
2.015062900000000000e+07,9.075000000000000000e+02,9.395000000000000000e+02,9.025000000000000000e+02,9.150000000000000000e+02,6.528200000000000000e+06
2.015070600000000000e+07,9.090000000000000000e+02,9.270000000000000000e+02,8.920000000000000000e+02,9.250000000000000000e+02,4.246800000000000000e+06
2.015071300000000000e+07,9.330000000000000000e+02,9.570000000000000000e+02,9.250000000000000000e+02,9.480000000000000000e+02,3.700100000000000000e+06
2.015072000000000000e+07,9.480000000000000000e+02,9.494000244140625000e+02,9.120000000000000000e+02,9.180000000000000000e+02,3.110300000000000000e+06
2.015072700000000000e+07,9.155000000000000000e+02,9.187500000000000000e+02,8.820000000000000000e+02,8.880000000000000000e+02,3.436300000000000000e+06
2.015080300000000000e+07,8.850000000000000000e+02,9.650000000000000000e+02,8.822139892578125000e+02,9.515000000000000000e+02,5.585300000000000000e+06
2.015081000000000000e+07,9.560000000000000000e+02,1.001000000000000000e+03,9.475000000000000000e+02,9.890000000000000000e+02,6.557500000000000000e+06
2.015081700000000000e+07,9.970000000000000000e+02,1.007000000000000000e+03,9.540000000000000000e+02,9.540000000000000000e+02,3.516000000000000000e+06
2.015082400000000000e+07,9.325000000000000000e+02,9.815000000000000000e+02,8.905000000000000000e+02,9.810000000000000000e+02,7.487800000000000000e+06
2.015083100000000000e+07,9.810000000000000000e+02,1.044000000000000000e+03,9.595000000000000000e+02,9.965000000000000000e+02,7.008500000000000000e+06
2.015090700000000000e+07,1.006000000000000000e+03,1.056000000000000000e+03,9.890000000000000000e+02,1.022000000000000000e+03,5.600600000000000000e+06
2.015091400000000000e+07,1.025000000000000000e+03,1.038000000000000000e+03,9.865000000000000000e+02,9.885000000000000000e+02,6.251100000000000000e+06
2.015092100000000000e+07,9.905000000000000000e+02,1.033000000000000000e+03,9.835000000000000000e+02,1.025000000000000000e+03,5.102200000000000000e+06
2.015092800000000000e+07,1.025000000000000000e+03,1.029000000000000000e+03,9.565000000000000000e+02,9.740000000000000000e+02,5.591700000000000000e+06
2.015100500000000000e+07,9.910000000000000000e+02,9.980000000000000000e+02,9.325000000000000000e+02,9.375000000000000000e+02,5.661300000000000000e+06
2.015101200000000000e+07,9.400000000000000000e+02,9.401879882812500000e+02,9.005000000000000000e+02,9.250000000000000000e+02,6.553500000000000000e+06
2.015101900000000000e+07,9.220000000000000000e+02,9.895000000000000000e+02,9.180000000000000000e+02,9.760000000000000000e+02,5.886400000000000000e+06
2.015102600000000000e+07,9.765000000000000000e+02,9.935000000000000000e+02,9.675000000000000000e+02,9.850000000000000000e+02,5.298100000000000000e+06
2.015110200000000000e+07,9.810000000000000000e+02,1.010000000000000000e+03,9.730000000000000000e+02,1.005000000000000000e+03,4.956000000000000000e+06
2.015110900000000000e+07,1.009000000000000000e+03,1.053000000000000000e+03,9.970000000000000000e+02,1.023000000000000000e+03,7.849100000000000000e+06
2.015111600000000000e+07,1.017000000000000000e+03,1.079000000000000000e+03,1.002359985351562500e+03,1.052000000000000000e+03,6.500200000000000000e+06
2.015112300000000000e+07,1.050000000000000000e+03,1.114000000000000000e+03,1.044000000000000000e+03,1.113000000000000000e+03,4.051100000000000000e+06
2.015113000000000000e+07,1.115000000000000000e+03,1.140000000000000000e+03,1.097560058593750000e+03,1.109000000000000000e+03,6.017000000000000000e+06
2.015120700000000000e+07,1.109000000000000000e+03,1.138000000000000000e+03,1.099000000000000000e+03,1.100000000000000000e+03,7.335700000000000000e+06
2.015121400000000000e+07,1.108000000000000000e+03,1.135000000000000000e+03,1.082000000000000000e+03,1.108000000000000000e+03,6.384700000000000000e+06
2.015122100000000000e+07,1.100000000000000000e+03,1.150000000000000000e+03,1.085000000000000000e+03,1.148000000000000000e+03,2.505100000000000000e+06
2.016010400000000000e+07,1.127000000000000000e+03,1.133000000000000000e+03,1.078000000000000000e+03,1.106000000000000000e+03,4.211900000000000000e+06
2.016011100000000000e+07,1.104000000000000000e+03,1.131750000000000000e+03,1.024000000000000000e+03,1.032000000000000000e+03,7.021800000000000000e+06
2.016011800000000000e+07,1.028000000000000000e+03,1.077000000000000000e+03,1.013440002441406250e+03,1.073000000000000000e+03,7.591700000000000000e+06
2.016012500000000000e+07,1.079000000000000000e+03,1.100000000000000000e+03,1.044000000000000000e+03,1.100000000000000000e+03,6.737000000000000000e+06
2.016020100000000000e+07,1.104000000000000000e+03,1.120750000000000000e+03,1.018000000000000000e+03,1.020000000000000000e+03,6.689800000000000000e+06
2.016020800000000000e+07,1.017000000000000000e+03,1.060670043945312500e+03,9.295000000000000000e+02,9.465000000000000000e+02,9.407800000000000000e+06
2.016021500000000000e+07,9.610000000000000000e+02,1.004000000000000000e+03,9.535000000000000000e+02,9.990000000000000000e+02,4.588700000000000000e+06
2.016022200000000000e+07,1.005000000000000000e+03,1.018000000000000000e+03,9.650000000000000000e+02,9.805000000000000000e+02,5.224600000000000000e+06
