2.005101000000000000e+07,5.700000000000000000e+02,6.010000000000000000e+02,5.400000000000000000e+02,5.610000000000000000e+02,5.282810000000000000e+07
2.005101700000000000e+07,5.750000000000000000e+02,5.849000244140625000e+02,5.150000000000000000e+02,5.200000000000000000e+02,3.143480000000000000e+07
2.005102400000000000e+07,5.155000000000000000e+02,5.550000000000000000e+02,5.155000000000000000e+02,5.240000000000000000e+02,1.263200000000000000e+07
2.005103100000000000e+07,5.345000000000000000e+02,5.800000000000000000e+02,5.270000000000000000e+02,5.750000000000000000e+02,1.265940000000000000e+07
2.005110700000000000e+07,5.750000000000000000e+02,6.400000000000000000e+02,5.600000000000000000e+02,6.150000000000000000e+02,1.861400000000000000e+07
2.005111400000000000e+07,6.270000000000000000e+02,6.595000000000000000e+02,5.960000000000000000e+02,6.300000000000000000e+02,1.681460000000000000e+07
2.005112100000000000e+07,6.435000000000000000e+02,6.490000000000000000e+02,6.110000000000000000e+02,6.240000000000000000e+02,1.531590000000000000e+07
2.005112800000000000e+07,6.380000000000000000e+02,7.100000000000000000e+02,6.240000000000000000e+02,6.950000000000000000e+02,1.743910000000000000e+07
2.005120500000000000e+07,6.960000000000000000e+02,9.690000000000000000e+02,6.700000000000000000e+02,6.985000000000000000e+02,1.278100000000000000e+07
2.005121200000000000e+07,6.990000000000000000e+02,8.949010009765625000e+02,6.670000000000000000e+02,6.880000000000000000e+02,2.888910000000000000e+07
2.005121900000000000e+07,6.900000000000000000e+02,7.643499755859375000e+02,6.719849853515625000e+02,7.435000000000000000e+02,1.265760000000000000e+07
2.005122600000000000e+07,7.435000000000000000e+02,7.800000000000000000e+02,7.225000000000000000e+02,7.735000000000000000e+02,3.122200000000000000e+06
2.006010200000000000e+07,7.735000000000000000e+02,8.400000000000000000e+02,7.605000000000000000e+02,7.750000000000000000e+02,1.510730000000000000e+07
2.006010900000000000e+07,7.750000000000000000e+02,8.100000000000000000e+02,7.600000000000000000e+02,7.925000000000000000e+02,1.971040000000000000e+07
2.006011600000000000e+07,7.980000000000000000e+02,8.800000000000000000e+02,7.734500122070312500e+02,8.630000000000000000e+02,1.331950000000000000e+07
2.006012300000000000e+07,8.490000000000000000e+02,9.100000000000000000e+02,5.400000000000000000e+02,8.870000000000000000e+02,1.561710000000000000e+07
2.006013000000000000e+07,8.870000000000000000e+02,8.950000000000000000e+02,8.500000000000000000e+02,8.570000000000000000e+02,9.573700000000000000e+06
2.006020600000000000e+07,8.570000000000000000e+02,8.705000000000000000e+02,7.910000000000000000e+02,8.110000000000000000e+02,1.515900000000000000e+07
2.006021300000000000e+07,8.190000000000000000e+02,9.090000000000000000e+02,7.900000000000000000e+02,8.920000000000000000e+02,2.153620000000000000e+07
2.006022000000000000e+07,8.830000000000000000e+02,9.300000000000000000e+02,8.500000000000000000e+02,8.950000000000000000e+02,9.491000000000000000e+06
2.006022700000000000e+07,9.150000000000000000e+02,9.200000000000000000e+02,8.610000000000000000e+02,9.030000000000000000e+02,6.891900000000000000e+06
2.006030600000000000e+07,9.130000000000000000e+02,9.245000000000000000e+02,8.200000000000000000e+02,9.100000000000000000e+02,2.389760000000000000e+07
2.006031300000000000e+07,9.000000000000000000e+02,9.985000000000000000e+02,8.786799926757812500e+02,9.865000000000000000e+02,2.189500000000000000e+07
2.006032000000000000e+07,9.990000000000000000e+02,1.012000000000000000e+03,9.180000000000000000e+02,9.765000000000000000e+02,1.226770000000000000e+07
2.006032700000000000e+07,9.805000000000000000e+02,1.085000000000000000e+03,9.200599975585937500e+02,1.078000000000000000e+03,1.188290000000000000e+07
2.006040300000000000e+07,1.080000000000000000e+03,1.420500000000000000e+03,1.023500000000000000e+03,1.200000000000000000e+03,2.124970000000000000e+07
2.006041000000000000e+07,1.187000000000000000e+03,1.290000000000000000e+03,1.151560058593750000e+03,1.189000000000000000e+03,9.970700000000000000e+06
2.006041700000000000e+07,1.189000000000000000e+03,1.258000000000000000e+03,1.166000000000000000e+03,1.239000000000000000e+03,1.475530000000000000e+07
2.006042400000000000e+07,1.241500000000000000e+03,1.277000000000000000e+03,1.112500000000000000e+03,1.138500000000000000e+03,1.566090000000000000e+07
2.006050100000000000e+07,1.138500000000000000e+03,1.249939941406250000e+03,1.136000000000000000e+03,1.227000000000000000e+03,1.393020000000000000e+07
2.006050800000000000e+07,1.238000000000000000e+03,1.436400024414062500e+03,1.214530029296875000e+03,1.315000000000000000e+03,1.644080000000000000e+07
2.006051500000000000e+07,1.318500000000000000e+03,1.318500000000000000e+03,1.040000000000000000e+03,1.046500000000000000e+03,2.749190000000000000e+07
2.006052200000000000e+07,1.040000000000000000e+03,1.150000000000000000e+03,9.320000000000000000e+02,1.138000000000000000e+03,1.721040000000000000e+07
2.006052900000000000e+07,1.138000000000000000e+03,1.145000000000000000e+03,1.036000000000000000e+03,1.122000000000000000e+03,7.240200000000000000e+06
2.006060500000000000e+07,1.122000000000000000e+03,1.139939941406250000e+03,1.003000000000000000e+03,1.028000000000000000e+03,1.118600000000000000e+07
2.006061200000000000e+07,1.020500000000000000e+03,1.072500000000000000e+03,9.290000000000000000e+02,1.043000000000000000e+03,2.149820000000000000e+07
2.006061900000000000e+07,1.046000000000000000e+03,1.125000000000000000e+03,1.032000000000000000e+03,1.096000000000000000e+03,1.020390000000000000e+07
2.006062600000000000e+07,1.106000000000000000e+03,1.229000000000000000e+03,1.072810058593750000e+03,1.193000000000000000e+03,9.620100000000000000e+06
2.006070300000000000e+07,1.210000000000000000e+03,1.240170043945312500e+03,1.182000000000000000e+03,1.234000000000000000e+03,4.985100000000000000e+06
2.006071000000000000e+07,1.235000000000000000e+03,1.244000000000000000e+03,1.173000000000000000e+03,1.191000000000000000e+03,6.636600000000000000e+06
2.006071700000000000e+07,1.201000000000000000e+03,1.215000000000000000e+03,1.128000000000000000e+03,1.143000000000000000e+03,6.026200000000000000e+06
2.006072400000000000e+07,1.146000000000000000e+03,1.294000000000000000e+03,1.142000000000000000e+03,1.279000000000000000e+03,5.405100000000000000e+06
2.006073100000000000e+07,1.272000000000000000e+03,1.297000000000000000e+03,1.203000000000000000e+03,1.244000000000000000e+03,5.530800000000000000e+06
2.006080700000000000e+07,1.239000000000000000e+03,1.266000000000000000e+03,1.174680053710937500e+03,1.203000000000000000e+03,5.248800000000000000e+06
2.006081400000000000e+07,1.222000000000000000e+03,1.253000000000000000e+03,1.195000000000000000e+03,1.209000000000000000e+03,8.445400000000000000e+06
2.006082100000000000e+07,1.245000000000000000e+03,1.258000000000000000e+03,1.194000000000000000e+03,1.221000000000000000e+03,6.060800000000000000e+06
2.006082800000000000e+07,1.221000000000000000e+03,1.259569946289062500e+03,1.190180053710937500e+03,1.240000000000000000e+03,2.470900000000000000e+06
2.006090400000000000e+07,1.240000000000000000e+03,1.369000000000000000e+03,1.223300048828125000e+03,1.286000000000000000e+03,8.345100000000000000e+06
2.006091100000000000e+07,1.274000000000000000e+03,1.275000000000000000e+03,1.120000000000000000e+03,1.207000000000000000e+03,1.091320000000000000e+07
2.006091800000000000e+07,1.215000000000000000e+03,1.313000000000000000e+03,1.136000000000000000e+03,1.140000000000000000e+03,1.681050000000000000e+07
2.006092500000000000e+07,1.141000000000000000e+03,1.175800048828125000e+03,1.100000000000000000e+03,1.148000000000000000e+03,3.893770000000000000e+07
2.006100200000000000e+07,1.160000000000000000e+03,1.160000000000000000e+03,4.695000000000000000e+02,1.088000000000000000e+03,1.958050000000000000e+07
2.006100900000000000e+07,1.094000000000000000e+03,1.199000000000000000e+03,1.065000000000000000e+03,1.195000000000000000e+03,1.487410000000000000e+07
2.006101600000000000e+07,1.199000000000000000e+03,1.264000000000000000e+03,1.182000000000000000e+03,1.250000000000000000e+03,1.641880000000000000e+07
2.006102300000000000e+07,1.250000000000000000e+03,1.260699951171875000e+03,1.194000000000000000e+03,1.216000000000000000e+03,1.169000000000000000e+07
2.006103000000000000e+07,1.210000000000000000e+03,1.236000000000000000e+03,1.177000000000000000e+03,1.213000000000000000e+03,8.935100000000000000e+06
2.006110600000000000e+07,1.228000000000000000e+03,1.262000000000000000e+03,1.198000000000000000e+03,1.200000000000000000e+03,9.976200000000000000e+06
2.006111300000000000e+07,1.195000000000000000e+03,1.205540039062500000e+03,1.100930053710937500e+03,1.136000000000000000e+03,1.392270000000000000e+07
2.006112000000000000e+07,1.150000000000000000e+03,1.170000000000000000e+03,1.117239990234375000e+03,1.144000000000000000e+03,1.175880000000000000e+07
2.006112700000000000e+07,1.143000000000000000e+03,1.185000000000000000e+03,1.141000000000000000e+03,1.166000000000000000e+03,6.103900000000000000e+06
2.006120400000000000e+07,1.166000000000000000e+03,1.224300048828125000e+03,1.142000000000000000e+03,1.160000000000000000e+03,7.907400000000000000e+06
2.006121100000000000e+07,1.178000000000000000e+03,1.187000000000000000e+03,1.131000000000000000e+03,1.172000000000000000e+03,9.221600000000000000e+06
2.006121800000000000e+07,1.156000000000000000e+03,1.182500000000000000e+03,1.068000000000000000e+03,1.077000000000000000e+03,6.611200000000000000e+06
2.006122500000000000e+07,1.077000000000000000e+03,1.122300048828125000e+03,1.063930053710937500e+03,1.110000000000000000e+03,2.620700000000000000e+06
2.007010100000000000e+07,1.110000000000000000e+03,1.129000000000000000e+03,1.000000000000000000e+03,1.017000000000000000e+03,1.299120000000000000e+07
2.007010800000000000e+07,1.012000000000000000e+03,1.069000000000000000e+03,9.970000000000000000e+02,1.050000000000000000e+03,1.313350000000000000e+07
2.007011500000000000e+07,1.047000000000000000e+03,1.064000000000000000e+03,1.007000000000000000e+03,1.043000000000000000e+03,9.067500000000000000e+06
2.007012200000000000e+07,1.046000000000000000e+03,1.132069946289062500e+03,1.043000000000000000e+03,1.076000000000000000e+03,1.602870000000000000e+07
2.007012900000000000e+07,1.076000000000000000e+03,1.091000000000000000e+03,1.034000000000000000e+03,1.064000000000000000e+03,1.919220000000000000e+07
2.007020500000000000e+07,1.064000000000000000e+03,1.088000000000000000e+03,1.051000000000000000e+03,1.080000000000000000e+03,9.257800000000000000e+06
2.007021200000000000e+07,1.078000000000000000e+03,1.302000000000000000e+03,1.062000000000000000e+03,1.099000000000000000e+03,1.672530000000000000e+07
2.007021900000000000e+07,1.107000000000000000e+03,1.184000000000000000e+03,1.105000000000000000e+03,1.173000000000000000e+03,1.834860000000000000e+07
2.007022600000000000e+07,1.184000000000000000e+03,1.336000000000000000e+03,1.055000000000000000e+03,1.086000000000000000e+03,1.903630000000000000e+07
2.007030500000000000e+07,1.060000000000000000e+03,1.148000000000000000e+03,1.034000000000000000e+03,1.121000000000000000e+03,1.225180000000000000e+07
2.007031200000000000e+07,1.126000000000000000e+03,1.160000000000000000e+03,1.064000000000000000e+03,1.106000000000000000e+03,1.476300000000000000e+07
2.007031900000000000e+07,1.132000000000000000e+03,1.182000000000000000e+03,1.100000000000000000e+03,1.164000000000000000e+03,1.914920000000000000e+07
2.007032600000000000e+07,1.170000000000000000e+03,1.186000000000000000e+03,1.130000000000000000e+03,1.171000000000000000e+03,1.019230000000000000e+07
2.007040200000000000e+07,1.166000000000000000e+03,1.213000000000000000e+03,1.150000000000000000e+03,1.200000000000000000e+03,9.597900000000000000e+06
2.007040900000000000e+07,1.200000000000000000e+03,1.246000000000000000e+03,1.165000000000000000e+03,1.188000000000000000e+03,6.913650400000000000e+07
2.007041600000000000e+07,1.201000000000000000e+03,1.205000000000000000e+03,1.127000000000000000e+03,1.175000000000000000e+03,1.928150000000000000e+07
2.007042300000000000e+07,1.180000000000000000e+03,1.190000000000000000e+03,1.130000000000000000e+03,1.139000000000000000e+03,1.325930000000000000e+07
2.007043000000000000e+07,1.144000000000000000e+03,1.205000000000000000e+03,1.121000000000000000e+03,1.195000000000000000e+03,1.881840000000000000e+07
2.007050700000000000e+07,1.195000000000000000e+03,1.249000000000000000e+03,1.142000000000000000e+03,1.190000000000000000e+03,1.634760000000000000e+07
2.007051400000000000e+07,1.190000000000000000e+03,1.213000000000000000e+03,1.157000000000000000e+03,1.197000000000000000e+03,2.524440000000000000e+07
2.007052100000000000e+07,1.212000000000000000e+03,1.256000000000000000e+03,1.169910034179687500e+03,1.225000000000000000e+03,2.792550000000000000e+07
2.007052800000000000e+07,1.225000000000000000e+03,1.318000000000000000e+03,1.225000000000000000e+03,1.312000000000000000e+03,1.665000000000000000e+07
2.007060400000000000e+07,1.308000000000000000e+03,1.331500000000000000e+03,1.229000000000000000e+03,1.243000000000000000e+03,2.016910000000000000e+07
2.007061100000000000e+07,1.243000000000000000e+03,1.323000000000000000e+03,1.228160034179687500e+03,1.311000000000000000e+03,1.390840000000000000e+07
2.007061800000000000e+07,1.311000000000000000e+03,1.329000000000000000e+03,1.276000000000000000e+03,1.282000000000000000e+03,1.020950000000000000e+07
2.007062500000000000e+07,1.269000000000000000e+03,1.289000000000000000e+03,1.222000000000000000e+03,1.265000000000000000e+03,9.046700000000000000e+06
2.007070200000000000e+07,1.257000000000000000e+03,1.340000000000000000e+03,1.247000000000000000e+03,1.305000000000000000e+03,9.896800000000000000e+06
2.007070900000000000e+07,1.317000000000000000e+03,1.442000000000000000e+03,1.313000000000000000e+03,1.430000000000000000e+03,2.034310000000000000e+07
2.007071600000000000e+07,1.433000000000000000e+03,1.440000000000000000e+03,1.343000000000000000e+03,1.363000000000000000e+03,9.534700000000000000e+06
2.007072300000000000e+07,1.369000000000000000e+03,1.391000000000000000e+03,1.208000000000000000e+03,1.226000000000000000e+03,1.158540000000000000e+07
2.007073000000000000e+07,1.227000000000000000e+03,1.303000000000000000e+03,1.223609985351562500e+03,1.230000000000000000e+03,1.511260000000000000e+07
2.007080600000000000e+07,1.217000000000000000e+03,1.241000000000000000e+03,1.037000000000000000e+03,1.082000000000000000e+03,2.093380000000000000e+07
2.007081300000000000e+07,1.109000000000000000e+03,1.349660034179687500e+03,1.040000000000000000e+03,1.125000000000000000e+03,2.198340000000000000e+07
2.007082000000000000e+07,1.140000000000000000e+03,1.297000000000000000e+03,1.050000000000000000e+03,1.249000000000000000e+03,1.376990000000000000e+07
2.007082700000000000e+07,1.249000000000000000e+03,1.287000000000000000e+03,1.208579956054687500e+03,1.269000000000000000e+03,1.027740000000000000e+07
2.007090300000000000e+07,1.277000000000000000e+03,1.367000000000000000e+03,1.255000000000000000e+03,1.289000000000000000e+03,1.330420000000000000e+07
2.007091000000000000e+07,1.310000000000000000e+03,1.354000000000000000e+03,1.265000000000000000e+03,1.304000000000000000e+03,1.096040000000000000e+07
2.007091700000000000e+07,1.295000000000000000e+03,1.479000000000000000e+03,1.278000000000000000e+03,1.464000000000000000e+03,1.571220000000000000e+07
2.007092400000000000e+07,1.470000000000000000e+03,1.545000000000000000e+03,6.790000000000000000e+02,1.405000000000000000e+03,1.634010000000000000e+07
2.007100100000000000e+07,1.405000000000000000e+03,1.612000000000000000e+03,1.385000000000000000e+03,1.596000000000000000e+03,1.867820000000000000e+07
2.007100800000000000e+07,1.505000000000000000e+03,1.660000000000000000e+03,1.449000000000000000e+03,1.584000000000000000e+03,2.016160000000000000e+07
2.007101500000000000e+07,1.594000000000000000e+03,1.612819946289062500e+03,1.460000000000000000e+03,1.534000000000000000e+03,1.427910000000000000e+07
2.007102200000000000e+07,1.423000000000000000e+03,1.505000000000000000e+03,1.359599975585937500e+03,1.464000000000000000e+03,2.067920000000000000e+07
2.007102900000000000e+07,1.497000000000000000e+03,1.535000000000000000e+03,1.364000000000000000e+03,1.406000000000000000e+03,1.437730000000000000e+07
2.007110500000000000e+07,1.403000000000000000e+03,1.484000000000000000e+03,1.342000000000000000e+03,1.391000000000000000e+03,1.378530000000000000e+07
2.007111200000000000e+07,1.380000000000000000e+03,1.478000000000000000e+03,1.271000000000000000e+03,1.399000000000000000e+03,1.449100000000000000e+07
2.007111900000000000e+07,1.407000000000000000e+03,1.416000000000000000e+03,1.185000000000000000e+03,1.282000000000000000e+03,1.502410000000000000e+07
2.007112600000000000e+07,1.307000000000000000e+03,1.367000000000000000e+03,1.234000000000000000e+03,1.345000000000000000e+03,1.561440000000000000e+07
2.007120300000000000e+07,1.358000000000000000e+03,1.407000000000000000e+03,6.000000000000000000e+02,1.360000000000000000e+03,1.577300000000000000e+07
2.007121000000000000e+07,1.356000000000000000e+03,1.426989990234375000e+03,1.270000000000000000e+03,1.310000000000000000e+03,1.284070000000000000e+07
2.007121700000000000e+07,1.293000000000000000e+03,1.364000000000000000e+03,1.235000000000000000e+03,1.347000000000000000e+03,9.436200000000000000e+06
2.007122400000000000e+07,1.381000000000000000e+03,1.386000000000000000e+03,1.356000000000000000e+03,1.368000000000000000e+03,2.475100000000000000e+06
2.007123100000000000e+07,1.385000000000000000e+03,1.402000000000000000e+03,1.308000000000000000e+03,1.324000000000000000e+03,5.710300000000000000e+06
2.008010700000000000e+07,1.311000000000000000e+03,1.368000000000000000e+03,1.268000000000000000e+03,1.309000000000000000e+03,1.117550000000000000e+07
2.008011400000000000e+07,1.301000000000000000e+03,1.361000000000000000e+03,1.106000000000000000e+03,1.155000000000000000e+03,1.557790000000000000e+07
2.008012100000000000e+07,1.132000000000000000e+03,1.204000000000000000e+03,9.500000000000000000e+02,1.164000000000000000e+03,2.251830000000000000e+07
2.008012800000000000e+07,1.150000000000000000e+03,1.326000000000000000e+03,1.121000000000000000e+03,1.262000000000000000e+03,1.506520000000000000e+07
2.008020400000000000e+07,1.279000000000000000e+03,1.297000000000000000e+03,1.171000000000000000e+03,1.247000000000000000e+03,1.804820000000000000e+07
2.008021100000000000e+07,1.240000000000000000e+03,1.377000000000000000e+03,1.230000000000000000e+03,1.365000000000000000e+03,1.506290000000000000e+07
2.008021800000000000e+07,1.369000000000000000e+03,1.605000000000000000e+03,1.363000000000000000e+03,1.537000000000000000e+03,1.546120000000000000e+07
2.008022500000000000e+07,1.554000000000000000e+03,1.600000000000000000e+03,1.500000000000000000e+03,1.546000000000000000e+03,1.131690000000000000e+07
2.008030300000000000e+07,1.516000000000000000e+03,1.802400024414062500e+03,1.509000000000000000e+03,1.663000000000000000e+03,2.130300000000000000e+07
2.008031000000000000e+07,1.655000000000000000e+03,1.890000000000000000e+03,1.512000000000000000e+03,1.790000000000000000e+03,2.707790000000000000e+07
2.008031700000000000e+07,1.734000000000000000e+03,1.736000000000000000e+03,1.433000000000000000e+03,1.435000000000000000e+03,1.227490000000000000e+07
2.008032400000000000e+07,1.435000000000000000e+03,1.639000000000000000e+03,1.435000000000000000e+03,1.557000000000000000e+03,9.834100000000000000e+06
2.008033100000000000e+07,1.551000000000000000e+03,1.639000000000000000e+03,1.532000000000000000e+03,1.591000000000000000e+03,8.502500000000000000e+06
2.008040700000000000e+07,1.613000000000000000e+03,1.747000000000000000e+03,1.613000000000000000e+03,1.698000000000000000e+03,1.082440000000000000e+07
2.008041400000000000e+07,1.678000000000000000e+03,1.777000000000000000e+03,1.546000000000000000e+03,1.610000000000000000e+03,1.005000000000000000e+07
2.008042100000000000e+07,1.610000000000000000e+03,1.730000000000000000e+03,1.595000000000000000e+03,1.664000000000000000e+03,8.317900000000000000e+06
2.008042800000000000e+07,1.674000000000000000e+03,1.759000000000000000e+03,1.554000000000000000e+03,1.673000000000000000e+03,7.799100000000000000e+06
2.008050500000000000e+07,1.673000000000000000e+03,1.930000000000000000e+03,1.673000000000000000e+03,1.786000000000000000e+03,9.880700000000000000e+06
2.008051200000000000e+07,1.785000000000000000e+03,1.878000000000000000e+03,1.650000000000000000e+03,1.833000000000000000e+03,1.014970000000000000e+07
2.008051900000000000e+07,1.850000000000000000e+03,1.966000000000000000e+03,1.678000000000000000e+03,1.678000000000000000e+03,1.116420000000000000e+07
2.008052600000000000e+07,1.678000000000000000e+03,1.727000000000000000e+03,1.616000000000000000e+03,1.690000000000000000e+03,1.058940000000000000e+07
2.008060200000000000e+07,1.688000000000000000e+03,1.739000000000000000e+03,1.604000000000000000e+03,1.628000000000000000e+03,8.811500000000000000e+06
2.008060900000000000e+07,1.619000000000000000e+03,1.719000000000000000e+03,1.500000000000000000e+03,1.550000000000000000e+03,1.361820000000000000e+07
2.008061600000000000e+07,1.560000000000000000e+03,1.679000000000000000e+03,1.550000000000000000e+03,1.630000000000000000e+03,1.087880000000000000e+07
2.008062300000000000e+07,1.620000000000000000e+03,1.660000000000000000e+03,1.547000000000000000e+03,1.609000000000000000e+03,1.001650000000000000e+07
2.008063000000000000e+07,1.602000000000000000e+03,1.640000000000000000e+03,1.335000000000000000e+03,1.422000000000000000e+03,8.804800000000000000e+06
2.008070700000000000e+07,1.444000000000000000e+03,1.472000000000000000e+03,1.370000000000000000e+03,1.427000000000000000e+03,1.082970000000000000e+07
2.008071400000000000e+07,1.474000000000000000e+03,1.618000000000000000e+03,1.308000000000000000e+03,1.352000000000000000e+03,1.459500000000000000e+07
2.008072100000000000e+07,1.376000000000000000e+03,1.441000000000000000e+03,1.283000000000000000e+03,1.303000000000000000e+03,8.575100000000000000e+06
2.008072800000000000e+07,1.297000000000000000e+03,1.519000000000000000e+03,1.297000000000000000e+03,1.423000000000000000e+03,1.145660000000000000e+07
2.008080400000000000e+07,1.377000000000000000e+03,1.411000000000000000e+03,1.236000000000000000e+03,1.248000000000000000e+03,1.148700000000000000e+07
2.008081100000000000e+07,1.261000000000000000e+03,1.296000000000000000e+03,1.159000000000000000e+03,1.173000000000000000e+03,8.856800000000000000e+06
2.008081800000000000e+07,1.210000000000000000e+03,1.398000000000000000e+03,1.165000000000000000e+03,1.358000000000000000e+03,8.205700000000000000e+06
2.008082500000000000e+07,1.358000000000000000e+03,1.358000000000000000e+03,1.259000000000000000e+03,1.292000000000000000e+03,5.575700000000000000e+06
2.008090100000000000e+07,1.276000000000000000e+03,1.307000000000000000e+03,9.755000000000000000e+02,9.755000000000000000e+02,1.182320000000000000e+07
2.008090800000000000e+07,1.011000000000000000e+03,1.037000000000000000e+03,8.150000000000000000e+02,9.015000000000000000e+02,1.989650000000000000e+07
2.008091500000000000e+07,8.870000000000000000e+02,8.870000000000000000e+02,5.970000000000000000e+02,7.885000000000000000e+02,2.487430000000000000e+07
2.008092200000000000e+07,8.085000000000000000e+02,8.430000000000000000e+02,6.580000000000000000e+02,6.650000000000000000e+02,1.677720000000000000e+07
2.008092900000000000e+07,6.655000000000000000e+02,6.655000000000000000e+02,5.020000000000000000e+02,5.690000000000000000e+02,1.943880000000000000e+07
2.008100600000000000e+07,4.925000000000000000e+02,5.200000000000000000e+02,3.200000000000000000e+02,3.345000000000000000e+02,3.009340000000000000e+07
2.008101300000000000e+07,3.647500000000000000e+02,4.802500000000000000e+02,2.568999938964843750e+02,2.900000000000000000e+02,3.374840000000000000e+07
2.008102000000000000e+07,3.047500000000000000e+02,3.295000000000000000e+02,2.100000000000000000e+02,2.395000000000000000e+02,2.572240000000000000e+07
2.008102700000000000e+07,2.290000000000000000e+02,3.225000000000000000e+02,2.120000000000000000e+02,2.855000000000000000e+02,2.957940000000000000e+07
2.008110300000000000e+07,2.920000000000000000e+02,3.990000000000000000e+02,2.890000000000000000e+02,3.232500000000000000e+02,2.219900000000000000e+07
2.008111000000000000e+07,3.432500000000000000e+02,3.712500000000000000e+02,2.610000000000000000e+02,2.697500000000000000e+02,1.822280000000000000e+07
2.008111700000000000e+07,2.680000000000000000e+02,2.812500000000000000e+02,1.706999969482421875e+02,1.798000000000000114e+02,2.308980000000000000e+07
2.008112400000000000e+07,1.850000000000000000e+02,2.740000000000000000e+02,1.850000000000000000e+02,2.597500000000000000e+02,2.077770000000000000e+07
2.008120100000000000e+07,2.510000000000000000e+02,2.600000000000000000e+02,2.010000000000000000e+02,2.150000000000000000e+02,2.150050000000000000e+07
2.008120800000000000e+07,2.255000000000000000e+02,2.590000000000000000e+02,2.202500000000000000e+02,2.402500000000000000e+02,2.752210000000000000e+07
2.008121500000000000e+07,2.422500000000000000e+02,2.635000000000000000e+02,2.232500000000000000e+02,2.307500000000000000e+02,1.722890000000000000e+07
2.008122200000000000e+07,2.330000000000000000e+02,2.390000000000000000e+02,2.200000000000000000e+02,2.205000000000000000e+02,4.440900000000000000e+06
2.008122900000000000e+07,2.235000000000000000e+02,2.565000000000000000e+02,2.212500000000000000e+02,2.550000000000000000e+02,5.820300000000000000e+06
2.009010500000000000e+07,2.550000000000000000e+02,2.917500000000000000e+02,2.475000000000000000e+02,2.510000000000000000e+02,2.150900000000000000e+07
2.009011200000000000e+07,2.477500000000000000e+02,2.542500000000000000e+02,2.090000000000000000e+02,2.210000000000000000e+02,1.987530000000000000e+07
2.009011900000000000e+07,2.240000000000000000e+02,2.350000000000000000e+02,1.873000030517578125e+02,2.145000000000000000e+02,2.293840000000000000e+07
2.009012600000000000e+07,2.147500000000000000e+02,2.765939941406250000e+02,2.072500000000000000e+02,2.237500000000000000e+02,2.226420000000000000e+07
2.009020200000000000e+07,2.210000000000000000e+02,2.980000000000000000e+02,2.130000000000000000e+02,2.900000000000000000e+02,8.699100000000000000e+06
2.009020900000000000e+07,2.897500000000000000e+02,3.275000000000000000e+02,2.762500000000000000e+02,3.090000000000000000e+02,2.566830000000000000e+07
2.009021600000000000e+07,3.062500000000000000e+02,4.902500000000000000e+02,2.542500000000000000e+02,2.570000000000000000e+02,1.914520000000000000e+07
2.009022300000000000e+07,2.625000000000000000e+02,2.820000000000000000e+02,2.430000000000000000e+02,2.615000000000000000e+02,2.036760000000000000e+07
2.009030200000000000e+07,2.550000000000000000e+02,2.848599853515625000e+02,2.342500000000000000e+02,2.682500000000000000e+02,3.069730000000000000e+07
2.009030900000000000e+07,2.687500000000000000e+02,3.327500000000000000e+02,2.560000000000000000e+02,3.235000000000000000e+02,2.744540000000000000e+07
2.009031600000000000e+07,3.300000000000000000e+02,3.700000000000000000e+02,2.962500000000000000e+02,3.685000000000000000e+02,2.601210000000000000e+07
2.009032300000000000e+07,3.750000000000000000e+02,4.170799865722656250e+02,3.470000000000000000e+02,3.787500000000000000e+02,2.593580000000000000e+07
2.009033000000000000e+07,3.710000000000000000e+02,4.692500000000000000e+02,3.251099853515625000e+02,4.520000000000000000e+02,3.002130000000000000e+07
2.009040600000000000e+07,4.597500000000000000e+02,4.800000000000000000e+02,4.037500000000000000e+02,4.660000000000000000e+02,2.072660000000000000e+07
2.009041300000000000e+07,4.660000000000000000e+02,5.300000000000000000e+02,4.660000000000000000e+02,5.145000000000000000e+02,2.036190000000000000e+07
2.009042000000000000e+07,5.200000000000000000e+02,5.215000000000000000e+02,4.442500000000000000e+02,5.155000000000000000e+02,1.947310000000000000e+07
2.009042700000000000e+07,5.070000000000000000e+02,5.900000000000000000e+02,4.662500000000000000e+02,5.900000000000000000e+02,1.504360000000000000e+07
2.009050400000000000e+07,5.900000000000000000e+02,7.725000000000000000e+02,5.900000000000000000e+02,7.675000000000000000e+02,2.775430000000000000e+07
2.009051100000000000e+07,7.865000000000000000e+02,7.865000000000000000e+02,5.752199707031250000e+02,6.335000000000000000e+02,2.679830000000000000e+07
2.009051800000000000e+07,6.205000000000000000e+02,7.205000000000000000e+02,5.940000000000000000e+02,6.825000000000000000e+02,2.004210000000000000e+07
2.009052500000000000e+07,6.825000000000000000e+02,7.065000000000000000e+02,6.340000000000000000e+02,6.905000000000000000e+02,1.234500000000000000e+07
2.009060100000000000e+07,7.125000000000000000e+02,7.500000000000000000e+02,6.515000000000000000e+02,6.990000000000000000e+02,2.201170000000000000e+07
2.009060800000000000e+07,6.955000000000000000e+02,1.398000000000000000e+03,6.690000000000000000e+02,7.370000000000000000e+02,1.622950000000000000e+07
2.009061500000000000e+07,7.300000000000000000e+02,7.338150024414062500e+02,6.080000000000000000e+02,6.375000000000000000e+02,1.647570000000000000e+07
2.009062200000000000e+07,6.410000000000000000e+02,6.570000000000000000e+02,5.675000000000000000e+02,6.335000000000000000e+02,1.401180000000000000e+07
2.009062900000000000e+07,6.330000000000000000e+02,6.770000000000000000e+02,6.220000000000000000e+02,6.300000000000000000e+02,1.151800000000000000e+07
2.009070600000000000e+07,6.430000000000000000e+02,6.430000000000000000e+02,5.870000000000000000e+02,5.940000000000000000e+02,1.329600000000000000e+07
2.009071300000000000e+07,5.905000000000000000e+02,6.985000000000000000e+02,5.745000000000000000e+02,6.855000000000000000e+02,1.476160000000000000e+07
2.009072000000000000e+07,7.015000000000000000e+02,8.375000000000000000e+02,6.955780029296875000e+02,8.105000000000000000e+02,1.895560000000000000e+07
2.009072700000000000e+07,8.300000000000000000e+02,8.870000000000000000e+02,7.680000000000000000e+02,8.565000000000000000e+02,1.469540000000000000e+07
2.009080300000000000e+07,8.560000000000000000e+02,9.955000000000000000e+02,8.505000000000000000e+02,9.300000000000000000e+02,1.884500000000000000e+07
2.009081000000000000e+07,9.240000000000000000e+02,9.520000000000000000e+02,8.035000000000000000e+02,8.975000000000000000e+02,1.427060000000000000e+07
2.009081700000000000e+07,8.710000000000000000e+02,9.325000000000000000e+02,8.450000000000000000e+02,9.265000000000000000e+02,1.058840000000000000e+07
2.009082400000000000e+07,9.485000000000000000e+02,1.002000000000000000e+03,6.576849975585937500e+02,9.885000000000000000e+02,1.850880000000000000e+07
2.009083100000000000e+07,9.885000000000000000e+02,1.000000000000000000e+03,9.015000000000000000e+02,9.825000000000000000e+02,1.715020000000000000e+07
2.009090700000000000e+07,9.945000000000000000e+02,1.125000000000000000e+03,9.860000000000000000e+02,1.096000000000000000e+03,1.790060000000000000e+07
2.009091400000000000e+07,1.070000000000000000e+03,1.177000000000000000e+03,1.051449951171875000e+03,1.124000000000000000e+03,1.390280000000000000e+07
2.009092100000000000e+07,1.077000000000000000e+03,1.133000000000000000e+03,1.050000000000000000e+03,1.055000000000000000e+03,1.543820000000000000e+07
2.009092800000000000e+07,1.050000000000000000e+03,1.104000000000000000e+03,9.550000000000000000e+02,9.865000000000000000e+02,1.381430000000000000e+07
2.009100500000000000e+07,9.940000000000000000e+02,1.155000000000000000e+03,9.835000000000000000e+02,1.148000000000000000e+03,1.485590000000000000e+07
2.009101200000000000e+07,1.161000000000000000e+03,1.320000000000000000e+03,1.133939941406250000e+03,1.258000000000000000e+03,1.754900000000000000e+07
2.009101900000000000e+07,1.272000000000000000e+03,1.332000000000000000e+03,1.233000000000000000e+03,1.294000000000000000e+03,1.306940000000000000e+07
2.009102600000000000e+07,1.291000000000000000e+03,1.314000000000000000e+03,1.057000000000000000e+03,1.089000000000000000e+03,2.208730000000000000e+07
2.009110200000000000e+07,1.088000000000000000e+03,1.229000000000000000e+03,1.070000000000000000e+03,1.213000000000000000e+03,1.705540000000000000e+07
2.009110900000000000e+07,1.234000000000000000e+03,1.317000000000000000e+03,1.231000000000000000e+03,1.258000000000000000e+03,1.692400000000000000e+07
2.009111600000000000e+07,1.294000000000000000e+03,1.338000000000000000e+03,1.253000000000000000e+03,1.266000000000000000e+03,1.468130000000000000e+07
2.009112300000000000e+07,1.300000000000000000e+03,1.336000000000000000e+03,1.141000000000000000e+03,1.237000000000000000e+03,1.397690000000000000e+07
2.009113000000000000e+07,1.252000000000000000e+03,1.345000000000000000e+03,1.213000000000000000e+03,1.273000000000000000e+03,1.303980000000000000e+07
2.009120700000000000e+07,1.280000000000000000e+03,1.296000000000000000e+03,1.198000000000000000e+03,1.253000000000000000e+03,1.186790000000000000e+07
2.009121400000000000e+07,1.270000000000000000e+03,1.298000000000000000e+03,1.236000000000000000e+03,1.250000000000000000e+03,7.849900000000000000e+06
2.009122100000000000e+07,1.248000000000000000e+03,1.293000000000000000e+03,1.246000000000000000e+03,1.288000000000000000e+03,3.920400000000000000e+06
2.010010400000000000e+07,1.326000000000000000e+03,1.511000000000000000e+03,1.324000000000000000e+03,1.499000000000000000e+03,1.064980000000000000e+07
2.010011100000000000e+07,1.516000000000000000e+03,1.558000000000000000e+03,1.401000000000000000e+03,1.410000000000000000e+03,1.214610000000000000e+07
2.010011800000000000e+07,1.420000000000000000e+03,1.454000000000000000e+03,1.235000000000000000e+03,1.294000000000000000e+03,1.443720000000000000e+07
2.010012500000000000e+07,1.285000000000000000e+03,1.335000000000000000e+03,1.209000000000000000e+03,1.219000000000000000e+03,1.592780000000000000e+07
2.010020100000000000e+07,1.215000000000000000e+03,1.582000000000000000e+03,1.137000000000000000e+03,1.207000000000000000e+03,2.558830000000000000e+07
2.010020800000000000e+07,1.225000000000000000e+03,1.314000000000000000e+03,1.182000000000000000e+03,1.253000000000000000e+03,1.914820000000000000e+07
2.010021500000000000e+07,1.259000000000000000e+03,1.353000000000000000e+03,1.256000000000000000e+03,1.335000000000000000e+03,1.638620000000000000e+07
2.010022200000000000e+07,1.352000000000000000e+03,1.400000000000000000e+03,1.286000000000000000e+03,1.341000000000000000e+03,1.653910000000000000e+07
2.010030100000000000e+07,1.400000000000000000e+03,1.548000000000000000e+03,1.378000000000000000e+03,1.404000000000000000e+03,1.851820000000000000e+07
2.010030800000000000e+07,1.534000000000000000e+03,1.563000000000000000e+03,1.479000000000000000e+03,1.517000000000000000e+03,1.153370000000000000e+07
2.010031500000000000e+07,1.506000000000000000e+03,1.539000000000000000e+03,1.471000000000000000e+03,1.483000000000000000e+03,7.657500000000000000e+06
2.010032200000000000e+07,1.476000000000000000e+03,1.530000000000000000e+03,1.432000000000000000e+03,1.525000000000000000e+03,8.117600000000000000e+06
2.010032900000000000e+07,1.530000000000000000e+03,1.597000000000000000e+03,1.509000000000000000e+03,1.582000000000000000e+03,8.150300000000000000e+06
2.010040500000000000e+07,1.582000000000000000e+03,1.634000000000000000e+03,1.541000000000000000e+03,1.591000000000000000e+03,6.676100000000000000e+06
2.010041200000000000e+07,1.599000000000000000e+03,1.610000000000000000e+03,1.490000000000000000e+03,1.498000000000000000e+03,1.264040000000000000e+07
2.010041900000000000e+07,1.494000000000000000e+03,1.505000000000000000e+03,1.407000000000000000e+03,1.430000000000000000e+03,1.420570000000000000e+07
2.010042600000000000e+07,1.462000000000000000e+03,1.489000000000000000e+03,1.345000000000000000e+03,1.404000000000000000e+03,1.544250000000000000e+07
2.010050300000000000e+07,1.404000000000000000e+03,1.582000000000000000e+03,1.154000000000000000e+03,1.197000000000000000e+03,2.127190000000000000e+07
2.010051000000000000e+07,1.340000000000000000e+03,1.340000000000000000e+03,1.229000000000000000e+03,1.236000000000000000e+03,1.472540000000000000e+07
2.010051700000000000e+07,1.217000000000000000e+03,1.263000000000000000e+03,1.048000000000000000e+03,1.113000000000000000e+03,2.240840000000000000e+07
2.010052400000000000e+07,1.135000000000000000e+03,1.226000000000000000e+03,1.042000000000000000e+03,1.185000000000000000e+03,1.654980000000000000e+07
2.010053100000000000e+07,1.185000000000000000e+03,1.215000000000000000e+03,1.111000000000000000e+03,1.119000000000000000e+03,8.904400000000000000e+06
2.010060700000000000e+07,1.086000000000000000e+03,1.162000000000000000e+03,1.035000000000000000e+03,1.134000000000000000e+03,1.504210000000000000e+07
2.010061400000000000e+07,1.155000000000000000e+03,1.210000000000000000e+03,1.149000000000000000e+03,1.194000000000000000e+03,7.098000000000000000e+06
2.010062100000000000e+07,1.224000000000000000e+03,1.265000000000000000e+03,1.060000000000000000e+03,1.067000000000000000e+03,9.023800000000000000e+06
2.010062800000000000e+07,1.076000000000000000e+03,1.101000000000000000e+03,9.555000000000000000e+02,9.845000000000000000e+02,1.422450000000000000e+07
2.010070500000000000e+07,1.002000000000000000e+03,1.094000000000000000e+03,9.665000000000000000e+02,1.088000000000000000e+03,1.138660000000000000e+07
2.010071200000000000e+07,1.086000000000000000e+03,1.094000000000000000e+03,1.017000000000000000e+03,1.024000000000000000e+03,1.033420000000000000e+07
2.010071900000000000e+07,1.013000000000000000e+03,1.198000000000000000e+03,9.910000000000000000e+02,1.185000000000000000e+03,1.616830000000000000e+07
2.010072600000000000e+07,1.199000000000000000e+03,1.248000000000000000e+03,1.185000000000000000e+03,1.216000000000000000e+03,1.329460000000000000e+07
2.010080200000000000e+07,1.239000000000000000e+03,1.300000000000000000e+03,1.218000000000000000e+03,1.268000000000000000e+03,1.022930000000000000e+07
2.010080900000000000e+07,1.280000000000000000e+03,1.305000000000000000e+03,1.133000000000000000e+03,1.156000000000000000e+03,8.832200000000000000e+06
2.010081600000000000e+07,1.163000000000000000e+03,1.226000000000000000e+03,1.138000000000000000e+03,1.141000000000000000e+03,8.515400000000000000e+06
2.010082300000000000e+07,1.148000000000000000e+03,1.170000000000000000e+03,1.062000000000000000e+03,1.138000000000000000e+03,9.411700000000000000e+06
2.010083000000000000e+07,1.138000000000000000e+03,1.298000000000000000e+03,1.097000000000000000e+03,1.285000000000000000e+03,9.694800000000000000e+06
2.010090600000000000e+07,1.296000000000000000e+03,1.314000000000000000e+03,1.222000000000000000e+03,1.285000000000000000e+03,6.895500000000000000e+06
2.010091300000000000e+07,1.308000000000000000e+03,1.410000000000000000e+03,1.301000000000000000e+03,1.388000000000000000e+03,9.976800000000000000e+06
2.010092000000000000e+07,1.396000000000000000e+03,1.453000000000000000e+03,1.368000000000000000e+03,1.421000000000000000e+03,1.025210000000000000e+07
2.010092700000000000e+07,1.417000000000000000e+03,1.488000000000000000e+03,1.412000000000000000e+03,1.461000000000000000e+03,9.238300000000000000e+06
2.010100400000000000e+07,1.463000000000000000e+03,1.491000000000000000e+03,1.359000000000000000e+03,1.405000000000000000e+03,1.678050000000000000e+07
2.010101100000000000e+07,1.404000000000000000e+03,1.433000000000000000e+03,1.359000000000000000e+03,1.384000000000000000e+03,1.927700000000000000e+07
2.010101800000000000e+07,1.368000000000000000e+03,1.380000000000000000e+03,1.296000000000000000e+03,1.333000000000000000e+03,1.356530000000000000e+07
2.010102500000000000e+07,1.360000000000000000e+03,1.418000000000000000e+03,1.305000000000000000e+03,1.316000000000000000e+03,1.265350000000000000e+07
2.010110100000000000e+07,1.340000000000000000e+03,1.500000000000000000e+03,1.333000000000000000e+03,1.497000000000000000e+03,1.160790000000000000e+07
2.010110800000000000e+07,1.483000000000000000e+03,1.571000000000000000e+03,1.468000000000000000e+03,1.498000000000000000e+03,1.098480000000000000e+07
2.010111500000000000e+07,1.490000000000000000e+03,1.528000000000000000e+03,1.393000000000000000e+03,1.450000000000000000e+03,1.114300000000000000e+07
2.010112200000000000e+07,1.476000000000000000e+03,1.490000000000000000e+03,1.391000000000000000e+03,1.430000000000000000e+03,8.746800000000000000e+06
2.010112900000000000e+07,1.440000000000000000e+03,1.527000000000000000e+03,1.364000000000000000e+03,1.511000000000000000e+03,1.153070000000000000e+07
2.010120600000000000e+07,1.518000000000000000e+03,1.595000000000000000e+03,1.498000000000000000e+03,1.529000000000000000e+03,9.033400000000000000e+06
2.010121300000000000e+07,1.546000000000000000e+03,1.608000000000000000e+03,1.530000000000000000e+03,1.583000000000000000e+03,5.674700000000000000e+06
2.010122000000000000e+07,1.571000000000000000e+03,1.638000000000000000e+03,1.569000000000000000e+03,1.610000000000000000e+03,4.204700000000000000e+06
2.010122700000000000e+07,1.610000000000000000e+03,1.700000000000000000e+03,1.603000000000000000e+03,1.649000000000000000e+03,2.413800000000000000e+06
2.011011000000000000e+07,1.575000000000000000e+03,1.689000000000000000e+03,1.526000000000000000e+03,1.640000000000000000e+03,8.258900000000000000e+06
2.011011700000000000e+07,1.640000000000000000e+03,1.691000000000000000e+03,1.535000000000000000e+03,1.544000000000000000e+03,8.888300000000000000e+06
2.011012400000000000e+07,1.556000000000000000e+03,1.587000000000000000e+03,1.491000000000000000e+03,1.505000000000000000e+03,8.702700000000000000e+06
2.011013100000000000e+07,1.492000000000000000e+03,1.633000000000000000e+03,1.476000000000000000e+03,1.610000000000000000e+03,7.210800000000000000e+06
2.011020700000000000e+07,1.617000000000000000e+03,1.640000000000000000e+03,1.522000000000000000e+03,1.558000000000000000e+03,6.940800000000000000e+06
2.011021400000000000e+07,1.554000000000000000e+03,1.592000000000000000e+03,1.471000000000000000e+03,1.481000000000000000e+03,6.067300000000000000e+06
2.011022100000000000e+07,1.482000000000000000e+03,1.497000000000000000e+03,1.367890014648437500e+03,1.432000000000000000e+03,1.024140000000000000e+07
2.011022800000000000e+07,1.440000000000000000e+03,1.517000000000000000e+03,1.360000000000000000e+03,1.473000000000000000e+03,1.028710000000000000e+07
2.011030700000000000e+07,1.468000000000000000e+03,1.486000000000000000e+03,1.296000000000000000e+03,1.335000000000000000e+03,1.084830000000000000e+07
2.011031400000000000e+07,1.329000000000000000e+03,1.375000000000000000e+03,1.225000000000000000e+03,1.357000000000000000e+03,1.265770000000000000e+07
2.011032100000000000e+07,1.383000000000000000e+03,1.459000000000000000e+03,1.360000000000000000e+03,1.447000000000000000e+03,7.825100000000000000e+06
2.011032800000000000e+07,1.439000000000000000e+03,1.457000000000000000e+03,1.377000000000000000e+03,1.408000000000000000e+03,7.991100000000000000e+06
2.011040400000000000e+07,1.408000000000000000e+03,1.502650024414062500e+03,1.402000000000000000e+03,1.489000000000000000e+03,7.905600000000000000e+06
2.011041100000000000e+07,1.489000000000000000e+03,1.505000000000000000e+03,1.351599975585937500e+03,1.359000000000000000e+03,9.103600000000000000e+06
2.011041800000000000e+07,1.362000000000000000e+03,1.395119995117187500e+03,1.302000000000000000e+03,1.391000000000000000e+03,9.222700000000000000e+06
2.011050900000000000e+07,1.273000000000000000e+03,1.310000000000000000e+03,1.201000000000000000e+03,1.213000000000000000e+03,9.842900000000000000e+06
2.011051600000000000e+07,1.205000000000000000e+03,1.280000000000000000e+03,1.200000000000000000e+03,1.249000000000000000e+03,1.013390000000000000e+07
2.011052300000000000e+07,1.225000000000000000e+03,1.500000000000000000e+03,1.196000000000000000e+03,1.296000000000000000e+03,1.151210000000000000e+07
2.011060600000000000e+07,1.260000000000000000e+03,1.289000000000000000e+03,1.202000000000000000e+03,1.209000000000000000e+03,9.710900000000000000e+06
2.011061300000000000e+07,1.225000000000000000e+03,1.299069946289062500e+03,1.217000000000000000e+03,1.261000000000000000e+03,1.510540000000000000e+07
2.011062000000000000e+07,1.236000000000000000e+03,1.312000000000000000e+03,1.223000000000000000e+03,1.255000000000000000e+03,8.133400000000000000e+06
2.011062700000000000e+07,1.243000000000000000e+03,1.400000000000000000e+03,1.243000000000000000e+03,1.399000000000000000e+03,8.014500000000000000e+06
2.011070400000000000e+07,1.402000000000000000e+03,1.414000000000000000e+03,1.345000000000000000e+03,1.352000000000000000e+03,7.457700000000000000e+06
2.011071100000000000e+07,1.346000000000000000e+03,1.375000000000000000e+03,1.276000000000000000e+03,1.329000000000000000e+03,7.725500000000000000e+06
2.011071800000000000e+07,1.314000000000000000e+03,1.387000000000000000e+03,1.297000000000000000e+03,1.356000000000000000e+03,6.453400000000000000e+06
2.011072500000000000e+07,1.334000000000000000e+03,1.378000000000000000e+03,1.306000000000000000e+03,1.348000000000000000e+03,7.956700000000000000e+06
2.011080100000000000e+07,1.365000000000000000e+03,1.385000000000000000e+03,1.023000000000000000e+03,1.064000000000000000e+03,1.497030000000000000e+07
2.011080800000000000e+07,1.051000000000000000e+03,1.073000000000000000e+03,8.920000000000000000e+02,1.015000000000000000e+03,2.379680000000000000e+07
2.011081500000000000e+07,1.036000000000000000e+03,1.063880004882812500e+03,8.990000000000000000e+02,9.495000000000000000e+02,1.246610000000000000e+07
2.011082200000000000e+07,9.340000000000000000e+02,1.025000000000000000e+03,9.155000000000000000e+02,9.910000000000000000e+02,1.344720000000000000e+07
2.011090500000000000e+07,1.012000000000000000e+03,1.084000000000000000e+03,9.715000000000000000e+02,1.018000000000000000e+03,1.002300000000000000e+07
2.011091200000000000e+07,9.885000000000000000e+02,1.088510009765625000e+03,9.620000000000000000e+02,1.052000000000000000e+03,1.043280000000000000e+07
2.011091900000000000e+07,1.027000000000000000e+03,1.030000000000000000e+03,7.750000000000000000e+02,8.140000000000000000e+02,1.494370000000000000e+07
2.011092600000000000e+07,7.875000000000000000e+02,8.685000000000000000e+02,7.645000000000000000e+02,7.930000000000000000e+02,1.815830000000000000e+07
2.011100300000000000e+07,7.615000000000000000e+02,8.700000000000000000e+02,7.000000000000000000e+02,8.575000000000000000e+02,1.500430000000000000e+07
2.011101000000000000e+07,8.665000000000000000e+02,9.437479858398437500e+02,8.425000000000000000e+02,9.000000000000000000e+02,1.052590000000000000e+07
2.011101700000000000e+07,9.175000000000000000e+02,9.395579833984375000e+02,8.240000000000000000e+02,8.565000000000000000e+02,1.203550000000000000e+07
2.011102400000000000e+07,8.945000000000000000e+02,1.045150024414062500e+03,8.785000000000000000e+02,1.017000000000000000e+03,1.310670000000000000e+07
2.011103100000000000e+07,9.980000000000000000e+02,1.000119995117187500e+03,8.540000000000000000e+02,9.510000000000000000e+02,1.614840000000000000e+07
2.011110700000000000e+07,9.370000000000000000e+02,9.750000000000000000e+02,8.915000000000000000e+02,9.315000000000000000e+02,1.014900000000000000e+07
2.011111400000000000e+07,9.420000000000000000e+02,9.515780029296875000e+02,8.585000000000000000e+02,8.625000000000000000e+02,8.236100000000000000e+06
2.011112100000000000e+07,8.560000000000000000e+02,8.565000000000000000e+02,7.820000000000000000e+02,8.050000000000000000e+02,7.887900000000000000e+06
2.011112800000000000e+07,8.205000000000000000e+02,9.650000000000000000e+02,8.145000000000000000e+02,9.560000000000000000e+02,1.324290000000000000e+07
2.011120500000000000e+07,9.665000000000000000e+02,9.940520019531250000e+02,8.915000000000000000e+02,9.430000000000000000e+02,1.181630000000000000e+07
2.011121200000000000e+07,9.395000000000000000e+02,9.404349975585937500e+02,8.422199707031250000e+02,8.740000000000000000e+02,1.160290000000000000e+07
2.011121900000000000e+07,8.620000000000000000e+02,9.335000000000000000e+02,8.430000000000000000e+02,9.265000000000000000e+02,8.286400000000000000e+06
2.011122600000000000e+07,9.265000000000000000e+02,9.370000000000000000e+02,9.015000000000000000e+02,9.270000000000000000e+02,1.760600000000000000e+06
2.012010200000000000e+07,9.270000000000000000e+02,1.026890014648437500e+03,9.270000000000000000e+02,9.950000000000000000e+02,1.014840000000000000e+07
2.012010900000000000e+07,9.955000000000000000e+02,1.088000000000000000e+03,9.730000000000000000e+02,1.052000000000000000e+03,1.157320000000000000e+07
2.012011600000000000e+07,1.046000000000000000e+03,1.132000000000000000e+03,1.032000000000000000e+03,1.123000000000000000e+03,1.032060000000000000e+07
2.012012300000000000e+07,1.123000000000000000e+03,1.210000000000000000e+03,1.093000000000000000e+03,1.160000000000000000e+03,1.051260000000000000e+07
2.012013000000000000e+07,1.150000000000000000e+03,1.223000000000000000e+03,1.122000000000000000e+03,1.214000000000000000e+03,1.364040000000000000e+07
2.012020600000000000e+07,1.215000000000000000e+03,1.221000000000000000e+03,1.118000000000000000e+03,1.124000000000000000e+03,1.188810000000000000e+07
2.012021300000000000e+07,1.142000000000000000e+03,1.167000000000000000e+03,1.084000000000000000e+03,1.124000000000000000e+03,9.927200000000000000e+06
2.012022000000000000e+07,1.140000000000000000e+03,1.174000000000000000e+03,1.135910034179687500e+03,1.163000000000000000e+03,9.199600000000000000e+06
2.012022700000000000e+07,1.149000000000000000e+03,1.168000000000000000e+03,9.970000000000000000e+02,1.000000000000000000e+03,1.791690000000000000e+07
2.012030500000000000e+07,9.850000000000000000e+02,9.878969726562500000e+02,9.135000000000000000e+02,9.580000000000000000e+02,2.228230000000000000e+07
2.012031200000000000e+07,9.645000000000000000e+02,9.904420166015625000e+02,8.722899780273437500e+02,9.600000000000000000e+02,1.639060000000000000e+07
2.012031900000000000e+07,9.605000000000000000e+02,9.694699707031250000e+02,9.005000000000000000e+02,9.355000000000000000e+02,1.389710000000000000e+07
2.012032600000000000e+07,9.390000000000000000e+02,9.700000000000000000e+02,8.805000000000000000e+02,9.080000000000000000e+02,1.548020000000000000e+07
2.012040200000000000e+07,9.195000000000000000e+02,9.325000000000000000e+02,8.724899902343750000e+02,9.065000000000000000e+02,1.173550000000000000e+07
2.012040900000000000e+07,9.065000000000000000e+02,9.065000000000000000e+02,8.480000000000000000e+02,8.800000000000000000e+02,9.654100000000000000e+06
2.012041600000000000e+07,8.765000000000000000e+02,9.045000000000000000e+02,8.615000000000000000e+02,8.895000000000000000e+02,1.706140000000000000e+07
2.012042300000000000e+07,8.800000000000000000e+02,8.905000000000000000e+02,8.420000000000000000e+02,8.790000000000000000e+02,1.199710000000000000e+07
2.012043000000000000e+07,8.820000000000000000e+02,8.862700195312500000e+02,7.710000000000000000e+02,7.740000000000000000e+02,1.175340000000000000e+07
2.012050700000000000e+07,7.740000000000000000e+02,7.955000000000000000e+02,7.390000000000000000e+02,7.640000000000000000e+02,1.103010000000000000e+07
2.012051400000000000e+07,7.550000000000000000e+02,7.550000000000000000e+02,6.698419799804687500e+02,6.935000000000000000e+02,1.176790000000000000e+07
2.012052100000000000e+07,6.900000000000000000e+02,7.415000000000000000e+02,6.746550292968750000e+02,6.800000000000000000e+02,1.122440000000000000e+07
2.012052800000000000e+07,6.855000000000000000e+02,7.150000000000000000e+02,6.420000000000000000e+02,6.650000000000000000e+02,9.640600000000000000e+06
2.012060400000000000e+07,6.650000000000000000e+02,7.550000000000000000e+02,6.650000000000000000e+02,7.050000000000000000e+02,7.022200000000000000e+06
2.012061100000000000e+07,7.350000000000000000e+02,7.406019897460937500e+02,6.785000000000000000e+02,7.225000000000000000e+02,8.742800000000000000e+06
2.012061800000000000e+07,7.370000000000000000e+02,7.670000000000000000e+02,6.980000000000000000e+02,7.020000000000000000e+02,9.668900000000000000e+06
2.012062500000000000e+07,6.990000000000000000e+02,7.350000000000000000e+02,6.685000000000000000e+02,7.215000000000000000e+02,1.132480000000000000e+07
2.012070200000000000e+07,7.290000000000000000e+02,7.740000000000000000e+02,7.210000000000000000e+02,7.250000000000000000e+02,8.162500000000000000e+06
2.012070900000000000e+07,7.260000000000000000e+02,7.460000000000000000e+02,6.945000000000000000e+02,7.440000000000000000e+02,8.331100000000000000e+06
2.012071600000000000e+07,7.420000000000000000e+02,7.420000000000000000e+02,7.000000000000000000e+02,7.035000000000000000e+02,7.270700000000000000e+06
2.012072300000000000e+07,6.925000000000000000e+02,7.030000000000000000e+02,6.610000000000000000e+02,6.990000000000000000e+02,8.893000000000000000e+06
2.012073000000000000e+07,7.025000000000000000e+02,7.300999755859375000e+02,6.775000000000000000e+02,7.235000000000000000e+02,9.045300000000000000e+06
2.012080600000000000e+07,7.240000000000000000e+02,7.682800292968750000e+02,7.201250000000000000e+02,7.460000000000000000e+02,8.374900000000000000e+06
2.012081300000000000e+07,7.455000000000000000e+02,7.523480224609375000e+02,7.125000000000000000e+02,7.400000000000000000e+02,6.537600000000000000e+06
2.012082000000000000e+07,7.410000000000000000e+02,7.450000000000000000e+02,6.480000000000000000e+02,6.605000000000000000e+02,1.274090000000000000e+07
2.012082700000000000e+07,6.605000000000000000e+02,6.631250000000000000e+02,5.850000000000000000e+02,5.930000000000000000e+02,1.456310000000000000e+07
2.012090300000000000e+07,5.960000000000000000e+02,6.635000000000000000e+02,5.690000000000000000e+02,6.575000000000000000e+02,1.757180000000000000e+07
2.012091000000000000e+07,6.580000000000000000e+02,7.950000000000000000e+02,6.543499755859375000e+02,7.730000000000000000e+02,2.408810000000000000e+07
2.012091700000000000e+07,7.660000000000000000e+02,7.828720092773437500e+02,7.151640014648437500e+02,7.290000000000000000e+02,1.299650000000000000e+07
2.012092400000000000e+07,7.210000000000000000e+02,7.270000000000000000e+02,6.829500122070312500e+02,6.925000000000000000e+02,8.970300000000000000e+06
2.012100100000000000e+07,6.920000000000000000e+02,7.500000000000000000e+02,6.910000000000000000e+02,7.380000000000000000e+02,8.132400000000000000e+06
2.012100800000000000e+07,7.300000000000000000e+02,7.505000000000000000e+02,7.125000000000000000e+02,7.155000000000000000e+02,8.748900000000000000e+06
2.012101500000000000e+07,7.070000000000000000e+02,7.845000000000000000e+02,6.855000000000000000e+02,7.630000000000000000e+02,1.365930000000000000e+07
2.012102200000000000e+07,7.600000000000000000e+02,7.725000000000000000e+02,7.094500122070312500e+02,7.145000000000000000e+02,1.350110000000000000e+07
2.012102900000000000e+07,7.125000000000000000e+02,7.456250000000000000e+02,7.010000000000000000e+02,7.350000000000000000e+02,1.020740000000000000e+07
2.012110500000000000e+07,7.235000000000000000e+02,7.337700195312500000e+02,6.705000000000000000e+02,6.820000000000000000e+02,9.534500000000000000e+06
2.012111200000000000e+07,6.820000000000000000e+02,6.875000000000000000e+02,6.540000000000000000e+02,6.545000000000000000e+02,8.631600000000000000e+06
2.012111900000000000e+07,6.650000000000000000e+02,7.000000000000000000e+02,6.650000000000000000e+02,6.935000000000000000e+02,6.159800000000000000e+06
2.012112600000000000e+07,6.945000000000000000e+02,7.320000000000000000e+02,6.650000000000000000e+02,7.135000000000000000e+02,8.876400000000000000e+06
2.012120300000000000e+07,7.150000000000000000e+02,7.560000000000000000e+02,7.115000000000000000e+02,7.455000000000000000e+02,8.253900000000000000e+06
2.012121000000000000e+07,7.420000000000000000e+02,7.610000000000000000e+02,7.343599853515625000e+02,7.580000000000000000e+02,6.410400000000000000e+06
2.012121700000000000e+07,7.580000000000000000e+02,7.890700073242187500e+02,7.505000000000000000e+02,7.585000000000000000e+02,7.494900000000000000e+06
2.012122400000000000e+07,7.570000000000000000e+02,7.900000000000000000e+02,7.565000000000000000e+02,7.770000000000000000e+02,1.772400000000000000e+06
2.012123100000000000e+07,7.720000000000000000e+02,8.395000000000000000e+02,7.685000000000000000e+02,8.115000000000000000e+02,4.111700000000000000e+06
2.013010700000000000e+07,8.090000000000000000e+02,8.330000000000000000e+02,8.025000000000000000e+02,8.085000000000000000e+02,6.244300000000000000e+06
2.013011400000000000e+07,8.055000000000000000e+02,8.149910278320312500e+02,7.587890014648437500e+02,7.765000000000000000e+02,7.299000000000000000e+06
2.013012100000000000e+07,7.785000000000000000e+02,7.851400146484375000e+02,7.468750000000000000e+02,7.535000000000000000e+02,5.506000000000000000e+06
2.013012800000000000e+07,7.530000000000000000e+02,7.690000000000000000e+02,7.273179931640625000e+02,7.540000000000000000e+02,1.087200000000000000e+07
2.013020400000000000e+07,7.545000000000000000e+02,7.550000000000000000e+02,7.220000000000000000e+02,7.455000000000000000e+02,7.226300000000000000e+06
2.013021100000000000e+07,7.445000000000000000e+02,7.755000000000000000e+02,7.428750000000000000e+02,7.465000000000000000e+02,6.264800000000000000e+06
2.013021800000000000e+07,7.510000000000000000e+02,7.520000000000000000e+02,6.660000000000000000e+02,6.780000000000000000e+02,1.050760000000000000e+07
2.013022500000000000e+07,6.760000000000000000e+02,6.970000000000000000e+02,5.775000000000000000e+02,5.900000000000000000e+02,1.593840000000000000e+07
2.013030400000000000e+07,5.775000000000000000e+02,5.792890014648437500e+02,5.255000000000000000e+02,5.325000000000000000e+02,1.692430000000000000e+07
2.013031100000000000e+07,5.335000000000000000e+02,5.570000000000000000e+02,5.166250000000000000e+02,5.385000000000000000e+02,2.096720000000000000e+07
2.013031800000000000e+07,5.250000000000000000e+02,5.422449951171875000e+02,4.657000122070312500e+02,4.683999999999999773e+02,2.185490000000000000e+07
2.013032500000000000e+07,4.730000000000000000e+02,4.757000122070312500e+02,3.820000000000000000e+02,3.923999999999999773e+02,2.605460000000000000e+07
2.013040100000000000e+07,3.923999999999999773e+02,3.983999938964843750e+02,3.376000061035156250e+02,3.648000000000000114e+02,2.594190000000000000e+07
2.013040800000000000e+07,3.750000000000000000e+02,4.227000122070312500e+02,3.665000000000000000e+02,3.746000000000000227e+02,3.725860000000000000e+07
2.013041500000000000e+07,3.663000000000000114e+02,4.020000000000000000e+02,2.910000000000000000e+02,3.856999999999999886e+02,4.620820000000000000e+07
2.013042200000000000e+07,3.893999999999999773e+02,3.976000061035156250e+02,3.338999938964843750e+02,3.568000000000000114e+02,2.544880000000000000e+07
2.013042900000000000e+07,3.593000000000000114e+02,3.752999877929687500e+02,3.287000122070312500e+02,3.725000000000000000e+02,1.640320000000000000e+07
2.013050600000000000e+07,3.725000000000000000e+02,3.927000122070312500e+02,3.560000000000000000e+02,3.691999999999999886e+02,1.290690000000000000e+07
2.013051300000000000e+07,3.673000000000000114e+02,3.754500122070312500e+02,3.280000000000000000e+02,3.383999999999999773e+02,1.657130000000000000e+07
2.013052000000000000e+07,3.376999999999999886e+02,3.676000061035156250e+02,3.182999877929687500e+02,3.261000000000000227e+02,2.031480000000000000e+07
2.013052700000000000e+07,3.261000000000000227e+02,3.488999938964843750e+02,3.167000122070312500e+02,3.275000000000000000e+02,2.843180000000000000e+07
2.013060300000000000e+07,3.258000000000000114e+02,3.357999877929687500e+02,3.122999877929687500e+02,3.213000000000000114e+02,1.895290000000000000e+07
2.013061000000000000e+07,3.228000000000000114e+02,3.232000122070312500e+02,2.811000061035156250e+02,3.075000000000000000e+02,1.808230000000000000e+07
2.013061700000000000e+07,3.098999999999999773e+02,3.100000000000000000e+02,2.693999938964843750e+02,2.693999999999999773e+02,1.360060000000000000e+07
2.013062400000000000e+07,2.410000000000000000e+02,2.755899963378906250e+02,2.275200042724609375e+02,2.586999999999999886e+02,2.428520000000000000e+07
2.013070100000000000e+07,2.626999999999999886e+02,2.843999938964843750e+02,2.511999969482421875e+02,2.515999999999999943e+02,8.902500000000000000e+06
2.013070800000000000e+07,2.550999999999999943e+02,2.645000000000000000e+02,2.470000000000000000e+02,2.551999999999999886e+02,8.017400000000000000e+06
2.013071500000000000e+07,2.510000000000000000e+02,2.652000122070312500e+02,2.408999938964843750e+02,2.583000000000000114e+02,8.551600000000000000e+06
2.013072200000000000e+07,2.575000000000000000e+02,2.810000000000000000e+02,2.515000000000000000e+02,2.685000000000000000e+02,9.257900000000000000e+06
2.013072900000000000e+07,2.720000000000000000e+02,2.773999938964843750e+02,2.588999938964843750e+02,2.625000000000000000e+02,6.167700000000000000e+06
2.013080500000000000e+07,2.588000000000000114e+02,2.890000000000000000e+02,2.391999969482421875e+02,2.850000000000000000e+02,1.099900000000000000e+07
2.013081200000000000e+07,2.836000000000000227e+02,3.178080139160156250e+02,2.821000061035156250e+02,3.165000000000000000e+02,1.030910000000000000e+07
2.013081900000000000e+07,3.165000000000000000e+02,3.165000000000000000e+02,2.916000061035156250e+02,3.091999999999999886e+02,8.116200000000000000e+06
2.013082600000000000e+07,3.091999999999999886e+02,3.163999938964843750e+02,2.990000000000000000e+02,3.015000000000000000e+02,7.157900000000000000e+06
2.013090200000000000e+07,3.041999999999999886e+02,3.177999877929687500e+02,3.033999938964843750e+02,3.118000000000000114e+02,5.096000000000000000e+06
2.013090900000000000e+07,3.131000000000000227e+02,3.206300048828125000e+02,2.957000122070312500e+02,3.011000000000000227e+02,5.396800000000000000e+06
2.013091600000000000e+07,3.066999999999999886e+02,3.103999938964843750e+02,2.835000000000000000e+02,2.926000000000000227e+02,6.792100000000000000e+06
2.013092300000000000e+07,2.938000000000000114e+02,3.000000000000000000e+02,2.731000061035156250e+02,2.738999999999999773e+02,6.411200000000000000e+06
2.013093000000000000e+07,2.678999999999999773e+02,2.750000000000000000e+02,2.510000000000000000e+02,2.510000000000000000e+02,5.979400000000000000e+06
2.013100700000000000e+07,2.510000000000000000e+02,2.596000061035156250e+02,2.417250061035156250e+02,2.573000000000000114e+02,5.826800000000000000e+06
2.013101400000000000e+07,2.555000000000000000e+02,2.681000061035156250e+02,2.516799926757812500e+02,2.550999999999999943e+02,4.738500000000000000e+06
2.013102100000000000e+07,2.556999999999999886e+02,2.676000061035156250e+02,2.510000000000000000e+02,2.630000000000000000e+02,5.624800000000000000e+06
2.013102800000000000e+07,2.585000000000000000e+02,2.682999877929687500e+02,2.523999938964843750e+02,2.540000000000000000e+02,6.059800000000000000e+06
2.013110400000000000e+07,2.541999999999999886e+02,2.822000122070312500e+02,2.510899963378906250e+02,2.561999999999999886e+02,9.783000000000000000e+06
2.013111100000000000e+07,2.560000000000000000e+02,2.595700073242187500e+02,2.391000061035156250e+02,2.468000000000000114e+02,6.323700000000000000e+06
2.013111800000000000e+07,2.470000000000000000e+02,2.498999938964843750e+02,2.343999938964843750e+02,2.400999999999999943e+02,5.131400000000000000e+06
2.013112500000000000e+07,2.424000000000000057e+02,2.451000061035156250e+02,2.170000000000000000e+02,2.373000000000000114e+02,9.556200000000000000e+06
2.013120200000000000e+07,2.350000000000000000e+02,2.413300018310546875e+02,2.038000030517578125e+02,2.178000000000000114e+02,9.606700000000000000e+06
2.013120900000000000e+07,2.220000000000000000e+02,2.240000000000000000e+02,1.900000000000000000e+02,1.910000000000000000e+02,1.860650000000000000e+07
2.013121600000000000e+07,1.910000000000000000e+02,2.031300048828125000e+02,1.878999938964843750e+02,1.936999999999999886e+02,1.023940000000000000e+07
2.013122300000000000e+07,1.923000000000000114e+02,2.198000030517578125e+02,1.916000061035156250e+02,2.185000000000000000e+02,4.417500000000000000e+06
2.013123000000000000e+07,2.195000000000000000e+02,2.225119934082031250e+02,2.058999938964843750e+02,2.098000000000000114e+02,5.678500000000000000e+06
2.014010600000000000e+07,2.098000000000000114e+02,2.103000030517578125e+02,1.954730072021484375e+02,1.968000000000000114e+02,8.607900000000000000e+06
2.014011300000000000e+07,1.940000000000000000e+02,2.009080047607421875e+02,1.911000061035156250e+02,1.951999999999999886e+02,6.553200000000000000e+06
2.014012000000000000e+07,1.950000000000000000e+02,1.993999938964843750e+02,1.710000000000000000e+02,1.720000000000000000e+02,1.120410000000000000e+07
2.014012700000000000e+07,1.716999999999999886e+02,1.888999938964843750e+02,1.700000000000000000e+02,1.780999999999999943e+02,1.237480000000000000e+07
2.014020300000000000e+07,1.785000000000000000e+02,1.800000000000000000e+02,1.723999938964843750e+02,1.786999999999999886e+02,6.034500000000000000e+06
2.014021000000000000e+07,1.788000000000000114e+02,2.391000061035156250e+02,1.761000061035156250e+02,2.339000000000000057e+02,2.793580000000000000e+07
2.014021700000000000e+07,2.280999999999999943e+02,2.388000030517578125e+02,2.236999969482421875e+02,2.361999999999999886e+02,1.157260000000000000e+07
2.014022400000000000e+07,2.349000000000000057e+02,3.247999877929687500e+02,2.233999938964843750e+02,3.053999999999999773e+02,2.987810000000000000e+07
2.014030300000000000e+07,2.861999999999999886e+02,3.122999877929687500e+02,2.851300048828125000e+02,2.925000000000000000e+02,1.213470000000000000e+07
2.014031000000000000e+07,2.880000000000000000e+02,2.928999938964843750e+02,2.610000000000000000e+02,2.640000000000000000e+02,1.138800000000000000e+07
2.014031700000000000e+07,2.636000000000000227e+02,2.647999877929687500e+02,2.428999938964843750e+02,2.490000000000000000e+02,1.580230000000000000e+07
2.014032400000000000e+07,2.466999999999999886e+02,2.595000000000000000e+02,2.381000061035156250e+02,2.563999999999999773e+02,1.065890000000000000e+07
2.014033100000000000e+07,2.591000000000000227e+02,2.722999877929687500e+02,2.579979858398437500e+02,2.676000000000000227e+02,6.440700000000000000e+06
2.014040700000000000e+07,2.633000000000000114e+02,2.668999938964843750e+02,2.383999938964843750e+02,2.455000000000000000e+02,6.209200000000000000e+06
2.014041400000000000e+07,2.450000000000000000e+02,2.466000061035156250e+02,2.310000000000000000e+02,2.340000000000000000e+02,4.922900000000000000e+06
2.014042100000000000e+07,2.340000000000000000e+02,2.461399993896484375e+02,2.291999969482421875e+02,2.393000000000000114e+02,3.219500000000000000e+06
2.014042800000000000e+07,2.374000000000000057e+02,2.483999938964843750e+02,2.261999969482421875e+02,2.460000000000000000e+02,5.024900000000000000e+06
2.014050500000000000e+07,2.460000000000000000e+02,2.550000000000000000e+02,2.401250000000000000e+02,2.535000000000000000e+02,4.451100000000000000e+06
2.014051200000000000e+07,2.540999999999999943e+02,2.632300109863281250e+02,2.416999969482421875e+02,2.506999999999999886e+02,6.580800000000000000e+06
2.014051900000000000e+07,2.483000000000000114e+02,2.667999877929687500e+02,2.483000030517578125e+02,2.663999999999999773e+02,6.571500000000000000e+06
2.014052600000000000e+07,2.663999999999999773e+02,2.807000122070312500e+02,2.627000122070312500e+02,2.765000000000000000e+02,5.687000000000000000e+06
2.014060200000000000e+07,2.771000000000000227e+02,2.878699951171875000e+02,2.723999938964843750e+02,2.783000000000000114e+02,8.608700000000000000e+06
2.014060900000000000e+07,2.786999999999999886e+02,2.833999938964843750e+02,2.741000061035156250e+02,2.755000000000000000e+02,5.384000000000000000e+06
2.014061600000000000e+07,2.756000000000000227e+02,3.091000061035156250e+02,2.735000000000000000e+02,3.050000000000000000e+02,1.048510000000000000e+07
2.014062300000000000e+07,3.068999999999999773e+02,3.204450073242187500e+02,2.976000061035156250e+02,3.040000000000000000e+02,6.724000000000000000e+06
2.014063000000000000e+07,3.050000000000000000e+02,3.216000061035156250e+02,2.991000061035156250e+02,3.196999999999999886e+02,6.916100000000000000e+06
2.014070700000000000e+07,3.205000000000000000e+02,3.303880004882812500e+02,3.090000000000000000e+02,3.151999999999999886e+02,6.156900000000000000e+06
2.014071400000000000e+07,3.143999999999999773e+02,3.264849853515625000e+02,2.997000122070312500e+02,3.026000000000000227e+02,5.674200000000000000e+06
2.014072100000000000e+07,3.038000000000000114e+02,3.555150146484375000e+02,2.963500061035156250e+02,3.430000000000000000e+02,2.010240000000000000e+07
2.014072800000000000e+07,3.433999999999999773e+02,3.498320007324218750e+02,3.085000000000000000e+02,3.153999999999999773e+02,6.310200000000000000e+06
2.014080400000000000e+07,3.190000000000000000e+02,3.291000061035156250e+02,2.950000000000000000e+02,3.133000000000000114e+02,8.684100000000000000e+06
2.014081100000000000e+07,3.153000000000000114e+02,3.207000122070312500e+02,3.027999877929687500e+02,3.035000000000000000e+02,3.853500000000000000e+06
2.014081800000000000e+07,3.066000000000000227e+02,3.148999938964843750e+02,2.860000000000000000e+02,2.958999999999999773e+02,7.652800000000000000e+06
2.014082500000000000e+07,2.958999999999999773e+02,3.051000061035156250e+02,2.892999877929687500e+02,2.968999999999999773e+02,5.287600000000000000e+06
2.014090100000000000e+07,2.958999999999999773e+02,3.130000000000000000e+02,2.953999938964843750e+02,3.013999999999999773e+02,6.410200000000000000e+06
2.014090800000000000e+07,3.018000000000000114e+02,3.061000061035156250e+02,2.782000122070312500e+02,2.803999999999999773e+02,4.330200000000000000e+06
2.014091500000000000e+07,2.810000000000000000e+02,2.842000122070312500e+02,2.650000000000000000e+02,2.655000000000000000e+02,4.322100000000000000e+06
2.014092200000000000e+07,2.650000000000000000e+02,2.755000000000000000e+02,2.650000000000000000e+02,2.700000000000000000e+02,7.020600000000000000e+06
2.014092900000000000e+07,2.720000000000000000e+02,2.720000000000000000e+02,2.391000061035156250e+02,2.420000000000000000e+02,6.054700000000000000e+06
2.014100600000000000e+07,2.449000000000000057e+02,2.595000000000000000e+02,2.400000000000000000e+02,2.415000000000000000e+02,4.479900000000000000e+06
2.014101300000000000e+07,2.401999999999999886e+02,2.575000000000000000e+02,2.400000000000000000e+02,2.524000000000000057e+02,5.014200000000000000e+06
2.014102000000000000e+07,2.520000000000000000e+02,2.563999938964843750e+02,2.275000000000000000e+02,2.303000000000000114e+02,6.136500000000000000e+06
2.014102700000000000e+07,2.340000000000000000e+02,2.351000061035156250e+02,2.158000030517578125e+02,2.301999999999999886e+02,7.247900000000000000e+06
2.014110300000000000e+07,2.291999999999999886e+02,2.488000030517578125e+02,2.285000000000000000e+02,2.395000000000000000e+02,7.277800000000000000e+06
2.014111000000000000e+07,2.419000000000000057e+02,2.747999877929687500e+02,2.366999969482421875e+02,2.690000000000000000e+02,1.316860000000000000e+07
2.014111700000000000e+07,2.673999999999999773e+02,2.825000000000000000e+02,2.266000061035156250e+02,2.475999999999999943e+02,1.299420000000000000e+07
2.014112400000000000e+07,2.475999999999999943e+02,2.570000000000000000e+02,2.355000000000000000e+02,2.361999999999999886e+02,6.634800000000000000e+06
2.014120100000000000e+07,2.310999999999999943e+02,2.541999969482421875e+02,2.273999938964843750e+02,2.454000000000000057e+02,6.299000000000000000e+06
2.014120800000000000e+07,2.450000000000000000e+02,2.752999877929687500e+02,2.393000030517578125e+02,2.498000000000000114e+02,7.107000000000000000e+06
2.014121500000000000e+07,2.520000000000000000e+02,2.526999969482421875e+02,2.236999969482421875e+02,2.471999999999999886e+02,1.036820000000000000e+07
2.014122200000000000e+07,2.475000000000000000e+02,2.500000000000000000e+02,2.391999969482421875e+02,2.481999999999999886e+02,1.733400000000000000e+06
2.014122900000000000e+07,2.471999999999999886e+02,2.607000122070312500e+02,2.425559997558593750e+02,2.606999999999999886e+02,3.353700000000000000e+06
2.015010500000000000e+07,2.568999999999999773e+02,2.651000061035156250e+02,2.456000061035156250e+02,2.583999999999999773e+02,6.124500000000000000e+06
2.015011200000000000e+07,2.556999999999999886e+02,2.637000122070312500e+02,1.606000061035156250e+02,1.940999999999999943e+02,2.806010000000000000e+07
2.015011900000000000e+07,1.969000000000000057e+02,2.157810058593750000e+02,1.920899963378906250e+02,1.970999999999999943e+02,1.275270000000000000e+07
2.015012600000000000e+07,1.980000000000000000e+02,2.053999938964843750e+02,1.811000061035156250e+02,2.008000000000000114e+02,1.058190000000000000e+07
2.015020200000000000e+07,1.998000000000000114e+02,2.431040039062500000e+02,1.986999969482421875e+02,2.320000000000000000e+02,1.201960000000000000e+07
2.015020900000000000e+07,2.330000000000000000e+02,2.613110046386718750e+02,2.300000000000000000e+02,2.576999999999999886e+02,1.037700000000000000e+07
2.015021600000000000e+07,2.550000000000000000e+02,2.710000000000000000e+02,2.443000030517578125e+02,2.570000000000000000e+02,1.009370000000000000e+07
2.015022300000000000e+07,2.570000000000000000e+02,2.657999877929687500e+02,2.446000061035156250e+02,2.535999999999999943e+02,8.308300000000000000e+06
2.015030200000000000e+07,2.520999999999999943e+02,2.572000122070312500e+02,2.250000000000000000e+02,2.255999999999999943e+02,9.089600000000000000e+06
2.015030900000000000e+07,2.250000000000000000e+02,2.272299957275390625e+02,1.958800048828125000e+02,1.980000000000000000e+02,9.395600000000000000e+06
2.015031600000000000e+07,2.015000000000000000e+02,2.304799957275390625e+02,1.956000061035156250e+02,2.270000000000000000e+02,1.138170000000000000e+07
2.015032300000000000e+07,2.299000000000000057e+02,2.354100036621093750e+02,2.031000061035156250e+02,2.090000000000000000e+02,1.071460000000000000e+07
2.015033000000000000e+07,2.091999999999999886e+02,2.231000061035156250e+02,2.066999969482421875e+02,2.115000000000000000e+02,7.562400000000000000e+06
2.015040600000000000e+07,2.115000000000000000e+02,2.258999938964843750e+02,2.098000030517578125e+02,2.200000000000000000e+02,7.299300000000000000e+06
2.015041300000000000e+07,2.179000000000000057e+02,2.450000000000000000e+02,2.123999938964843750e+02,2.278000000000000114e+02,1.057480000000000000e+07
2.015042000000000000e+07,2.281999999999999886e+02,2.605000000000000000e+02,2.253999938964843750e+02,2.534000000000000057e+02,1.408300000000000000e+07
2.015042700000000000e+07,2.541999999999999886e+02,2.690000000000000000e+02,2.470000000000000000e+02,2.575000000000000000e+02,1.576630000000000000e+07
2.015050400000000000e+07,2.575000000000000000e+02,2.756600036621093750e+02,2.463000030517578125e+02,2.520999999999999943e+02,1.044310000000000000e+07
2.015051100000000000e+07,2.505000000000000000e+02,2.712000122070312500e+02,2.501000061035156250e+02,2.698999999999999773e+02,8.302500000000000000e+06
2.015051800000000000e+07,2.680000000000000000e+02,2.705000000000000000e+02,2.408999938964843750e+02,2.440000000000000000e+02,1.281550000000000000e+07
2.015052500000000000e+07,2.440000000000000000e+02,2.533000030517578125e+02,2.388000030517578125e+02,2.515999999999999943e+02,8.606900000000000000e+06
2.015060100000000000e+07,2.490000000000000000e+02,2.610000000000000000e+02,2.410000000000000000e+02,2.500000000000000000e+02,9.436300000000000000e+06
2.015060800000000000e+07,2.550999999999999943e+02,2.572000122070312500e+02,2.430000000000000000e+02,2.451999999999999886e+02,8.661700000000000000e+06
2.015061500000000000e+07,2.451999999999999886e+02,2.491999969482421875e+02,2.208000030517578125e+02,2.210999999999999943e+02,1.073740000000000000e+07
2.015062200000000000e+07,2.253000000000000114e+02,2.271000061035156250e+02,2.133999938964843750e+02,2.153000000000000114e+02,8.075000000000000000e+06
2.015062900000000000e+07,2.130000000000000000e+02,2.143000030517578125e+02,1.990000000000000000e+02,2.025999999999999943e+02,1.086090000000000000e+07
2.015070600000000000e+07,2.021999999999999886e+02,2.021999969482421875e+02,1.803000030517578125e+02,1.910999999999999943e+02,1.117430000000000000e+07
2.015071300000000000e+07,1.946999999999999886e+02,2.073000030517578125e+02,1.893000030517578125e+02,1.946999999999999886e+02,1.008110000000000000e+07
2.015072000000000000e+07,1.933000000000000114e+02,1.959259948730468750e+02,1.685000000000000000e+02,1.695999999999999943e+02,1.432650000000000000e+07
2.015072700000000000e+07,1.683000000000000114e+02,1.750000000000000000e+02,1.568000030517578125e+02,1.619000000000000057e+02,1.680790000000000000e+07
2.015080300000000000e+07,1.603000000000000114e+02,1.633600006103515625e+02,1.446999969482421875e+02,1.591999999999999886e+02,1.062780000000000000e+07
2.015081000000000000e+07,1.610000000000000000e+02,1.635639953613281250e+02,1.480000000000000000e+02,1.495999999999999943e+02,1.263080000000000000e+07
2.015081700000000000e+07,1.498000000000000114e+02,1.900000000000000000e+02,1.429440002441406250e+02,1.760000000000000000e+02,2.530190000000000000e+07
2.015082400000000000e+07,1.748000000000000114e+02,1.786999969482421875e+02,1.571999969482421875e+02,1.744000000000000057e+02,1.408080000000000000e+07
2.015083100000000000e+07,1.744000000000000057e+02,1.756510009765625000e+02,1.488000030517578125e+02,1.496999999999999886e+02,7.842100000000000000e+06
2.015090700000000000e+07,1.540000000000000000e+02,1.741000061035156250e+02,1.540000000000000000e+02,1.618000000000000114e+02,1.095360000000000000e+07
2.015091400000000000e+07,1.579000000000000057e+02,1.663000030517578125e+02,1.460000000000000000e+02,1.506999999999999886e+02,1.230370000000000000e+07
2.015092100000000000e+07,1.488000000000000114e+02,1.515000000000000000e+02,9.800000000000000000e+01,1.015000000000000000e+02,2.365740000000000000e+07
2.015092800000000000e+07,1.010000000000000000e+02,1.019000015258789062e+02,6.509999847412109375e+01,9.175000000000000000e+01,3.310560000000000000e+07
2.015100500000000000e+07,9.700000000000000000e+01,1.495000000000000000e+02,9.409999847412109375e+01,1.470000000000000000e+02,3.087750000000000000e+07
2.015101200000000000e+07,1.490999999999999943e+02,1.535000000000000000e+02,1.255999984741210938e+02,1.366999999999999886e+02,1.833560000000000000e+07
2.015101900000000000e+07,1.370999999999999943e+02,1.371000061035156250e+02,1.151999969482421875e+02,1.272000000000000028e+02,1.570480000000000000e+07
2.015102600000000000e+07,1.255000000000000000e+02,1.298000030517578125e+02,1.085000000000000000e+02,1.160999999999999943e+02,1.079910000000000000e+07
2.015110200000000000e+07,1.132999999999999972e+02,1.286999969482421875e+02,9.928800201416015625e+01,1.002999999999999972e+02,1.431610000000000000e+07
2.015110900000000000e+07,1.017000000000000028e+02,1.078000030517578125e+02,7.919999694824218750e+01,8.000000000000000000e+01,1.733600000000000000e+07
2.015111600000000000e+07,8.015000000000000568e+01,9.550000000000000000e+01,7.500000000000000000e+01,9.254999999999999716e+01,1.550700000000000000e+07
2.015112300000000000e+07,8.940000000000000568e+01,1.031999969482421875e+02,8.700000000000000000e+01,9.979999999999999716e+01,1.499450000000000000e+07
2.015113000000000000e+07,9.915000000000000568e+01,1.040000000000000000e+02,9.447000122070312500e+01,9.954999999999999716e+01,8.565900000000000000e+06
2.015120700000000000e+07,9.909999999999999432e+01,1.035999984741210938e+02,9.250000000000000000e+01,9.525000000000000000e+01,8.026300000000000000e+06
2.015121400000000000e+07,9.595000000000000284e+01,9.834999847412109375e+01,8.519999694824218750e+01,8.900000000000000000e+01,1.321020000000000000e+07
2.015122100000000000e+07,9.000000000000000000e+01,1.043199996948242188e+02,8.775000000000000000e+01,1.000000000000000000e+02,7.062400000000000000e+06
2.016010400000000000e+07,1.047500000000000000e+02,1.047500000000000000e+02,8.925000000000000000e+01,9.000000000000000000e+01,5.613600000000000000e+06
2.016011100000000000e+07,8.950000000000000000e+01,9.975000000000000000e+01,8.775000000000000000e+01,8.975000000000000000e+01,5.825200000000000000e+06
2.016011800000000000e+07,8.775000000000000000e+01,1.060000000000000000e+02,8.362500000000000000e+01,1.010000000000000000e+02,5.964100000000000000e+06
2.016012500000000000e+07,1.012500000000000000e+02,1.297729949951171875e+02,9.693800354003906250e+01,1.147500000000000000e+02,1.083000000000000000e+07
2.016020100000000000e+07,1.150000000000000000e+02,1.270000000000000000e+02,9.983999633789062500e+01,1.195000000000000000e+02,7.249500000000000000e+06
2.016020800000000000e+07,1.190000000000000000e+02,1.232500000000000000e+02,1.080000000000000000e+02,1.182500000000000000e+02,4.482000000000000000e+06
2.016021500000000000e+07,1.210000000000000000e+02,1.380000000000000000e+02,1.155000000000000000e+02,1.307500000000000000e+02,5.222100000000000000e+06
2.016022200000000000e+07,1.280000000000000000e+02,1.625000000000000000e+02,1.280000000000000000e+02,1.500000000000000000e+02,1.141900000000000000e+07
