2.004070500000000000e+07,1.665000000000000000e+02,1.665000000000000000e+02,1.585000000000000000e+02,1.605000000000000000e+02,0.000000000000000000e+00
2.004071200000000000e+07,1.605000000000000000e+02,1.665000000000000000e+02,1.605000000000000000e+02,1.635000000000000000e+02,2.500000000000000000e+03
2.004071900000000000e+07,1.615000000000000000e+02,1.617500000000000000e+02,1.565000000000000000e+02,1.565000000000000000e+02,9.700000000000000000e+03
2.004072600000000000e+07,1.565000000000000000e+02,1.565000000000000000e+02,1.540000000000000000e+02,1.540000000000000000e+02,0.000000000000000000e+00
2.004080200000000000e+07,1.540000000000000000e+02,1.585000000000000000e+02,1.540000000000000000e+02,1.585000000000000000e+02,2.000000000000000000e+03
2.004080900000000000e+07,1.585000000000000000e+02,1.585000000000000000e+02,1.485000000000000000e+02,1.485000000000000000e+02,0.000000000000000000e+00
2.004081600000000000e+07,1.485000000000000000e+02,1.660000000000000000e+02,1.485000000000000000e+02,1.635000000000000000e+02,7.500000000000000000e+03
2.004082300000000000e+07,1.635000000000000000e+02,1.635000000000000000e+02,1.615000000000000000e+02,1.625000000000000000e+02,1.800000000000000000e+03
2.004083000000000000e+07,1.625000000000000000e+02,1.625000000000000000e+02,1.615000000000000000e+02,1.615000000000000000e+02,0.000000000000000000e+00
2.004090600000000000e+07,1.615000000000000000e+02,1.615000000000000000e+02,1.615000000000000000e+02,1.615000000000000000e+02,0.000000000000000000e+00
2.004091300000000000e+07,1.615000000000000000e+02,1.705000000000000000e+02,1.615000000000000000e+02,1.705000000000000000e+02,0.000000000000000000e+00
2.004092000000000000e+07,1.705000000000000000e+02,2.075000000000000000e+02,1.705000000000000000e+02,2.075000000000000000e+02,1.000000000000000000e+04
2.004092700000000000e+07,2.115000000000000000e+02,2.650000000000000000e+02,2.115000000000000000e+02,2.530000000000000000e+02,1.430000000000000000e+04
2.004100400000000000e+07,2.500000000000000000e+02,2.667500000000000000e+02,2.465000000000000000e+02,2.630000000000000000e+02,1.640000000000000000e+04
2.004101100000000000e+07,2.750000000000000000e+02,2.807500000000000000e+02,2.580000000000000000e+02,2.640000000000000000e+02,1.810000000000000000e+04
2.004101800000000000e+07,2.750000000000000000e+02,2.750000000000000000e+02,2.650000000000000000e+02,2.700000000000000000e+02,4.100000000000000000e+03
2.004102500000000000e+07,2.750000000000000000e+02,2.925000000000000000e+02,2.625000000000000000e+02,2.925000000000000000e+02,4.000000000000000000e+03
2.004110100000000000e+07,3.000000000000000000e+02,3.125000000000000000e+02,2.775000000000000000e+02,2.850000000000000000e+02,2.490000000000000000e+04
2.004110800000000000e+07,2.800000000000000000e+02,2.875000000000000000e+02,2.650000000000000000e+02,2.700000000000000000e+02,1.480000000000000000e+04
2.004111500000000000e+07,2.700000000000000000e+02,2.800000000000000000e+02,2.625000000000000000e+02,2.700000000000000000e+02,4.200000000000000000e+03
2.004112200000000000e+07,2.700000000000000000e+02,2.700000000000000000e+02,2.625000000000000000e+02,2.700000000000000000e+02,1.000000000000000000e+02
2.004112900000000000e+07,2.700000000000000000e+02,2.780000000000000000e+02,2.600000000000000000e+02,2.600000000000000000e+02,4.200000000000000000e+03
2.004120600000000000e+07,2.600000000000000000e+02,2.600000000000000000e+02,2.050000000000000000e+02,2.200000000000000000e+02,5.600000000000000000e+03
2.004121300000000000e+07,2.200000000000000000e+02,2.300000000000000000e+02,2.175000000000000000e+02,2.175000000000000000e+02,8.000000000000000000e+02
2.004122000000000000e+07,2.100000000000000000e+02,2.100000000000000000e+02,2.000000000000000000e+02,2.000000000000000000e+02,0.000000000000000000e+00
2.004122700000000000e+07,2.000000000000000000e+02,2.500000000000000000e+02,2.000000000000000000e+02,2.500000000000000000e+02,1.100000000000000000e+04
2.005010300000000000e+07,2.500000000000000000e+02,2.500000000000000000e+02,2.200000000000000000e+02,2.200000000000000000e+02,3.000000000000000000e+03
2.005011000000000000e+07,2.200000000000000000e+02,2.200000000000000000e+02,2.120000000000000000e+02,2.200000000000000000e+02,3.500000000000000000e+03
2.005011700000000000e+07,2.150000000000000000e+02,2.175000000000000000e+02,2.075000000000000000e+02,2.175000000000000000e+02,4.218000000000000000e+05
2.005012400000000000e+07,2.175000000000000000e+02,2.250000000000000000e+02,2.175000000000000000e+02,2.190000000000000000e+02,8.000000000000000000e+02
2.005013100000000000e+07,2.190000000000000000e+02,2.190000000000000000e+02,2.105000000000000000e+02,2.180000000000000000e+02,2.000000000000000000e+03
2.005020700000000000e+07,2.150000000000000000e+02,2.250000000000000000e+02,2.075000000000000000e+02,2.200000000000000000e+02,6.900000000000000000e+03
2.005021400000000000e+07,2.200000000000000000e+02,2.325000000000000000e+02,2.000000000000000000e+02,2.000000000000000000e+02,2.400000000000000000e+03
2.005022100000000000e+07,2.000000000000000000e+02,2.050000000000000000e+02,1.910000000000000000e+02,2.050000000000000000e+02,2.579000000000000000e+05
2.005022800000000000e+07,2.050000000000000000e+02,2.050000000000000000e+02,1.975000000000000000e+02,2.050000000000000000e+02,3.000000000000000000e+02
2.005030700000000000e+07,2.050000000000000000e+02,2.050000000000000000e+02,1.820000000000000000e+02,1.900000000000000000e+02,3.100000000000000000e+03
2.005031400000000000e+07,2.150000000000000000e+02,2.300000000000000000e+02,2.116999969482421875e+02,2.150000000000000000e+02,7.600000000000000000e+03
2.005032100000000000e+07,2.100000000000000000e+02,2.150000000000000000e+02,2.000000000000000000e+02,2.000000000000000000e+02,0.000000000000000000e+00
2.005032800000000000e+07,2.000000000000000000e+02,2.025000000000000000e+02,2.000000000000000000e+02,2.025000000000000000e+02,0.000000000000000000e+00
2.005040400000000000e+07,2.025000000000000000e+02,2.050000000000000000e+02,1.975000000000000000e+02,2.050000000000000000e+02,5.000000000000000000e+02
2.005041100000000000e+07,2.050000000000000000e+02,2.050000000000000000e+02,1.900000000000000000e+02,1.900000000000000000e+02,0.000000000000000000e+00
2.005041800000000000e+07,1.650000000000000000e+02,1.880000000000000000e+02,1.650000000000000000e+02,1.800000000000000000e+02,3.200000000000000000e+03
2.005042500000000000e+07,1.750000000000000000e+02,1.850000000000000000e+02,1.750000000000000000e+02,1.800000000000000000e+02,4.000000000000000000e+03
2.005050200000000000e+07,1.800000000000000000e+02,1.800000000000000000e+02,1.630000000000000000e+02,1.770000000000000000e+02,1.600000000000000000e+03
2.005050900000000000e+07,1.770000000000000000e+02,1.860000000000000000e+02,1.770000000000000000e+02,1.800000000000000000e+02,1.300000000000000000e+03
2.005051600000000000e+07,1.775000000000000000e+02,1.775000000000000000e+02,1.630000000000000000e+02,1.700000000000000000e+02,1.200000000000000000e+03
2.005052300000000000e+07,1.710000000000000000e+02,1.710000000000000000e+02,1.710000000000000000e+02,1.710000000000000000e+02,0.000000000000000000e+00
2.005053000000000000e+07,1.710000000000000000e+02,1.800000000000000000e+02,1.710000000000000000e+02,1.710000000000000000e+02,2.700000000000000000e+03
2.005060600000000000e+07,1.710000000000000000e+02,1.780000000000000000e+02,1.600000000000000000e+02,1.675000000000000000e+02,2.420000000000000000e+04
2.005061300000000000e+07,1.675000000000000000e+02,1.731300048828125000e+02,1.622500000000000000e+02,1.675000000000000000e+02,5.300000000000000000e+03
2.005062000000000000e+07,1.675000000000000000e+02,1.750000000000000000e+02,1.675000000000000000e+02,1.750000000000000000e+02,0.000000000000000000e+00
2.005062700000000000e+07,1.750000000000000000e+02,1.780000000000000000e+02,1.700000000000000000e+02,1.780000000000000000e+02,0.000000000000000000e+00
2.005070400000000000e+07,1.900000000000000000e+02,2.150000000000000000e+02,1.800000000000000000e+02,1.865000000000000000e+02,5.820000000000000000e+04
2.005071100000000000e+07,1.875000000000000000e+02,2.080000000000000000e+02,1.818699951171875000e+02,1.965000000000000000e+02,3.010000000000000000e+04
2.005071800000000000e+07,1.975000000000000000e+02,2.050000000000000000e+02,1.900000000000000000e+02,2.015000000000000000e+02,7.400000000000000000e+03
2.005072500000000000e+07,2.015000000000000000e+02,2.031300048828125000e+02,1.916199951171875000e+02,1.935000000000000000e+02,1.180000000000000000e+04
2.005080100000000000e+07,1.935000000000000000e+02,1.950000000000000000e+02,1.750000000000000000e+02,1.825000000000000000e+02,1.900000000000000000e+04
2.005080800000000000e+07,1.815000000000000000e+02,1.980000000000000000e+02,1.815000000000000000e+02,1.925000000000000000e+02,4.730000000000000000e+04
2.005081500000000000e+07,2.015000000000000000e+02,2.070000000000000000e+02,1.916199951171875000e+02,1.925000000000000000e+02,1.170000000000000000e+04
2.005082200000000000e+07,1.925000000000000000e+02,1.925000000000000000e+02,1.860000000000000000e+02,1.915000000000000000e+02,2.000000000000000000e+03
2.005082900000000000e+07,1.915000000000000000e+02,1.915000000000000000e+02,1.850000000000000000e+02,1.865000000000000000e+02,1.070000000000000000e+04
2.005090500000000000e+07,1.865000000000000000e+02,1.930000000000000000e+02,1.755000000000000000e+02,1.775000000000000000e+02,1.070000000000000000e+05
2.005091200000000000e+07,1.775000000000000000e+02,1.850000000000000000e+02,1.718699951171875000e+02,1.775000000000000000e+02,9.500000000000000000e+03
2.005091900000000000e+07,1.740000000000000000e+02,1.900000000000000000e+02,1.725000000000000000e+02,1.825000000000000000e+02,3.380000000000000000e+04
2.005092600000000000e+07,1.850000000000000000e+02,1.885000000000000000e+02,1.850000000000000000e+02,1.875000000000000000e+02,0.000000000000000000e+00
2.005100300000000000e+07,1.900000000000000000e+02,1.991000061035156250e+02,1.837500000000000000e+02,1.875000000000000000e+02,5.500000000000000000e+03
2.005101000000000000e+07,1.890000000000000000e+02,1.935000000000000000e+02,1.845000000000000000e+02,1.900000000000000000e+02,1.310000000000000000e+05
2.005101700000000000e+07,1.900000000000000000e+02,2.000000000000000000e+02,1.850000000000000000e+02,1.875000000000000000e+02,1.420000000000000000e+04
2.005102400000000000e+07,1.875000000000000000e+02,1.875000000000000000e+02,1.725000000000000000e+02,1.725000000000000000e+02,1.450000000000000000e+04
2.005103100000000000e+07,1.705000000000000000e+02,1.750000000000000000e+02,1.705000000000000000e+02,1.725000000000000000e+02,1.400000000000000000e+04
2.005110700000000000e+07,1.725000000000000000e+02,1.800000000000000000e+02,1.725000000000000000e+02,1.775000000000000000e+02,5.000000000000000000e+04
2.005111400000000000e+07,1.775000000000000000e+02,1.900000000000000000e+02,1.775000000000000000e+02,1.840000000000000000e+02,1.380000000000000000e+04
2.005112100000000000e+07,1.835000000000000000e+02,1.950000000000000000e+02,1.825000000000000000e+02,1.950000000000000000e+02,1.600000000000000000e+03
2.005112800000000000e+07,1.950000000000000000e+02,1.980000000000000000e+02,1.902400054931640625e+02,1.950000000000000000e+02,7.400000000000000000e+03
2.005120500000000000e+07,1.950000000000000000e+02,2.120000000000000000e+02,1.902400054931640625e+02,2.035000000000000000e+02,4.000000000000000000e+04
2.005121200000000000e+07,2.035000000000000000e+02,2.120000000000000000e+02,1.970000000000000000e+02,1.990000000000000000e+02,7.070000000000000000e+04
2.005121900000000000e+07,1.990000000000000000e+02,2.131300048828125000e+02,1.975000000000000000e+02,2.075000000000000000e+02,5.400000000000000000e+03
2.005122600000000000e+07,2.075000000000000000e+02,2.300000000000000000e+02,2.075000000000000000e+02,2.225000000000000000e+02,5.900000000000000000e+03
2.006010200000000000e+07,2.225000000000000000e+02,2.350000000000000000e+02,2.130000000000000000e+02,2.145000000000000000e+02,1.720000000000000000e+04
2.006010900000000000e+07,2.135000000000000000e+02,2.180000000000000000e+02,2.025000000000000000e+02,2.125000000000000000e+02,4.940000000000000000e+04
2.006011600000000000e+07,2.140000000000000000e+02,2.381300048828125000e+02,2.080000000000000000e+02,2.250000000000000000e+02,3.940000000000000000e+04
2.006012300000000000e+07,2.265000000000000000e+02,2.550000000000000000e+02,2.240800018310546875e+02,2.415000000000000000e+02,2.300000000000000000e+04
2.006013000000000000e+07,2.450000000000000000e+02,2.826000061035156250e+02,2.383000030517578125e+02,2.650000000000000000e+02,9.431000000000000000e+05
2.006020600000000000e+07,2.650000000000000000e+02,2.713800048828125000e+02,1.989309997558593750e+02,2.585000000000000000e+02,4.181000000000000000e+05
2.006021300000000000e+07,2.585000000000000000e+02,2.950000000000000000e+02,2.585000000000000000e+02,2.950000000000000000e+02,1.240000000000000000e+04
2.006022000000000000e+07,3.000000000000000000e+02,3.250000000000000000e+02,3.000000000000000000e+02,3.065000000000000000e+02,3.610000000000000000e+04
2.006022700000000000e+07,3.065000000000000000e+02,3.183999938964843750e+02,3.015000000000000000e+02,3.015000000000000000e+02,7.400000000000000000e+03
2.006030600000000000e+07,3.000000000000000000e+02,3.100000000000000000e+02,2.950000000000000000e+02,3.025000000000000000e+02,1.005600000000000000e+06
2.006031300000000000e+07,3.125000000000000000e+02,3.200000000000000000e+02,3.030000000000000000e+02,3.035000000000000000e+02,5.400000000000000000e+03
2.006032000000000000e+07,3.035000000000000000e+02,3.200000000000000000e+02,2.986199951171875000e+02,3.200000000000000000e+02,3.800000000000000000e+03
2.006032700000000000e+07,3.375000000000000000e+02,3.650000000000000000e+02,3.375000000000000000e+02,3.615000000000000000e+02,3.110000000000000000e+04
2.006040300000000000e+07,3.540000000000000000e+02,3.550000000000000000e+02,3.312500000000000000e+02,3.475000000000000000e+02,1.030000000000000000e+04
2.006041000000000000e+07,3.490000000000000000e+02,3.675000000000000000e+02,3.453999938964843750e+02,3.475000000000000000e+02,5.300000000000000000e+03
2.006041700000000000e+07,3.475000000000000000e+02,3.850000000000000000e+02,3.475000000000000000e+02,3.710000000000000000e+02,1.430000000000000000e+04
2.006042400000000000e+07,3.725000000000000000e+02,3.941000061035156250e+02,3.725000000000000000e+02,3.915000000000000000e+02,4.900000000000000000e+03
2.006050100000000000e+07,3.915000000000000000e+02,4.531300048828125000e+02,3.915000000000000000e+02,4.350000000000000000e+02,4.140000000000000000e+04
2.006050800000000000e+07,4.350000000000000000e+02,4.870000000000000000e+02,4.350000000000000000e+02,4.500000000000000000e+02,1.515000000000000000e+05
2.006051500000000000e+07,4.425000000000000000e+02,4.481300048828125000e+02,3.350000000000000000e+02,3.700000000000000000e+02,5.400000000000000000e+04
2.006052200000000000e+07,3.765000000000000000e+02,3.931300048828125000e+02,3.500000000000000000e+02,3.875000000000000000e+02,2.530000000000000000e+04
2.006052900000000000e+07,3.875000000000000000e+02,3.990000000000000000e+02,3.850000000000000000e+02,3.925000000000000000e+02,9.000000000000000000e+03
2.006060500000000000e+07,3.925000000000000000e+02,3.925000000000000000e+02,3.400000000000000000e+02,3.450000000000000000e+02,1.120000000000000000e+04
2.006061200000000000e+07,3.435000000000000000e+02,3.435000000000000000e+02,2.715000000000000000e+02,3.200000000000000000e+02,3.440000000000000000e+04
2.006061900000000000e+07,3.225000000000000000e+02,3.225000000000000000e+02,2.925000000000000000e+02,3.135000000000000000e+02,4.760000000000000000e+04
2.006062600000000000e+07,3.275000000000000000e+02,3.492200012207031250e+02,3.275000000000000000e+02,3.450000000000000000e+02,8.000000000000000000e+02
2.006070300000000000e+07,3.475000000000000000e+02,3.775000000000000000e+02,3.475000000000000000e+02,3.565000000000000000e+02,1.140000000000000000e+04
2.006071000000000000e+07,3.515000000000000000e+02,3.650000000000000000e+02,3.352999877929687500e+02,3.575000000000000000e+02,9.680000000000000000e+04
2.006071700000000000e+07,3.575000000000000000e+02,3.650000000000000000e+02,3.325000000000000000e+02,3.450000000000000000e+02,1.326000000000000000e+05
2.006072400000000000e+07,3.455000000000000000e+02,3.525000000000000000e+02,3.455000000000000000e+02,3.525000000000000000e+02,1.048000000000000000e+05
2.006073100000000000e+07,3.525000000000000000e+02,3.540000000000000000e+02,3.415000000000000000e+02,3.450000000000000000e+02,2.065000000000000000e+05
2.006080700000000000e+07,3.375000000000000000e+02,3.375000000000000000e+02,3.100000000000000000e+02,3.250000000000000000e+02,1.100000000000000000e+04
2.006081400000000000e+07,3.175000000000000000e+02,3.231300048828125000e+02,3.030000000000000000e+02,3.125000000000000000e+02,9.100000000000000000e+03
2.006082100000000000e+07,3.125000000000000000e+02,3.480000000000000000e+02,3.125000000000000000e+02,3.315000000000000000e+02,1.927000000000000000e+05
2.006082800000000000e+07,3.315000000000000000e+02,3.325000000000000000e+02,3.225000000000000000e+02,3.325000000000000000e+02,3.890000000000000000e+04
2.006090400000000000e+07,3.275000000000000000e+02,3.700000000000000000e+02,3.250000000000000000e+02,3.675000000000000000e+02,1.159000000000000000e+05
2.006091100000000000e+07,3.715000000000000000e+02,3.715000000000000000e+02,3.150000000000000000e+02,3.175000000000000000e+02,5.100000000000000000e+03
2.006091800000000000e+07,3.100000000000000000e+02,3.200000000000000000e+02,2.950000000000000000e+02,3.025000000000000000e+02,4.000000000000000000e+03
2.006092500000000000e+07,3.075000000000000000e+02,3.655000000000000000e+02,3.040000000000000000e+02,3.655000000000000000e+02,2.500000000000000000e+03
2.006100200000000000e+07,3.900000000000000000e+02,4.000000000000000000e+02,3.600000000000000000e+02,3.950000000000000000e+02,5.780000000000000000e+04
2.006100900000000000e+07,4.025000000000000000e+02,4.053999938964843750e+02,3.675000000000000000e+02,3.745000000000000000e+02,5.400000000000000000e+03
2.006101600000000000e+07,3.775000000000000000e+02,3.900000000000000000e+02,3.650000000000000000e+02,3.765000000000000000e+02,1.600000000000000000e+03
2.006102300000000000e+07,3.765000000000000000e+02,4.100000000000000000e+02,3.680000000000000000e+02,4.085000000000000000e+02,2.150000000000000000e+04
2.006103000000000000e+07,4.075000000000000000e+02,4.120000000000000000e+02,3.780000000000000000e+02,4.025000000000000000e+02,1.950000000000000000e+04
2.006110600000000000e+07,4.075000000000000000e+02,4.550000000000000000e+02,4.075000000000000000e+02,4.300000000000000000e+02,3.780000000000000000e+04
2.006111300000000000e+07,4.300000000000000000e+02,4.333999938964843750e+02,4.075000000000000000e+02,4.075000000000000000e+02,1.540000000000000000e+04
2.006112000000000000e+07,4.075000000000000000e+02,4.220000000000000000e+02,4.000000000000000000e+02,4.100000000000000000e+02,5.700000000000000000e+03
2.006112700000000000e+07,4.075000000000000000e+02,4.150000000000000000e+02,3.950000000000000000e+02,4.150000000000000000e+02,1.500000000000000000e+04
2.006120400000000000e+07,4.125000000000000000e+02,4.200000000000000000e+02,3.973999938964843750e+02,4.010000000000000000e+02,1.910000000000000000e+04
2.006121100000000000e+07,3.945000000000000000e+02,3.945000000000000000e+02,3.602999877929687500e+02,3.825000000000000000e+02,1.620000000000000000e+04
2.006121800000000000e+07,3.825000000000000000e+02,4.125000000000000000e+02,3.825000000000000000e+02,4.090000000000000000e+02,5.000000000000000000e+02
2.006122500000000000e+07,4.090000000000000000e+02,4.090000000000000000e+02,3.950000000000000000e+02,3.950000000000000000e+02,1.000000000000000000e+02
2.007010100000000000e+07,3.950000000000000000e+02,3.970000000000000000e+02,3.700000000000000000e+02,3.700000000000000000e+02,3.600000000000000000e+03
2.007010800000000000e+07,3.700000000000000000e+02,3.737500000000000000e+02,3.360000000000000000e+02,3.475000000000000000e+02,2.960000000000000000e+04
2.007011500000000000e+07,3.600000000000000000e+02,3.725000000000000000e+02,3.350000000000000000e+02,3.400000000000000000e+02,1.040000000000000000e+04
2.007012200000000000e+07,3.475000000000000000e+02,3.725000000000000000e+02,3.425000000000000000e+02,3.725000000000000000e+02,1.800000000000000000e+03
2.007012900000000000e+07,3.750000000000000000e+02,3.850000000000000000e+02,3.668699951171875000e+02,3.725000000000000000e+02,1.560000000000000000e+04
2.007020500000000000e+07,3.725000000000000000e+02,4.020000000000000000e+02,3.650000000000000000e+02,4.000000000000000000e+02,1.788000000000000000e+05
2.007021200000000000e+07,4.000000000000000000e+02,4.137500000000000000e+02,4.000000000000000000e+02,4.125000000000000000e+02,4.260000000000000000e+04
2.007021900000000000e+07,4.175000000000000000e+02,4.481300048828125000e+02,4.100000000000000000e+02,4.425000000000000000e+02,2.088000000000000000e+05
2.007022600000000000e+07,4.425000000000000000e+02,4.475000000000000000e+02,4.250000000000000000e+02,4.475000000000000000e+02,4.800000000000000000e+03
2.007030500000000000e+07,4.440000000000000000e+02,4.440000000000000000e+02,4.325000000000000000e+02,4.415000000000000000e+02,7.000000000000000000e+02
2.007031200000000000e+07,4.390000000000000000e+02,4.400000000000000000e+02,3.960000000000000000e+02,4.025000000000000000e+02,1.760000000000000000e+04
2.007031900000000000e+07,4.075000000000000000e+02,4.181300048828125000e+02,3.940000000000000000e+02,3.940000000000000000e+02,5.100000000000000000e+04
2.007032600000000000e+07,4.000000000000000000e+02,4.081300048828125000e+02,3.940000000000000000e+02,4.050000000000000000e+02,7.100000000000000000e+03
2.007040200000000000e+07,4.325000000000000000e+02,4.700000000000000000e+02,4.268699951171875000e+02,4.675000000000000000e+02,2.640000000000000000e+04
2.007040900000000000e+07,4.675000000000000000e+02,5.080000000000000000e+02,4.575000000000000000e+02,4.875000000000000000e+02,1.670000000000000000e+04
2.007041600000000000e+07,5.025000000000000000e+02,6.190000000000000000e+02,5.025000000000000000e+02,6.100000000000000000e+02,8.080000000000000000e+04
2.007042300000000000e+07,6.050000000000000000e+02,6.150000000000000000e+02,5.620000000000000000e+02,5.725000000000000000e+02,3.900000000000000000e+04
2.007043000000000000e+07,5.750000000000000000e+02,6.247000122070312500e+02,5.750000000000000000e+02,6.175000000000000000e+02,5.760000000000000000e+04
2.007050700000000000e+07,6.175000000000000000e+02,6.500000000000000000e+02,6.175000000000000000e+02,6.375000000000000000e+02,1.150000000000000000e+04
2.007051400000000000e+07,6.350000000000000000e+02,6.530000000000000000e+02,6.200000000000000000e+02,6.425000000000000000e+02,1.650000000000000000e+04
2.007052100000000000e+07,6.400000000000000000e+02,6.400000000000000000e+02,5.800000000000000000e+02,5.900000000000000000e+02,1.770000000000000000e+04
2.007052800000000000e+07,5.900000000000000000e+02,6.000000000000000000e+02,5.750000000000000000e+02,5.950000000000000000e+02,6.500000000000000000e+03
2.007060400000000000e+07,5.950000000000000000e+02,6.031300048828125000e+02,5.850000000000000000e+02,5.925000000000000000e+02,7.700000000000000000e+03
2.007061100000000000e+07,5.925000000000000000e+02,6.400000000000000000e+02,5.925000000000000000e+02,6.300000000000000000e+02,4.270000000000000000e+04
2.007061800000000000e+07,6.325000000000000000e+02,6.400000000000000000e+02,6.125000000000000000e+02,6.125000000000000000e+02,5.370000000000000000e+04
2.007062500000000000e+07,5.975000000000000000e+02,5.975000000000000000e+02,5.700000000000000000e+02,5.725000000000000000e+02,1.350000000000000000e+04
2.007070200000000000e+07,5.700000000000000000e+02,5.700000000000000000e+02,5.400000000000000000e+02,5.475000000000000000e+02,9.400000000000000000e+03
2.007070900000000000e+07,5.575000000000000000e+02,6.060000000000000000e+02,5.500000000000000000e+02,6.000000000000000000e+02,2.210000000000000000e+04
2.007071600000000000e+07,6.225000000000000000e+02,6.330000000000000000e+02,6.100000000000000000e+02,6.325000000000000000e+02,3.490000000000000000e+04
2.007072300000000000e+07,6.475000000000000000e+02,6.475000000000000000e+02,6.075000000000000000e+02,6.075000000000000000e+02,7.030000000000000000e+04
2.007073000000000000e+07,6.100000000000000000e+02,6.250000000000000000e+02,6.050000000000000000e+02,6.200000000000000000e+02,2.200000000000000000e+03
2.007080600000000000e+07,6.150000000000000000e+02,6.250000000000000000e+02,5.759000244140625000e+02,5.800000000000000000e+02,5.100000000000000000e+03
2.007081300000000000e+07,5.750000000000000000e+02,5.920000000000000000e+02,4.500000000000000000e+02,4.825000000000000000e+02,3.750000000000000000e+04
2.007082000000000000e+07,4.575000000000000000e+02,4.790000000000000000e+02,4.475000000000000000e+02,4.650000000000000000e+02,7.000000000000000000e+03
2.007082700000000000e+07,4.650000000000000000e+02,5.000000000000000000e+02,4.630000000000000000e+02,4.925000000000000000e+02,1.700000000000000000e+04
2.007090300000000000e+07,4.925000000000000000e+02,5.580000000000000000e+02,4.875000000000000000e+02,5.450000000000000000e+02,7.700000000000000000e+03
2.007091000000000000e+07,5.225000000000000000e+02,5.650000000000000000e+02,5.225000000000000000e+02,5.625000000000000000e+02,1.810000000000000000e+04
2.007091700000000000e+07,5.625000000000000000e+02,6.150000000000000000e+02,5.560000000000000000e+02,6.075000000000000000e+02,8.500000000000000000e+03
2.007092400000000000e+07,5.825000000000000000e+02,6.270000000000000000e+02,5.750000000000000000e+02,6.125000000000000000e+02,1.680000000000000000e+04
2.007100100000000000e+07,5.900000000000000000e+02,5.900000000000000000e+02,5.625000000000000000e+02,5.675000000000000000e+02,1.050000000000000000e+04
2.007100800000000000e+07,5.700000000000000000e+02,6.025000000000000000e+02,5.700000000000000000e+02,6.025000000000000000e+02,1.710000000000000000e+04
2.007101500000000000e+07,6.025000000000000000e+02,6.025000000000000000e+02,5.800000000000000000e+02,5.825000000000000000e+02,4.400000000000000000e+03
2.007102200000000000e+07,5.800000000000000000e+02,6.900000000000000000e+02,5.750000000000000000e+02,6.875000000000000000e+02,3.440000000000000000e+04
2.007102900000000000e+07,6.800000000000000000e+02,7.350000000000000000e+02,6.700000000000000000e+02,6.875000000000000000e+02,2.025000000000000000e+05
2.007110500000000000e+07,6.850000000000000000e+02,7.300000000000000000e+02,6.670000000000000000e+02,6.750000000000000000e+02,2.660000000000000000e+04
2.007111200000000000e+07,6.750000000000000000e+02,7.200000000000000000e+02,6.350000000000000000e+02,6.900000000000000000e+02,5.480000000000000000e+04
2.007111900000000000e+07,6.950000000000000000e+02,6.950000000000000000e+02,6.625000000000000000e+02,6.850000000000000000e+02,9.600000000000000000e+03
2.007112600000000000e+07,6.950000000000000000e+02,6.950000000000000000e+02,6.500000000000000000e+02,6.500000000000000000e+02,1.330000000000000000e+04
2.007120300000000000e+07,6.475000000000000000e+02,6.475000000000000000e+02,6.125000000000000000e+02,6.475000000000000000e+02,3.700000000000000000e+03
2.007121000000000000e+07,6.475000000000000000e+02,6.550000000000000000e+02,6.020000000000000000e+02,6.075000000000000000e+02,9.600000000000000000e+03
2.007121700000000000e+07,6.100000000000000000e+02,6.250000000000000000e+02,6.030000000000000000e+02,6.175000000000000000e+02,2.400000000000000000e+03
2.007122400000000000e+07,6.375000000000000000e+02,6.600000000000000000e+02,6.375000000000000000e+02,6.425000000000000000e+02,5.300000000000000000e+03
2.007123100000000000e+07,6.450000000000000000e+02,6.500000000000000000e+02,6.345000000000000000e+02,6.350000000000000000e+02,4.100000000000000000e+03
2.008010700000000000e+07,6.175000000000000000e+02,6.300000000000000000e+02,5.800000000000000000e+02,6.175000000000000000e+02,2.514000000000000000e+05
2.008011400000000000e+07,6.175000000000000000e+02,6.350000000000000000e+02,5.400000000000000000e+02,5.475000000000000000e+02,1.180000000000000000e+04
2.008012100000000000e+07,5.375000000000000000e+02,5.450000000000000000e+02,4.650000000000000000e+02,5.400000000000000000e+02,3.220000000000000000e+04
2.008012800000000000e+07,5.375000000000000000e+02,5.550000000000000000e+02,5.250000000000000000e+02,5.425000000000000000e+02,1.350000000000000000e+04
2.008020400000000000e+07,5.375000000000000000e+02,5.450000000000000000e+02,4.938510131835937500e+02,5.450000000000000000e+02,3.420000000000000000e+04
2.008021100000000000e+07,5.425000000000000000e+02,5.700000000000000000e+02,5.425000000000000000e+02,5.650000000000000000e+02,1.790000000000000000e+04
2.008021800000000000e+07,5.675000000000000000e+02,5.750000000000000000e+02,5.300000000000000000e+02,5.300000000000000000e+02,6.900000000000000000e+03
2.008022500000000000e+07,5.300000000000000000e+02,5.600000000000000000e+02,5.255999755859375000e+02,5.550000000000000000e+02,4.900000000000000000e+03
2.008030300000000000e+07,5.450000000000000000e+02,5.650000000000000000e+02,5.400000000000000000e+02,5.500000000000000000e+02,6.300000000000000000e+03
2.008031000000000000e+07,5.475000000000000000e+02,5.475000000000000000e+02,5.120000000000000000e+02,5.375000000000000000e+02,2.200000000000000000e+03
2.008031700000000000e+07,5.275000000000000000e+02,5.350000000000000000e+02,4.875000000000000000e+02,4.875000000000000000e+02,7.370000000000000000e+04
2.008032400000000000e+07,4.875000000000000000e+02,4.880000000000000000e+02,4.610000000000000000e+02,4.650000000000000000e+02,7.400000000000000000e+03
2.008033100000000000e+07,4.650000000000000000e+02,4.650000000000000000e+02,4.350000000000000000e+02,4.525000000000000000e+02,6.700000000000000000e+03
2.008040700000000000e+07,4.575000000000000000e+02,4.611000061035156250e+02,4.225000000000000000e+02,4.225000000000000000e+02,1.890000000000000000e+04
2.008041400000000000e+07,4.075000000000000000e+02,4.591000061035156250e+02,4.000000000000000000e+02,4.175000000000000000e+02,2.705000000000000000e+05
2.008042100000000000e+07,4.210000000000000000e+02,4.325000000000000000e+02,3.800000000000000000e+02,3.875000000000000000e+02,4.600000000000000000e+03
2.008042800000000000e+07,3.875000000000000000e+02,4.050000000000000000e+02,3.730000000000000000e+02,3.775000000000000000e+02,1.788000000000000000e+05
2.008050500000000000e+07,3.775000000000000000e+02,4.090000000000000000e+02,3.775000000000000000e+02,3.875000000000000000e+02,6.900000000000000000e+03
2.008051200000000000e+07,3.875000000000000000e+02,4.700000000000000000e+02,3.750000000000000000e+02,4.700000000000000000e+02,8.210000000000000000e+04
2.008051900000000000e+07,4.875000000000000000e+02,5.000000000000000000e+02,4.725000000000000000e+02,4.775000000000000000e+02,2.760000000000000000e+04
2.008052600000000000e+07,4.775000000000000000e+02,5.125000000000000000e+02,4.775000000000000000e+02,5.025000000000000000e+02,1.050000000000000000e+04
2.008060200000000000e+07,5.025000000000000000e+02,5.075000000000000000e+02,4.550000000000000000e+02,4.725000000000000000e+02,4.000000000000000000e+03
2.008060900000000000e+07,4.725000000000000000e+02,4.725000000000000000e+02,4.500000000000000000e+02,4.545000000000000000e+02,2.500000000000000000e+03
2.008061600000000000e+07,4.610000000000000000e+02,5.050000000000000000e+02,4.610000000000000000e+02,4.900000000000000000e+02,4.300000000000000000e+03
2.008062300000000000e+07,4.825000000000000000e+02,4.895000000000000000e+02,4.653290100097656250e+02,4.895000000000000000e+02,3.730000000000000000e+04
2.008063000000000000e+07,4.875000000000000000e+02,4.975000000000000000e+02,4.850000000000000000e+02,4.925000000000000000e+02,2.900000000000000000e+03
2.008070700000000000e+07,4.950000000000000000e+02,5.000000000000000000e+02,4.610000000000000000e+02,4.825000000000000000e+02,3.000000000000000000e+02
2.008071400000000000e+07,4.825000000000000000e+02,5.100000000000000000e+02,4.625000000000000000e+02,4.625000000000000000e+02,6.840000000000000000e+04
2.008072100000000000e+07,4.475000000000000000e+02,4.510339965820312500e+02,3.600000000000000000e+02,3.675000000000000000e+02,1.290000000000000000e+04
2.008072800000000000e+07,3.675000000000000000e+02,3.775000000000000000e+02,3.650000000000000000e+02,3.735000000000000000e+02,1.000000000000000000e+03
2.008080400000000000e+07,3.725000000000000000e+02,3.800000000000000000e+02,3.420000000000000000e+02,3.450000000000000000e+02,1.480000000000000000e+04
2.008081100000000000e+07,3.450000000000000000e+02,4.080000000000000000e+02,3.173999938964843750e+02,3.650000000000000000e+02,6.260000000000000000e+04
2.008081800000000000e+07,3.525000000000000000e+02,3.893999938964843750e+02,3.500000000000000000e+02,3.775000000000000000e+02,7.900000000000000000e+03
2.008082500000000000e+07,3.775000000000000000e+02,4.100000000000000000e+02,3.760000000000000000e+02,3.925000000000000000e+02,1.110000000000000000e+04
2.008090100000000000e+07,3.925000000000000000e+02,3.925000000000000000e+02,3.400000000000000000e+02,3.425000000000000000e+02,2.500000000000000000e+03
2.008090800000000000e+07,3.350000000000000000e+02,3.425000000000000000e+02,2.400000000000000000e+02,2.575000000000000000e+02,1.880000000000000000e+04
2.008091500000000000e+07,2.850000000000000000e+02,3.375000000000000000e+02,2.475000000000000000e+02,3.375000000000000000e+02,1.940000000000000000e+04
2.008092200000000000e+07,3.425000000000000000e+02,3.775000000000000000e+02,3.425000000000000000e+02,3.700000000000000000e+02,5.500000000000000000e+03
2.008092900000000000e+07,3.725000000000000000e+02,3.820000000000000000e+02,2.815000000000000000e+02,3.075000000000000000e+02,4.140000000000000000e+04
2.008100600000000000e+07,3.125000000000000000e+02,3.183500061035156250e+02,2.501499938964843750e+02,2.625000000000000000e+02,2.840000000000000000e+04
2.008101300000000000e+07,2.025000000000000000e+02,2.350000000000000000e+02,1.760000000000000000e+02,1.775000000000000000e+02,7.400000000000000000e+03
2.008102000000000000e+07,1.750000000000000000e+02,2.180000000000000000e+02,1.450000000000000000e+02,1.450000000000000000e+02,1.200000000000000000e+04
2.008102700000000000e+07,1.525000000000000000e+02,2.180000000000000000e+02,1.300000000000000000e+02,2.075000000000000000e+02,7.900000000000000000e+03
2.008110300000000000e+07,2.125000000000000000e+02,2.525000000000000000e+02,1.825000000000000000e+02,1.900000000000000000e+02,9.000000000000000000e+03
2.008111000000000000e+07,1.975000000000000000e+02,2.300000000000000000e+02,1.775000000000000000e+02,2.075000000000000000e+02,8.200000000000000000e+03
2.008111700000000000e+07,1.875000000000000000e+02,1.950000000000000000e+02,1.600000000000000000e+02,1.650000000000000000e+02,4.800000000000000000e+03
2.008112400000000000e+07,1.875000000000000000e+02,2.375000000000000000e+02,1.875000000000000000e+02,2.315000000000000000e+02,0.000000000000000000e+00
2.008120100000000000e+07,2.425000000000000000e+02,2.425000000000000000e+02,2.053000030517578125e+02,2.060000000000000000e+02,0.000000000000000000e+00
2.008120800000000000e+07,1.975000000000000000e+02,2.350000000000000000e+02,1.975000000000000000e+02,2.290000000000000000e+02,4.400000000000000000e+03
2.008121500000000000e+07,2.330000000000000000e+02,2.690000000000000000e+02,2.250000000000000000e+02,2.325000000000000000e+02,1.000000000000000000e+04
2.008122200000000000e+07,2.125000000000000000e+02,2.200000000000000000e+02,2.000000000000000000e+02,2.175000000000000000e+02,0.000000000000000000e+00
2.008122900000000000e+07,2.175000000000000000e+02,2.500000000000000000e+02,2.175000000000000000e+02,2.450000000000000000e+02,0.000000000000000000e+00
2.009010500000000000e+07,2.475000000000000000e+02,2.490000000000000000e+02,2.210000000000000000e+02,2.250000000000000000e+02,0.000000000000000000e+00
2.009011200000000000e+07,2.300000000000000000e+02,2.300000000000000000e+02,2.100000000000000000e+02,2.200000000000000000e+02,3.000000000000000000e+03
2.009011900000000000e+07,2.225000000000000000e+02,2.850000000000000000e+02,2.225000000000000000e+02,2.850000000000000000e+02,0.000000000000000000e+00
2.009012600000000000e+07,3.010000000000000000e+02,3.141000061035156250e+02,2.780000000000000000e+02,2.975000000000000000e+02,0.000000000000000000e+00
2.009020200000000000e+07,2.975000000000000000e+02,3.550000000000000000e+02,2.870000000000000000e+02,3.425000000000000000e+02,0.000000000000000000e+00
2.009020900000000000e+07,3.400000000000000000e+02,3.750000000000000000e+02,3.250000000000000000e+02,3.625000000000000000e+02,4.600000000000000000e+03
2.009021600000000000e+07,3.775000000000000000e+02,3.925000000000000000e+02,3.725000000000000000e+02,3.775000000000000000e+02,0.000000000000000000e+00
2.009022300000000000e+07,3.775000000000000000e+02,3.830000000000000000e+02,3.060000000000000000e+02,3.150000000000000000e+02,0.000000000000000000e+00
2.009030200000000000e+07,3.075000000000000000e+02,3.100000000000000000e+02,2.760000000000000000e+02,2.925000000000000000e+02,0.000000000000000000e+00
2.009030900000000000e+07,2.975000000000000000e+02,3.175000000000000000e+02,2.975000000000000000e+02,3.150000000000000000e+02,0.000000000000000000e+00
2.009031600000000000e+07,3.200000000000000000e+02,3.550000000000000000e+02,3.050000000000000000e+02,3.550000000000000000e+02,0.000000000000000000e+00
2.009032300000000000e+07,3.575000000000000000e+02,4.150000000000000000e+02,3.475000000000000000e+02,4.025000000000000000e+02,0.000000000000000000e+00
2.009033000000000000e+07,4.125000000000000000e+02,4.325000000000000000e+02,4.000000000000000000e+02,4.200000000000000000e+02,0.000000000000000000e+00
2.009040600000000000e+07,4.100000000000000000e+02,4.180000000000000000e+02,3.950000000000000000e+02,4.050000000000000000e+02,0.000000000000000000e+00
2.009041300000000000e+07,4.050000000000000000e+02,4.050000000000000000e+02,3.775000000000000000e+02,3.775000000000000000e+02,0.000000000000000000e+00
2.009042000000000000e+07,3.775000000000000000e+02,4.550000000000000000e+02,3.700000000000000000e+02,4.475000000000000000e+02,6.200000000000000000e+04
2.009042700000000000e+07,4.550000000000000000e+02,4.950000000000000000e+02,4.500000000000000000e+02,4.900000000000000000e+02,0.000000000000000000e+00
2.009050400000000000e+07,4.900000000000000000e+02,5.575000000000000000e+02,4.900000000000000000e+02,5.575000000000000000e+02,8.700000000000000000e+03
2.009051100000000000e+07,5.425000000000000000e+02,5.673759765625000000e+02,5.100000000000000000e+02,5.525000000000000000e+02,0.000000000000000000e+00
2.009051800000000000e+07,5.425000000000000000e+02,5.450000000000000000e+02,5.275000000000000000e+02,5.375000000000000000e+02,0.000000000000000000e+00
2.009052500000000000e+07,5.375000000000000000e+02,5.400000000000000000e+02,5.000000000000000000e+02,5.350000000000000000e+02,0.000000000000000000e+00
2.009060100000000000e+07,5.350000000000000000e+02,5.450000000000000000e+02,5.250000000000000000e+02,5.250000000000000000e+02,0.000000000000000000e+00
2.009060800000000000e+07,5.150000000000000000e+02,5.200000000000000000e+02,5.000000000000000000e+02,5.125000000000000000e+02,0.000000000000000000e+00
2.009061500000000000e+07,5.125000000000000000e+02,5.140000000000000000e+02,4.975000000000000000e+02,4.975000000000000000e+02,0.000000000000000000e+00
2.009062200000000000e+07,4.950000000000000000e+02,5.202059936523437500e+02,4.675000000000000000e+02,5.150000000000000000e+02,0.000000000000000000e+00
2.009062900000000000e+07,5.175000000000000000e+02,5.175000000000000000e+02,5.125000000000000000e+02,5.150000000000000000e+02,0.000000000000000000e+00
2.009070600000000000e+07,5.125000000000000000e+02,5.125000000000000000e+02,4.225000000000000000e+02,4.225000000000000000e+02,0.000000000000000000e+00
2.009071300000000000e+07,4.100000000000000000e+02,4.275000000000000000e+02,3.920000000000000000e+02,4.175000000000000000e+02,0.000000000000000000e+00
2.009072000000000000e+07,4.175000000000000000e+02,4.900000000000000000e+02,4.100000000000000000e+02,4.850000000000000000e+02,1.700000000000000000e+03
2.009072700000000000e+07,4.850000000000000000e+02,4.850000000000000000e+02,4.750000000000000000e+02,4.775000000000000000e+02,4.900000000000000000e+04
2.009080300000000000e+07,4.775000000000000000e+02,4.840000000000000000e+02,4.720000000000000000e+02,4.725000000000000000e+02,0.000000000000000000e+00
2.009081000000000000e+07,4.725000000000000000e+02,5.390000000000000000e+02,4.575000000000000000e+02,5.275000000000000000e+02,0.000000000000000000e+00
2.009081700000000000e+07,5.275000000000000000e+02,5.275000000000000000e+02,4.725000000000000000e+02,5.225000000000000000e+02,0.000000000000000000e+00
2.009082400000000000e+07,5.225000000000000000e+02,5.467659912109375000e+02,5.000000000000000000e+02,5.300000000000000000e+02,0.000000000000000000e+00
2.009083100000000000e+07,5.300000000000000000e+02,5.800000000000000000e+02,5.255000000000000000e+02,5.675000000000000000e+02,0.000000000000000000e+00
2.009090700000000000e+07,5.760000000000000000e+02,5.875000000000000000e+02,5.660000000000000000e+02,5.775000000000000000e+02,1.110000000000000000e+04
2.009091400000000000e+07,5.750000000000000000e+02,6.035000000000000000e+02,5.498740234375000000e+02,5.725000000000000000e+02,3.540000000000000000e+04
2.009092100000000000e+07,5.625000000000000000e+02,5.685000000000000000e+02,4.950000000000000000e+02,5.075000000000000000e+02,0.000000000000000000e+00
2.009092800000000000e+07,5.075000000000000000e+02,5.450000000000000000e+02,5.002279968261718750e+02,5.250000000000000000e+02,0.000000000000000000e+00
2.009100500000000000e+07,5.225000000000000000e+02,5.745000000000000000e+02,5.225000000000000000e+02,5.675000000000000000e+02,0.000000000000000000e+00
2.009101200000000000e+07,5.775000000000000000e+02,6.000000000000000000e+02,5.770000000000000000e+02,5.800000000000000000e+02,0.000000000000000000e+00
2.009101900000000000e+07,5.725000000000000000e+02,5.725000000000000000e+02,5.225000000000000000e+02,5.300000000000000000e+02,3.000000000000000000e+03
2.009102600000000000e+07,5.200000000000000000e+02,5.200000000000000000e+02,4.951499938964843750e+02,5.025000000000000000e+02,1.800000000000000000e+03
2.009110200000000000e+07,4.935000000000000000e+02,4.950000000000000000e+02,4.750000000000000000e+02,4.825000000000000000e+02,7.300000000000000000e+03
2.009110900000000000e+07,4.825000000000000000e+02,5.250000000000000000e+02,4.825000000000000000e+02,5.240000000000000000e+02,4.100000000000000000e+03
2.009111600000000000e+07,5.175000000000000000e+02,5.790000000000000000e+02,5.175000000000000000e+02,5.725000000000000000e+02,1.670000000000000000e+04
2.009112300000000000e+07,5.700000000000000000e+02,5.950000000000000000e+02,5.675000000000000000e+02,5.850000000000000000e+02,1.240000000000000000e+04
2.009113000000000000e+07,5.850000000000000000e+02,6.400040283203125000e+02,5.800000000000000000e+02,6.000000000000000000e+02,1.880000000000000000e+04
2.009120700000000000e+07,5.875000000000000000e+02,5.875000000000000000e+02,5.250000000000000000e+02,5.250000000000000000e+02,3.500000000000000000e+03
2.009121400000000000e+07,5.400000000000000000e+02,5.500000000000000000e+02,5.125000000000000000e+02,5.125000000000000000e+02,1.000000000000000000e+02
2.009122100000000000e+07,5.100000000000000000e+02,5.475000000000000000e+02,5.050000000000000000e+02,5.475000000000000000e+02,5.800000000000000000e+03
2.009122800000000000e+07,5.475000000000000000e+02,5.475000000000000000e+02,5.300000000000000000e+02,5.475000000000000000e+02,7.000000000000000000e+03
2.010010400000000000e+07,5.300000000000000000e+02,5.525000000000000000e+02,5.300000000000000000e+02,5.375000000000000000e+02,1.340000000000000000e+04
2.010011100000000000e+07,5.375000000000000000e+02,5.534039916992187500e+02,5.015000000000000000e+02,5.050000000000000000e+02,3.020000000000000000e+04
2.010011800000000000e+07,4.925000000000000000e+02,4.965000000000000000e+02,4.500000000000000000e+02,4.550000000000000000e+02,5.400000000000000000e+03
2.010012500000000000e+07,4.500000000000000000e+02,4.500000000000000000e+02,4.375000000000000000e+02,4.375000000000000000e+02,3.000000000000000000e+03
2.010020100000000000e+07,4.325000000000000000e+02,5.025000000000000000e+02,3.925000000000000000e+02,3.925000000000000000e+02,7.000000000000000000e+02
2.010020800000000000e+07,4.075000000000000000e+02,5.275000000000000000e+02,4.075000000000000000e+02,4.400000000000000000e+02,1.050000000000000000e+04
2.010021500000000000e+07,4.400000000000000000e+02,4.525000000000000000e+02,4.300000000000000000e+02,4.375000000000000000e+02,6.100000000000000000e+03
2.010022200000000000e+07,4.375000000000000000e+02,4.430000000000000000e+02,4.170000000000000000e+02,4.325000000000000000e+02,5.100000000000000000e+03
2.010030100000000000e+07,4.375000000000000000e+02,5.100000000000000000e+02,4.310000000000000000e+02,5.100000000000000000e+02,1.710000000000000000e+04
2.010030800000000000e+07,4.725000000000000000e+02,5.200000000000000000e+02,4.725000000000000000e+02,4.925000000000000000e+02,1.730000000000000000e+04
2.010031500000000000e+07,4.925000000000000000e+02,5.150000000000000000e+02,4.787500000000000000e+02,5.000000000000000000e+02,1.900000000000000000e+03
2.010032200000000000e+07,5.475000000000000000e+02,5.475000000000000000e+02,5.030000000000000000e+02,5.050000000000000000e+02,4.400000000000000000e+03
2.010032900000000000e+07,5.050000000000000000e+02,5.190000000000000000e+02,5.025000000000000000e+02,5.025000000000000000e+02,6.000000000000000000e+02
2.010040500000000000e+07,5.025000000000000000e+02,5.300000000000000000e+02,5.025000000000000000e+02,5.250000000000000000e+02,1.600000000000000000e+03
2.010041200000000000e+07,5.250000000000000000e+02,5.331599731445312500e+02,5.125000000000000000e+02,5.125000000000000000e+02,1.000000000000000000e+02
2.010041900000000000e+07,4.900000000000000000e+02,5.000000000000000000e+02,4.835000000000000000e+02,4.900000000000000000e+02,1.000000000000000000e+03
2.010042600000000000e+07,4.925000000000000000e+02,5.125000000000000000e+02,4.870629882812500000e+02,5.100000000000000000e+02,7.500000000000000000e+03
2.010050300000000000e+07,5.100000000000000000e+02,5.100000000000000000e+02,4.670000000000000000e+02,4.800000000000000000e+02,1.800000000000000000e+03
2.010051000000000000e+07,4.800000000000000000e+02,5.300000000000000000e+02,4.730000000000000000e+02,5.025000000000000000e+02,1.140000000000000000e+04
2.010051700000000000e+07,5.350000000000000000e+02,5.400000000000000000e+02,4.850000000000000000e+02,4.850000000000000000e+02,6.100000000000000000e+03
2.010052400000000000e+07,4.900000000000000000e+02,5.235000000000000000e+02,4.850000000000000000e+02,5.175000000000000000e+02,8.000000000000000000e+02
2.010053100000000000e+07,5.175000000000000000e+02,5.525000000000000000e+02,5.175000000000000000e+02,5.525000000000000000e+02,6.200000000000000000e+03
2.010060700000000000e+07,5.525000000000000000e+02,5.950000000000000000e+02,5.525000000000000000e+02,5.700000000000000000e+02,5.200000000000000000e+03
2.010061400000000000e+07,5.750000000000000000e+02,5.800000000000000000e+02,5.508720092773437500e+02,5.725000000000000000e+02,1.400000000000000000e+04
2.010062100000000000e+07,5.825000000000000000e+02,5.875000000000000000e+02,5.450000000000000000e+02,5.525000000000000000e+02,7.000000000000000000e+02
2.010062800000000000e+07,5.525000000000000000e+02,5.527500000000000000e+02,5.230000000000000000e+02,5.275000000000000000e+02,6.000000000000000000e+02
2.010070500000000000e+07,5.175000000000000000e+02,5.400000000000000000e+02,4.850000000000000000e+02,5.300000000000000000e+02,1.530000000000000000e+04
2.010071200000000000e+07,9.150000000000000000e+02,9.150000000000000000e+02,5.000000000000000000e+02,5.025000000000000000e+02,9.900000000000000000e+03
2.010071900000000000e+07,5.000000000000000000e+02,5.225000000000000000e+02,4.900000000000000000e+02,5.165000000000000000e+02,3.200000000000000000e+03
2.010072600000000000e+07,5.150000000000000000e+02,5.150000000000000000e+02,4.925000000000000000e+02,4.925000000000000000e+02,3.400000000000000000e+03
2.010080200000000000e+07,5.050000000000000000e+02,5.185000000000000000e+02,4.900000000000000000e+02,4.975000000000000000e+02,1.600000000000000000e+03
2.010080900000000000e+07,4.975000000000000000e+02,5.125000000000000000e+02,4.975000000000000000e+02,5.075000000000000000e+02,3.200000000000000000e+03
2.010081600000000000e+07,5.025000000000000000e+02,5.300000000000000000e+02,5.025000000000000000e+02,5.250000000000000000e+02,5.000000000000000000e+02
2.010082300000000000e+07,5.250000000000000000e+02,5.450000000000000000e+02,5.100000000000000000e+02,5.450000000000000000e+02,3.300000000000000000e+03
2.010083000000000000e+07,5.450000000000000000e+02,5.450000000000000000e+02,5.200000000000000000e+02,5.200000000000000000e+02,2.800000000000000000e+03
2.010090600000000000e+07,5.200000000000000000e+02,5.260000000000000000e+02,5.122500000000000000e+02,5.200000000000000000e+02,2.100000000000000000e+03
2.010091300000000000e+07,5.125000000000000000e+02,5.280000000000000000e+02,5.075000000000000000e+02,5.150000000000000000e+02,1.180000000000000000e+04
2.010092000000000000e+07,5.175000000000000000e+02,5.250000000000000000e+02,5.025000000000000000e+02,5.175000000000000000e+02,5.600000000000000000e+03
2.010092700000000000e+07,5.175000000000000000e+02,5.375000000000000000e+02,5.100000000000000000e+02,5.375000000000000000e+02,4.900000000000000000e+03
2.010100400000000000e+07,5.425000000000000000e+02,5.820000000000000000e+02,5.025000000000000000e+02,5.025000000000000000e+02,2.570000000000000000e+04
2.010101100000000000e+07,5.925000000000000000e+02,6.300000000000000000e+02,5.865000000000000000e+02,6.225000000000000000e+02,7.000000000000000000e+03
2.010101800000000000e+07,6.200000000000000000e+02,6.250000000000000000e+02,6.025000000000000000e+02,6.175000000000000000e+02,3.200000000000000000e+03
2.010102500000000000e+07,6.200000000000000000e+02,6.625000000000000000e+02,6.118200073242187500e+02,6.625000000000000000e+02,3.040000000000000000e+04
2.010110100000000000e+07,6.825000000000000000e+02,7.500000000000000000e+02,4.300000000000000000e+02,7.475000000000000000e+02,3.430000000000000000e+04
2.010110800000000000e+07,7.525000000000000000e+02,8.180000000000000000e+02,7.450000000000000000e+02,7.575000000000000000e+02,8.340000000000000000e+04
2.010111500000000000e+07,7.575000000000000000e+02,7.658330078125000000e+02,7.275000000000000000e+02,7.450000000000000000e+02,2.000000000000000000e+03
2.010112200000000000e+07,7.450000000000000000e+02,8.400000000000000000e+02,7.450000000000000000e+02,8.400000000000000000e+02,8.200000000000000000e+03
2.010112900000000000e+07,8.525000000000000000e+02,9.325000000000000000e+02,8.500000000000000000e+02,9.150000000000000000e+02,2.240000000000000000e+04
2.010120600000000000e+07,9.225000000000000000e+02,9.350000000000000000e+02,5.025000000000000000e+02,9.225000000000000000e+02,1.380000000000000000e+04
2.010121300000000000e+07,9.550000000000000000e+02,9.700000000000000000e+02,8.950000000000000000e+02,9.600000000000000000e+02,1.160000000000000000e+04
2.010122000000000000e+07,9.600000000000000000e+02,1.005000000000000000e+03,9.400000000000000000e+02,9.850000000000000000e+02,8.100000000000000000e+03
2.010122700000000000e+07,9.850000000000000000e+02,1.035000000000000000e+03,9.775000000000000000e+02,9.975000000000000000e+02,1.460000000000000000e+04
2.011011000000000000e+07,9.400000000000000000e+02,9.600000000000000000e+02,8.925000000000000000e+02,8.925000000000000000e+02,1.340000000000000000e+04
2.011011700000000000e+07,8.925000000000000000e+02,9.088599853515625000e+02,8.320000000000000000e+02,8.450000000000000000e+02,8.200000000000000000e+03
2.011012400000000000e+07,8.250000000000000000e+02,8.625000000000000000e+02,7.900000000000000000e+02,8.625000000000000000e+02,1.040000000000000000e+04
2.011013100000000000e+07,8.625000000000000000e+02,9.397000122070312500e+02,8.475000000000000000e+02,9.250000000000000000e+02,3.920000000000000000e+04
2.011020700000000000e+07,9.250000000000000000e+02,9.499249877929687500e+02,9.075000000000000000e+02,9.075000000000000000e+02,6.000000000000000000e+02
2.011021400000000000e+07,9.075000000000000000e+02,9.750000000000000000e+02,9.075000000000000000e+02,9.575000000000000000e+02,7.200000000000000000e+03
2.011022100000000000e+07,9.525000000000000000e+02,9.650000000000000000e+02,9.150000000000000000e+02,9.150000000000000000e+02,3.400000000000000000e+03
2.011022800000000000e+07,9.250000000000000000e+02,9.800000000000000000e+02,1.585800018310546875e+02,9.800000000000000000e+02,1.525000000000000000e+05
2.011030700000000000e+07,9.740000000000000000e+02,9.800000000000000000e+02,9.100000000000000000e+02,9.100000000000000000e+02,4.790000000000000000e+04
2.011031400000000000e+07,9.050000000000000000e+02,9.050000000000000000e+02,8.225000000000000000e+02,8.225000000000000000e+02,7.800000000000000000e+03
2.011032100000000000e+07,8.280000000000000000e+02,9.100000000000000000e+02,8.280000000000000000e+02,8.900000000000000000e+02,4.200000000000000000e+03
2.011032800000000000e+07,8.600000000000000000e+02,8.750000000000000000e+02,8.345000000000000000e+02,8.700000000000000000e+02,1.530000000000000000e+04
2.011040400000000000e+07,8.650000000000000000e+02,9.175000000000000000e+02,8.580000000000000000e+02,9.175000000000000000e+02,3.600000000000000000e+03
2.011041100000000000e+07,8.950000000000000000e+02,9.000000000000000000e+02,8.675000000000000000e+02,8.950000000000000000e+02,5.000000000000000000e+02
2.011041800000000000e+07,8.700000000000000000e+02,9.150000000000000000e+02,8.700000000000000000e+02,8.900000000000000000e+02,0.000000000000000000e+00
2.011050900000000000e+07,8.770000000000000000e+02,9.070000000000000000e+02,8.750000000000000000e+02,8.900000000000000000e+02,1.500000000000000000e+03
2.011051600000000000e+07,8.850000000000000000e+02,8.887500000000000000e+02,8.712500000000000000e+02,8.825000000000000000e+02,1.800000000000000000e+03
2.011052300000000000e+07,8.825000000000000000e+02,9.070000000000000000e+02,8.825000000000000000e+02,9.000000000000000000e+02,4.400000000000000000e+03
2.011060600000000000e+07,9.482000000000000455e+02,9.482000122070312500e+02,9.020000000000000000e+02,9.100000000000000000e+02,4.500000000000000000e+03
2.011061300000000000e+07,9.170000000000000000e+02,9.325000000000000000e+02,8.980000000000000000e+02,9.050000000000000000e+02,1.600000000000000000e+03
2.011062000000000000e+07,8.550000000000000000e+02,9.475000000000000000e+02,8.550000000000000000e+02,9.475000000000000000e+02,4.600000000000000000e+03
2.011062700000000000e+07,9.260000000000000000e+02,9.800000000000000000e+02,9.200000000000000000e+02,9.800000000000000000e+02,4.400000000000000000e+03
2.011070400000000000e+07,9.850000000000000000e+02,1.140000000000000000e+03,9.850000000000000000e+02,1.092500000000000000e+03,1.064000000000000000e+05
2.011071100000000000e+07,1.095500000000000000e+03,1.135000000000000000e+03,1.055000000000000000e+03,1.102500000000000000e+03,1.900000000000000000e+03
2.011071800000000000e+07,1.109000000000000000e+03,1.113250000000000000e+03,1.075000000000000000e+03,1.075000000000000000e+03,2.300000000000000000e+03
2.011072500000000000e+07,1.090000000000000000e+03,1.090000000000000000e+03,1.025000000000000000e+03,1.025000000000000000e+03,1.090000000000000000e+04
2.011080100000000000e+07,1.045000000000000000e+03,1.060000000000000000e+03,9.000000000000000000e+02,9.200000000000000000e+02,2.900000000000000000e+03
2.011080800000000000e+07,8.750000000000000000e+02,1.079500000000000000e+03,8.650000000000000000e+02,1.062500000000000000e+03,1.900000000000000000e+03
2.011081500000000000e+07,1.035000000000000000e+03,1.120500000000000000e+03,1.035000000000000000e+03,1.110000000000000000e+03,2.170000000000000000e+04
2.011082200000000000e+07,1.145500000000000000e+03,1.175000000000000000e+03,1.110000000000000000e+03,1.147500000000000000e+03,1.540000000000000000e+04
2.011090500000000000e+07,1.300000000000000000e+03,1.335000000000000000e+03,1.244000000000000000e+03,1.287500000000000000e+03,7.450000000000000000e+04
2.011091200000000000e+07,1.282500000000000000e+03,1.282500000000000000e+03,1.220000000000000000e+03,1.245000000000000000e+03,2.600000000000000000e+03
2.011091900000000000e+07,1.267500000000000000e+03,1.325000000000000000e+03,1.125000000000000000e+03,1.125000000000000000e+03,1.550000000000000000e+04
2.011092600000000000e+07,1.032500000000000000e+03,1.110000000000000000e+03,1.000000000000000000e+03,1.042500000000000000e+03,4.100000000000000000e+03
2.011100300000000000e+07,1.047500000000000000e+03,1.105000000000000000e+03,9.260000000000000000e+02,1.105000000000000000e+03,4.200000000000000000e+03
2.011101000000000000e+07,1.080000000000000000e+03,1.120000000000000000e+03,1.072500000000000000e+03,1.097500000000000000e+03,1.100000000000000000e+03
2.011101700000000000e+07,1.065000000000000000e+03,1.070000000000000000e+03,9.860000000000000000e+02,1.022500000000000000e+03,2.500000000000000000e+03
2.011102400000000000e+07,1.027500000000000000e+03,1.188250000000000000e+03,1.011750000000000000e+03,1.182500000000000000e+03,3.200000000000000000e+03
2.011103100000000000e+07,1.184000000000000000e+03,1.184000000000000000e+03,1.110000000000000000e+03,1.175000000000000000e+03,5.000000000000000000e+02
2.011110700000000000e+07,1.167500000000000000e+03,1.242500000000000000e+03,1.167500000000000000e+03,1.232500000000000000e+03,1.400000000000000000e+03
2.011111400000000000e+07,1.235250000000000000e+03,1.245000000000000000e+03,1.130000000000000000e+03,1.132500000000000000e+03,1.030000000000000000e+04
2.011112100000000000e+07,1.132000000000000000e+03,1.132000000000000000e+03,1.047500000000000000e+03,1.047500000000000000e+03,2.000000000000000000e+03
2.011112800000000000e+07,1.038000000000000000e+03,1.160000000000000000e+03,1.038000000000000000e+03,1.120000000000000000e+03,8.600000000000000000e+03
2.011120500000000000e+07,1.135000000000000000e+03,1.160000000000000000e+03,1.090000000000000000e+03,1.122500000000000000e+03,7.300000000000000000e+03
2.011121200000000000e+07,1.105000000000000000e+03,1.105000000000000000e+03,9.500000000000000000e+02,9.750000000000000000e+02,1.330000000000000000e+04
2.011121900000000000e+07,9.750000000000000000e+02,1.000000000000000000e+03,9.350000000000000000e+02,9.650000000000000000e+02,3.600000000000000000e+03
2.011122600000000000e+07,9.650000000000000000e+02,9.790000000000000000e+02,9.085000000000000000e+02,9.500000000000000000e+02,2.500000000000000000e+03
2.012010200000000000e+07,9.500000000000000000e+02,1.075000000000000000e+03,9.500000000000000000e+02,1.060000000000000000e+03,4.600000000000000000e+03
2.012010900000000000e+07,1.045250000000000000e+03,1.120000000000000000e+03,1.045250000000000000e+03,1.080000000000000000e+03,6.300000000000000000e+03
2.012011600000000000e+07,1.080000000000000000e+03,1.090000000000000000e+03,1.067500000000000000e+03,1.067500000000000000e+03,6.000000000000000000e+02
2.012012300000000000e+07,1.078250000000000000e+03,1.125000000000000000e+03,1.042500000000000000e+03,1.117500000000000000e+03,7.500000000000000000e+03
2.012013000000000000e+07,1.117500000000000000e+03,1.190000000000000000e+03,1.117500000000000000e+03,1.170000000000000000e+03,1.030000000000000000e+04
2.012020600000000000e+07,1.166000000000000000e+03,1.182000000000000000e+03,1.094500000000000000e+03,1.120000000000000000e+03,7.400000000000000000e+03
2.012021300000000000e+07,1.140000000000000000e+03,1.160000000000000000e+03,1.091670043945312500e+03,1.100000000000000000e+03,5.800000000000000000e+03
2.012022000000000000e+07,1.084500000000000000e+03,1.132750000000000000e+03,1.084500000000000000e+03,1.112500000000000000e+03,1.500000000000000000e+03
2.012022700000000000e+07,1.112500000000000000e+03,1.112500000000000000e+03,1.035000000000000000e+03,1.035000000000000000e+03,1.980000000000000000e+04
2.012030500000000000e+07,1.007000000000000000e+03,1.040000000000000000e+03,9.575000000000000000e+02,1.012500000000000000e+03,5.000000000000000000e+02
2.012031200000000000e+07,9.800000000000000000e+02,1.010000000000000000e+03,9.025000000000000000e+02,9.025000000000000000e+02,1.780000000000000000e+04
2.012031900000000000e+07,8.791200000000000045e+02,9.100000000000000000e+02,8.015000000000000000e+02,8.830000000000000000e+02,3.040000000000000000e+05
2.012032600000000000e+07,9.100000000000000000e+02,9.400000000000000000e+02,8.850000000000000000e+02,8.900000000000000000e+02,2.200000000000000000e+03
2.012040200000000000e+07,8.930000000000000000e+02,9.300000000000000000e+02,8.500000000000000000e+02,8.575000000000000000e+02,1.158000000000000000e+05
2.012040900000000000e+07,8.575000000000000000e+02,8.850000000000000000e+02,8.300000000000000000e+02,8.600000000000000000e+02,5.000000000000000000e+02
2.012041600000000000e+07,8.850000000000000000e+02,8.850000000000000000e+02,8.100000000000000000e+02,8.300000000000000000e+02,1.900000000000000000e+03
2.012042300000000000e+07,8.250000000000000000e+02,8.300000000000000000e+02,7.400000000000000000e+02,8.200000000000000000e+02,2.150000000000000000e+04
2.012043000000000000e+07,8.400000000000000000e+02,8.400000000000000000e+02,8.000000000000000000e+02,8.075000000000000000e+02,3.700000000000000000e+03
2.012050700000000000e+07,8.075000000000000000e+02,8.075000000000000000e+02,6.853889770507812500e+02,7.300000000000000000e+02,4.200000000000000000e+03
2.012051400000000000e+07,7.300000000000000000e+02,7.300000000000000000e+02,6.275000000000000000e+02,6.710000000000000000e+02,2.300000000000000000e+03
2.012052100000000000e+07,6.710000000000000000e+02,6.875000000000000000e+02,6.467210083007812500e+02,6.875000000000000000e+02,3.400000000000000000e+03
2.012052800000000000e+07,6.875000000000000000e+02,7.195000000000000000e+02,6.845000000000000000e+02,7.025000000000000000e+02,2.000000000000000000e+03
2.012060400000000000e+07,7.025000000000000000e+02,8.650000000000000000e+02,7.025000000000000000e+02,8.125000000000000000e+02,1.150000000000000000e+04
2.012061100000000000e+07,8.125000000000000000e+02,8.125000000000000000e+02,7.750000000000000000e+02,7.825000000000000000e+02,2.000000000000000000e+02
2.012061800000000000e+07,7.825000000000000000e+02,8.100000000000000000e+02,7.200000000000000000e+02,7.250000000000000000e+02,2.130000000000000000e+04
2.012062500000000000e+07,7.350000000000000000e+02,7.350000000000000000e+02,6.875000000000000000e+02,6.875000000000000000e+02,6.100000000000000000e+03
2.012070200000000000e+07,7.080000000000000000e+02,7.275000000000000000e+02,6.712500000000000000e+02,7.275000000000000000e+02,1.000000000000000000e+03
2.012070900000000000e+07,7.100000000000000000e+02,7.100000000000000000e+02,6.632500000000000000e+02,6.650000000000000000e+02,3.600000000000000000e+03
2.012071600000000000e+07,6.650000000000000000e+02,6.800000000000000000e+02,6.350000000000000000e+02,6.800000000000000000e+02,2.600000000000000000e+03
2.012072300000000000e+07,6.945000000000000000e+02,7.501599731445312500e+02,6.600000000000000000e+02,7.500000000000000000e+02,1.541000000000000000e+05
2.012073000000000000e+07,7.970000000000000000e+02,7.970000000000000000e+02,7.600000000000000000e+02,7.800000000000000000e+02,6.000000000000000000e+02
2.012080600000000000e+07,7.555000000000000000e+02,8.100000000000000000e+02,7.555000000000000000e+02,7.875000000000000000e+02,1.010000000000000000e+05
2.012081300000000000e+07,7.725000000000000000e+02,8.015000000000000000e+02,7.452000122070312500e+02,7.800000000000000000e+02,1.200000000000000000e+03
2.012082000000000000e+07,7.572000000000000455e+02,9.250000000000000000e+02,7.572000122070312500e+02,8.775000000000000000e+02,7.100000000000000000e+03
2.012082700000000000e+07,8.775000000000000000e+02,8.915390014648437500e+02,8.575000000000000000e+02,8.575000000000000000e+02,2.730000000000000000e+04
2.012090300000000000e+07,8.700000000000000000e+02,9.220000000000000000e+02,8.575000000000000000e+02,8.750000000000000000e+02,8.000000000000000000e+02
2.012091000000000000e+07,8.600000000000000000e+02,8.600000000000000000e+02,7.350000000000000000e+02,7.725000000000000000e+02,1.814000000000000000e+05
2.012091700000000000e+07,7.845000000000000000e+02,7.845000000000000000e+02,7.050000000000000000e+02,7.500000000000000000e+02,1.170000000000000000e+04
2.012092400000000000e+07,7.675000000000000000e+02,7.700000000000000000e+02,7.025000000000000000e+02,7.250000000000000000e+02,7.500000000000000000e+03
2.012100100000000000e+07,7.500000000000000000e+02,7.500000000000000000e+02,7.205000000000000000e+02,7.265000000000000000e+02,2.900000000000000000e+03
2.012100800000000000e+07,7.275000000000000000e+02,7.350000000000000000e+02,6.805000000000000000e+02,7.050000000000000000e+02,1.790000000000000000e+04
2.012101500000000000e+07,7.105000000000000000e+02,7.105000000000000000e+02,6.250000000000000000e+02,6.325000000000000000e+02,2.480000000000000000e+04
2.012102200000000000e+07,6.405000000000000000e+02,6.405000000000000000e+02,5.850000000000000000e+02,5.850000000000000000e+02,8.450000000000000000e+04
2.012102900000000000e+07,5.710000000000000000e+02,6.400000000000000000e+02,5.700000000000000000e+02,6.275000000000000000e+02,4.400000000000000000e+03
2.012110500000000000e+07,6.400000000000000000e+02,6.640000000000000000e+02,6.240000000000000000e+02,6.475000000000000000e+02,2.850000000000000000e+04
2.012111200000000000e+07,6.500000000000000000e+02,6.870000000000000000e+02,5.910000000000000000e+02,6.050000000000000000e+02,4.000000000000000000e+03
2.012111900000000000e+07,6.250000000000000000e+02,6.340000000000000000e+02,6.125000000000000000e+02,6.200000000000000000e+02,2.300000000000000000e+03
2.012112600000000000e+07,6.125000000000000000e+02,6.125000000000000000e+02,5.675000000000000000e+02,5.675000000000000000e+02,4.590000000000000000e+04
2.012120300000000000e+07,5.610000000000000000e+02,5.610000000000000000e+02,5.000000000000000000e+02,5.225000000000000000e+02,1.220000000000000000e+04
2.012121000000000000e+07,5.075000000000000000e+02,5.087000122070312500e+02,3.304739990234375000e+02,4.300000000000000000e+02,1.012000000000000000e+05
2.012121700000000000e+07,4.299750000000000227e+02,4.415000000000000000e+02,3.775000000000000000e+02,3.800000000000000000e+02,1.120000000000000000e+04
2.012122400000000000e+07,3.795000000000000000e+02,3.832500000000000000e+02,3.650000000000000000e+02,3.700000000000000000e+02,9.600000000000000000e+03
2.012123100000000000e+07,3.760000000000000000e+02,4.200000000000000000e+02,3.700000000000000000e+02,4.025000000000000000e+02,8.800000000000000000e+03
2.013010700000000000e+07,4.165000000000000000e+02,4.165000000000000000e+02,3.865000000000000000e+02,3.925000000000000000e+02,4.180000000000000000e+04
2.013011400000000000e+07,3.992500000000000000e+02,4.555000000000000000e+02,3.880000000000000000e+02,4.350000000000000000e+02,3.530000000000000000e+04
2.013012100000000000e+07,4.525000000000000000e+02,4.525000000000000000e+02,4.095000000000000000e+02,4.200000000000000000e+02,1.640000000000000000e+04
2.013012800000000000e+07,4.250000000000000000e+02,4.300000000000000000e+02,3.957500000000000000e+02,4.025000000000000000e+02,9.700000000000000000e+03
2.013020400000000000e+07,3.950000000000000000e+02,4.300000000000000000e+02,3.950000000000000000e+02,4.200000000000000000e+02,9.500000000000000000e+03
2.013021100000000000e+07,4.470000000000000000e+02,4.470000000000000000e+02,4.200000000000000000e+02,4.325000000000000000e+02,8.000000000000000000e+02
2.013021800000000000e+07,4.150000000000000000e+02,4.347500000000000000e+02,3.880000000000000000e+02,4.000000000000000000e+02,2.720000000000000000e+04
2.013022500000000000e+07,3.900000000000000000e+02,4.240000000000000000e+02,3.900000000000000000e+02,4.125000000000000000e+02,3.630000000000000000e+04
2.013030400000000000e+07,4.180000000000000000e+02,4.220000000000000000e+02,3.765000000000000000e+02,3.795000000000000000e+02,3.900000000000000000e+04
2.013031100000000000e+07,3.810000000000000000e+02,4.035000000000000000e+02,3.500050048828125000e+02,3.550000000000000000e+02,5.130000000000000000e+04
2.013031800000000000e+07,3.450000000000000000e+02,3.600000000000000000e+02,3.300000000000000000e+02,3.575000000000000000e+02,4.400000000000000000e+04
2.013032500000000000e+07,3.575000000000000000e+02,3.580000000000000000e+02,3.500000000000000000e+02,3.550000000000000000e+02,3.700000000000000000e+03
2.013040100000000000e+07,3.550000000000000000e+02,3.550000000000000000e+02,3.050000000000000000e+02,3.080000000000000000e+02,2.000000000000000000e+04
2.013040800000000000e+07,3.083999999999999773e+02,3.135000000000000000e+02,2.550000000000000000e+02,2.550000000000000000e+02,1.120000000000000000e+04
2.013041500000000000e+07,2.450000000000000000e+02,2.460000000000000000e+02,1.800000000000000000e+02,1.875000000000000000e+02,7.200000000000000000e+04
2.013042200000000000e+07,1.911599999999999966e+02,2.300000000000000000e+02,1.850000000000000000e+02,2.250000000000000000e+02,4.000000000000000000e+04
2.013042900000000000e+07,2.270000000000000000e+02,2.270000000000000000e+02,2.010000000000000000e+02,2.070000000000000000e+02,9.300000000000000000e+03
2.013050600000000000e+07,2.070000000000000000e+02,2.070000000000000000e+02,1.900000000000000000e+02,2.065000000000000000e+02,9.600000000000000000e+03
2.013051300000000000e+07,2.250000000000000000e+02,2.500000000000000000e+02,2.150000000000000000e+02,2.275000000000000000e+02,2.400000000000000000e+04
2.013052000000000000e+07,2.200000000000000000e+02,3.000000000000000000e+02,2.200000000000000000e+02,2.895000000000000000e+02,3.330000000000000000e+04
2.013052700000000000e+07,2.895000000000000000e+02,3.750000000000000000e+02,2.880000000000000000e+02,3.450000000000000000e+02,2.570000000000000000e+04
2.013060300000000000e+07,3.440000000000000000e+02,3.700000000000000000e+02,3.337500000000000000e+02,3.475000000000000000e+02,1.740000000000000000e+04
2.013061000000000000e+07,3.425000000000000000e+02,3.425000000000000000e+02,3.095000000000000000e+02,3.160000000000000000e+02,1.200000000000000000e+04
2.013061700000000000e+07,3.280000000000000000e+02,3.360000000000000000e+02,2.550000000000000000e+02,2.615000000000000000e+02,1.150000000000000000e+04
2.013062400000000000e+07,2.500000000000000000e+02,2.750000000000000000e+02,2.318699951171875000e+02,2.575000000000000000e+02,1.910000000000000000e+04
2.013070100000000000e+07,2.700000000000000000e+02,2.772999877929687500e+02,2.620000000000000000e+02,2.675000000000000000e+02,4.000000000000000000e+02
2.013070800000000000e+07,2.600000000000000000e+02,2.728999938964843750e+02,2.415000000000000000e+02,2.440000000000000000e+02,1.020000000000000000e+04
2.013071500000000000e+07,2.300000000000000000e+02,2.412500000000000000e+02,2.090000000000000000e+02,2.090000000000000000e+02,2.070000000000000000e+04
2.013072200000000000e+07,2.060000000000000000e+02,2.403999938964843750e+02,2.060000000000000000e+02,2.300000000000000000e+02,2.000000000000000000e+04
2.013072900000000000e+07,2.300000000000000000e+02,2.377500000000000000e+02,2.060000000000000000e+02,2.075000000000000000e+02,1.170000000000000000e+04
2.013080500000000000e+07,1.970000000000000000e+02,2.000000000000000000e+02,1.800000000000000000e+02,1.965000000000000000e+02,1.270000000000000000e+04
2.013081200000000000e+07,2.100000000000000000e+02,2.900000000000000000e+02,2.100000000000000000e+02,2.850000000000000000e+02,3.460000000000000000e+04
2.013081900000000000e+07,2.880000000000000000e+02,2.920000000000000000e+02,2.500000000000000000e+02,2.625000000000000000e+02,2.640000000000000000e+04
2.013082600000000000e+07,2.625000000000000000e+02,3.060000000000000000e+02,2.625000000000000000e+02,2.815000000000000000e+02,1.800000000000000000e+04
2.013090200000000000e+07,2.830000000000000000e+02,2.850000000000000000e+02,2.650000000000000000e+02,2.655000000000000000e+02,3.000000000000000000e+03
2.013090900000000000e+07,2.600000000000000000e+02,2.680000000000000000e+02,2.165000000000000000e+02,2.190000000000000000e+02,2.720000000000000000e+04
2.013091600000000000e+07,2.271500000000000057e+02,2.600000000000000000e+02,2.190000000000000000e+02,2.255000000000000000e+02,1.340000000000000000e+04
2.013092300000000000e+07,2.192500000000000000e+02,2.250000000000000000e+02,1.999499969482421875e+02,2.150000000000000000e+02,8.200000000000000000e+03
2.013093000000000000e+07,2.084000000000000057e+02,2.135000000000000000e+02,1.960000000000000000e+02,2.090000000000000000e+02,2.700000000000000000e+03
2.013100700000000000e+07,2.161500000000000057e+02,2.180000000000000000e+02,2.063000030517578125e+02,2.100000000000000000e+02,1.900000000000000000e+03
2.013101400000000000e+07,2.075000000000000000e+02,2.180000000000000000e+02,2.025000000000000000e+02,2.140000000000000000e+02,2.200000000000000000e+03
2.013102100000000000e+07,2.300000000000000000e+02,2.325000000000000000e+02,2.175000000000000000e+02,2.325000000000000000e+02,8.000000000000000000e+03
2.013102800000000000e+07,2.250000000000000000e+02,2.550000000000000000e+02,2.160000000000000000e+02,2.200000000000000000e+02,1.560000000000000000e+04
2.013110400000000000e+07,2.160000000000000000e+02,2.200000000000000000e+02,2.000000000000000000e+02,2.075000000000000000e+02,9.600000000000000000e+03
2.013111100000000000e+07,2.050000000000000000e+02,2.050000000000000000e+02,1.950000000000000000e+02,1.975000000000000000e+02,4.100000000000000000e+03
2.013111800000000000e+07,1.970000000000000000e+02,2.020000000000000000e+02,1.820000000000000000e+02,1.850000000000000000e+02,7.400000000000000000e+03
2.013112500000000000e+07,1.830000000000000000e+02,1.830000000000000000e+02,1.437500000000000000e+02,1.550000000000000000e+02,6.060000000000000000e+04
2.013120200000000000e+07,1.575000000000000000e+02,1.575000000000000000e+02,1.450000000000000000e+02,1.500000000000000000e+02,6.500000000000000000e+03
2.013120900000000000e+07,1.450000000000000000e+02,1.550000000000000000e+02,1.300000000000000000e+02,1.350000000000000000e+02,9.500000000000000000e+03
2.013121600000000000e+07,1.331699999999999875e+02,1.400000000000000000e+02,1.314909973144531250e+02,1.350000000000000000e+02,3.200000000000000000e+04
2.013122300000000000e+07,1.350000000000000000e+02,1.410000000000000000e+02,1.270000000000000000e+02,1.410000000000000000e+02,2.100000000000000000e+03
2.013123000000000000e+07,1.464000000000000057e+02,1.700000000000000000e+02,1.410000000000000000e+02,1.650000000000000000e+02,1.000000000000000000e+04
2.014010600000000000e+07,1.850000000000000000e+02,2.000000000000000000e+02,1.350399932861328125e+02,1.430000000000000000e+02,3.190000000000000000e+04
2.014011300000000000e+07,1.400000000000000000e+02,1.700000000000000000e+02,1.400000000000000000e+02,1.700000000000000000e+02,1.240000000000000000e+04
2.014012000000000000e+07,1.898000000000000114e+02,1.900000000000000000e+02,1.720000000000000000e+02,1.800000000000000000e+02,1.930000000000000000e+04
2.014012700000000000e+07,1.770000000000000000e+02,1.800000000000000000e+02,1.680000000000000000e+02,1.775000000000000000e+02,7.700000000000000000e+03
2.014020300000000000e+07,1.800000000000000000e+02,2.000000000000000000e+02,1.775000000000000000e+02,1.850000000000000000e+02,1.020000000000000000e+04
2.014021000000000000e+07,1.890000000000000000e+02,2.300000000000000000e+02,1.890000000000000000e+02,2.275000000000000000e+02,2.450000000000000000e+04
2.014021700000000000e+07,2.440000000000000000e+02,2.500000000000000000e+02,2.050000000000000000e+02,2.200000000000000000e+02,3.350000000000000000e+04
2.014022400000000000e+07,2.220000000000000000e+02,2.300000000000000000e+02,2.120000000000000000e+02,2.250000000000000000e+02,2.820000000000000000e+04
2.014030300000000000e+07,2.280000000000000000e+02,2.350000000000000000e+02,2.170000000000000000e+02,2.275000000000000000e+02,3.030000000000000000e+04
2.014031000000000000e+07,2.400000000000000000e+02,2.492500000000000000e+02,2.250000000000000000e+02,2.475000000000000000e+02,2.490000000000000000e+04
2.014031700000000000e+07,2.530000000000000000e+02,2.530000000000000000e+02,2.130000000000000000e+02,2.225000000000000000e+02,2.950000000000000000e+04
2.014032400000000000e+07,2.238000000000000114e+02,2.238000030517578125e+02,1.850000000000000000e+02,1.925000000000000000e+02,2.150000000000000000e+04
2.014033100000000000e+07,1.920000000000000000e+02,1.920000000000000000e+02,1.821000061035156250e+02,1.870000000000000000e+02,6.600000000000000000e+03
2.014040700000000000e+07,1.880000000000000000e+02,1.950000000000000000e+02,1.772500000000000000e+02,1.915000000000000000e+02,5.600000000000000000e+03
2.014041400000000000e+07,1.800000000000000000e+02,1.916999969482421875e+02,1.600000000000000000e+02,1.675000000000000000e+02,1.880000000000000000e+04
2.014042100000000000e+07,1.675000000000000000e+02,1.705000000000000000e+02,1.600000000000000000e+02,1.705000000000000000e+02,1.900000000000000000e+03
2.014042800000000000e+07,1.610000000000000000e+02,1.766940002441406250e+02,1.600000000000000000e+02,1.695000000000000000e+02,6.000000000000000000e+03
2.014050500000000000e+07,1.695000000000000000e+02,1.751999969482421875e+02,1.500000000000000000e+02,1.650000000000000000e+02,1.140000000000000000e+04
2.014051200000000000e+07,1.648619999999999948e+02,1.670000000000000000e+02,1.500000000000000000e+02,1.575000000000000000e+02,8.400000000000000000e+03
2.014051900000000000e+07,1.575000000000000000e+02,1.619199981689453125e+02,1.516999969482421875e+02,1.610000000000000000e+02,1.100000000000000000e+04
2.014052600000000000e+07,1.610000000000000000e+02,1.610000000000000000e+02,1.400000000000000000e+02,1.500000000000000000e+02,8.400000000000000000e+03
2.014060200000000000e+07,1.520000000000000000e+02,1.520000000000000000e+02,1.350000000000000000e+02,1.430000000000000000e+02,9.600000000000000000e+03
2.014060900000000000e+07,1.450000000000000000e+02,1.890000000000000000e+02,1.450000000000000000e+02,1.890000000000000000e+02,1.480000000000000000e+04
2.014061600000000000e+07,1.780000000000000000e+02,1.900000000000000000e+02,1.750000000000000000e+02,1.900000000000000000e+02,6.300000000000000000e+03
2.014062300000000000e+07,1.960200000000000102e+02,1.960200042724609375e+02,1.830000000000000000e+02,1.900000000000000000e+02,2.200000000000000000e+03
2.014063000000000000e+07,1.830000000000000000e+02,1.980000000000000000e+02,1.800000000000000000e+02,1.950000000000000000e+02,1.250000000000000000e+04
2.014070700000000000e+07,1.910000000000000000e+02,2.150000000000000000e+02,1.910000000000000000e+02,2.090000000000000000e+02,7.600000000000000000e+03
2.014071400000000000e+07,2.018000000000000114e+02,2.100000000000000000e+02,1.920000000000000000e+02,2.100000000000000000e+02,6.100000000000000000e+03
2.014072100000000000e+07,2.125000000000000000e+02,2.125000000000000000e+02,2.050000000000000000e+02,2.070000000000000000e+02,6.800000000000000000e+03
2.014072800000000000e+07,2.000000000000000000e+02,2.000000000000000000e+02,1.900000000000000000e+02,1.975000000000000000e+02,3.000000000000000000e+03
2.014080400000000000e+07,1.960000000000000000e+02,2.250000000000000000e+02,1.960000000000000000e+02,2.200000000000000000e+02,1.130000000000000000e+04
2.014081100000000000e+07,2.210000000000000000e+02,2.650000000000000000e+02,2.210000000000000000e+02,2.600000000000000000e+02,1.830000000000000000e+04
2.014081800000000000e+07,2.610000000000000000e+02,2.840000000000000000e+02,2.578500061035156250e+02,2.750000000000000000e+02,3.810000000000000000e+04
2.014082500000000000e+07,2.750000000000000000e+02,3.340000000000000000e+02,2.750000000000000000e+02,3.220000000000000000e+02,1.350000000000000000e+04
2.014090100000000000e+07,3.340000000000000000e+02,3.340000000000000000e+02,2.810000000000000000e+02,3.070000000000000000e+02,2.030000000000000000e+04
2.014090800000000000e+07,3.050000000000000000e+02,3.080000000000000000e+02,2.917999877929687500e+02,3.050000000000000000e+02,7.300000000000000000e+03
2.014091500000000000e+07,2.933330000000000268e+02,3.070000000000000000e+02,2.837500000000000000e+02,2.850000000000000000e+02,4.000000000000000000e+03
2.014092200000000000e+07,2.800000000000000000e+02,2.800000000000000000e+02,2.500000000000000000e+02,2.780000000000000000e+02,1.460000000000000000e+04
2.014092900000000000e+07,2.750000000000000000e+02,2.770000000000000000e+02,2.650000000000000000e+02,2.700000000000000000e+02,9.200000000000000000e+03
2.014100600000000000e+07,2.550000000000000000e+02,2.925000000000000000e+02,2.550000000000000000e+02,2.850000000000000000e+02,1.630000000000000000e+04
2.014101300000000000e+07,2.760000000000000000e+02,2.940000000000000000e+02,2.760000000000000000e+02,2.825000000000000000e+02,7.800000000000000000e+03
2.014102000000000000e+07,2.765000000000000000e+02,2.900000000000000000e+02,2.665000000000000000e+02,2.675000000000000000e+02,1.120000000000000000e+04
2.014102700000000000e+07,2.575000000000000000e+02,2.575000000000000000e+02,1.918899993896484375e+02,2.025000000000000000e+02,9.100000000000000000e+03
2.014110300000000000e+07,1.950000000000000000e+02,2.050000000000000000e+02,1.950000000000000000e+02,2.045000000000000000e+02,5.300000000000000000e+03
2.014111000000000000e+07,2.071999999999999886e+02,2.071999969482421875e+02,1.908099975585937500e+02,2.025000000000000000e+02,3.800000000000000000e+03
2.014111700000000000e+07,2.050000000000000000e+02,2.330000000000000000e+02,2.050000000000000000e+02,2.200000000000000000e+02,7.400000000000000000e+03
2.014112400000000000e+07,2.200000000000000000e+02,2.200000000000000000e+02,2.025000000000000000e+02,2.025000000000000000e+02,0.000000000000000000e+00
2.014120100000000000e+07,2.037500000000000000e+02,2.120000000000000000e+02,1.900000000000000000e+02,1.975000000000000000e+02,4.000000000000000000e+02
2.014120800000000000e+07,2.027500000000000000e+02,2.050000000000000000e+02,1.965000000000000000e+02,1.965000000000000000e+02,1.240000000000000000e+04
2.014121500000000000e+07,1.800000000000000000e+02,1.800000000000000000e+02,1.624149932861328125e+02,1.800000000000000000e+02,7.800000000000000000e+03
2.014122200000000000e+07,1.870000000000000000e+02,1.870000000000000000e+02,1.600000000000000000e+02,1.675000000000000000e+02,7.300000000000000000e+03
2.014122900000000000e+07,1.675000000000000000e+02,1.850000000000000000e+02,1.675000000000000000e+02,1.850000000000000000e+02,2.000000000000000000e+03
2.015010500000000000e+07,1.975000000000000000e+02,2.090000000000000000e+02,1.975000000000000000e+02,2.050000000000000000e+02,1.100000000000000000e+03
2.015011200000000000e+07,2.090000000000000000e+02,2.400000000000000000e+02,2.025000000000000000e+02,2.400000000000000000e+02,9.700000000000000000e+03
2.015011900000000000e+07,2.350000000000000000e+02,2.700000000000000000e+02,2.350000000000000000e+02,2.500000000000000000e+02,1.110000000000000000e+04
2.015012600000000000e+07,2.400000000000000000e+02,2.550000000000000000e+02,2.280000000000000000e+02,2.350000000000000000e+02,9.100000000000000000e+03
2.015020200000000000e+07,2.325000000000000000e+02,2.470000000000000000e+02,2.225000000000000000e+02,2.250000000000000000e+02,6.400000000000000000e+03
2.015020900000000000e+07,2.200000000000000000e+02,2.300000000000000000e+02,2.150000000000000000e+02,2.300000000000000000e+02,1.600000000000000000e+03
2.015021600000000000e+07,2.350000000000000000e+02,2.540000000000000000e+02,2.280000000000000000e+02,2.450000000000000000e+02,1.410000000000000000e+04
2.015022300000000000e+07,2.390000000000000000e+02,2.600000000000000000e+02,2.290000000000000000e+02,2.550000000000000000e+02,8.000000000000000000e+03
2.015030200000000000e+07,2.600000000000000000e+02,2.700000000000000000e+02,2.575000000000000000e+02,2.575000000000000000e+02,6.500000000000000000e+03
2.015030900000000000e+07,2.500000000000000000e+02,2.650000000000000000e+02,2.450000000000000000e+02,2.650000000000000000e+02,5.700000000000000000e+03
2.015031600000000000e+07,2.615000000000000000e+02,2.980000000000000000e+02,2.615000000000000000e+02,2.975000000000000000e+02,9.800000000000000000e+03
2.015032300000000000e+07,3.000000000000000000e+02,3.250000000000000000e+02,3.000000000000000000e+02,3.025000000000000000e+02,2.290000000000000000e+04
2.015033000000000000e+07,3.045000000000000000e+02,3.049249877929687500e+02,2.802000122070312500e+02,2.975000000000000000e+02,5.700000000000000000e+03
2.015040600000000000e+07,2.975000000000000000e+02,3.100000000000000000e+02,2.872500000000000000e+02,3.000000000000000000e+02,3.000000000000000000e+03
2.015041300000000000e+07,3.030000000000000000e+02,3.300000000000000000e+02,3.002999877929687500e+02,3.250000000000000000e+02,4.720000000000000000e+04
2.015042000000000000e+07,3.180000000000000000e+02,3.250000000000000000e+02,3.100000000000000000e+02,3.100000000000000000e+02,3.830000000000000000e+04
2.015042700000000000e+07,3.065000000000000000e+02,3.090000000000000000e+02,3.015000000000000000e+02,3.075000000000000000e+02,1.760000000000000000e+04
2.015050400000000000e+07,3.075000000000000000e+02,3.250000000000000000e+02,3.022500000000000000e+02,3.155000000000000000e+02,1.000000000000000000e+04
2.015051100000000000e+07,3.200000000000000000e+02,3.618150024414062500e+02,3.150000000000000000e+02,3.350000000000000000e+02,2.190000000000000000e+04
2.015051800000000000e+07,3.270000000000000000e+02,3.410000000000000000e+02,3.270000000000000000e+02,3.350000000000000000e+02,7.900000000000000000e+03
2.015052500000000000e+07,3.350000000000000000e+02,3.350000000000000000e+02,3.182879943847656250e+02,3.350000000000000000e+02,4.600000000000000000e+03
2.015060100000000000e+07,3.270000000000000000e+02,3.350000000000000000e+02,3.200000000000000000e+02,3.200000000000000000e+02,9.700000000000000000e+03
2.015060800000000000e+07,3.200000000000000000e+02,3.260000000000000000e+02,3.125000000000000000e+02,3.125000000000000000e+02,2.100000000000000000e+03
2.015061500000000000e+07,3.100000000000000000e+02,3.100000000000000000e+02,2.901499938964843750e+02,2.975000000000000000e+02,6.000000000000000000e+02
2.015062200000000000e+07,3.049990000000000236e+02,3.049989929199218750e+02,2.850000000000000000e+02,2.900000000000000000e+02,9.300000000000000000e+03
2.015062900000000000e+07,2.820000000000000000e+02,2.900000000000000000e+02,2.800000000000000000e+02,2.850000000000000000e+02,6.000000000000000000e+02
2.015070600000000000e+07,2.710000000000000000e+02,2.785000000000000000e+02,2.510000000000000000e+02,2.600000000000000000e+02,2.250000000000000000e+04
2.015071300000000000e+07,2.560000000000000000e+02,2.660000000000000000e+02,2.450000000000000000e+02,2.600000000000000000e+02,5.900000000000000000e+03
2.015072000000000000e+07,2.350000000000000000e+02,2.350000000000000000e+02,1.920000000000000000e+02,2.150000000000000000e+02,3.700000000000000000e+04
2.015072700000000000e+07,2.249989999999999952e+02,2.450000000000000000e+02,2.020000000000000000e+02,2.175000000000000000e+02,3.645200000000000000e+04
