2.006101600000000000e+07,1.575769999999999982e+02,1.591849975585937500e+02,1.566770019531250000e+02,1.579790000000000134e+02,1.664150000000000000e+07
2.006102300000000000e+07,1.591850000000000023e+02,1.599889984130859375e+02,1.567729949951171875e+02,1.567729999999999961e+02,1.538200000000000000e+06
2.006103000000000000e+07,1.567729999999999961e+02,1.575769958496093750e+02,1.495370025634765625e+02,1.527529999999999859e+02,8.599000000000000000e+05
2.006110600000000000e+07,1.527529999999999859e+02,1.567729949951171875e+02,1.511450042724609375e+02,1.539590000000000032e+02,7.525300000000000000e+06
2.006111300000000000e+07,1.567729999999999961e+02,1.583809967041015625e+02,1.447140045166015625e+02,1.467230000000000132e+02,1.489400000000000000e+06
2.006112000000000000e+07,1.511450000000000102e+02,1.599889984130859375e+02,1.471250000000000000e+02,1.583810000000000002e+02,3.520400000000000000e+06
2.006112700000000000e+07,1.583810000000000002e+02,1.583809967041015625e+02,1.567729949951171875e+02,1.567729999999999961e+02,1.479000000000000000e+06
2.006120400000000000e+07,1.583810000000000002e+02,1.688320007324218750e+02,1.567729949951171875e+02,1.680289999999999964e+02,4.270300000000000000e+06
2.006121100000000000e+07,1.660190000000000055e+02,1.768719940185546875e+02,1.607929992675781250e+02,1.764699999999999989e+02,2.109200000000000000e+06
2.006121800000000000e+07,1.776759999999999877e+02,1.969709930419921875e+02,1.776759948730468750e+02,1.907400000000000091e+02,3.623900000000000000e+06
2.006122500000000000e+07,1.907400000000000091e+02,1.945590057373046875e+02,1.889320068359375000e+02,1.945589999999999975e+02,1.102000000000000000e+05
2.007010100000000000e+07,1.945589999999999975e+02,2.090310058593750000e+02,1.849120025634765625e+02,1.861179999999999950e+02,1.438400000000000000e+06
2.007010800000000000e+07,1.889319999999999879e+02,1.945590057373046875e+02,1.768719940185546875e+02,1.885300000000000011e+02,1.201600000000000000e+06
2.007011500000000000e+07,1.905399999999999920e+02,1.953630065917968750e+02,1.816959991455078125e+02,1.869219999999999970e+02,3.736400000000000000e+06
2.007012200000000000e+07,1.849120000000000061e+02,1.929510040283203125e+02,1.849120025634765625e+02,1.901380000000000052e+02,1.716800000000000000e+06
2.007012900000000000e+07,1.873240000000000123e+02,2.090310058593750000e+02,1.833040008544921875e+02,2.050109999999999957e+02,7.159900000000000000e+06
2.007020500000000000e+07,2.050109999999999957e+02,2.114429931640625000e+02,1.985789947509765625e+02,2.030010000000000048e+02,6.062000000000000000e+05
2.007021200000000000e+07,2.050109999999999957e+02,2.235019989013671875e+02,1.969709930419921875e+02,2.158640000000000043e+02,5.103300000000000000e+06
2.007021900000000000e+07,2.186779999999999973e+02,2.210899963378906250e+02,2.058150024414062500e+02,2.154619999999999891e+02,2.597400000000000000e+06
2.007022600000000000e+07,2.154619999999999891e+02,2.154620056152343750e+02,1.897359924316406250e+02,2.130500000000000114e+02,5.761000000000000000e+05
2.007030500000000000e+07,2.050109999999999957e+02,2.186779937744140625e+02,2.009909973144531250e+02,2.170699999999999932e+02,1.973700000000000000e+06
2.007031200000000000e+07,2.186779999999999973e+02,2.210899963378906250e+02,2.048099975585937500e+02,2.170699999999999932e+02,1.069000000000000000e+05
2.007031900000000000e+07,2.130500000000000114e+02,2.170700073242187500e+02,2.074230041503906250e+02,2.170699999999999932e+02,8.758200000000000000e+06
2.007032600000000000e+07,2.170699999999999932e+02,2.371690063476562500e+02,2.128500061035156250e+02,2.363650000000000091e+02,3.422200000000000000e+06
2.007040200000000000e+07,2.331500000000000057e+02,2.371690063476562500e+02,2.210899963378906250e+02,2.307379999999999995e+02,5.275000000000000000e+06
2.007040900000000000e+07,2.307379999999999995e+02,2.476210021972656250e+02,2.170700073242187500e+02,2.395809999999999889e+02,1.472910000000000000e+07
2.007041600000000000e+07,2.395809999999999889e+02,2.492290039062500000e+02,2.371690063476562500e+02,2.492290000000000134e+02,3.224400000000000000e+06
2.007042300000000000e+07,2.492290000000000134e+02,2.532489929199218750e+02,2.411889953613281250e+02,2.476210000000000093e+02,1.489100000000000000e+06
2.007043000000000000e+07,2.427969999999999970e+02,2.653080139160156250e+02,2.379730072021484375e+02,2.653079999999999927e+02,1.297140000000000000e+07
2.007050700000000000e+07,2.653079999999999927e+02,2.653080139160156250e+02,2.452089996337890625e+02,2.524449999999999932e+02,1.748500000000000000e+06
2.007051400000000000e+07,2.540529999999999973e+02,2.653080139160156250e+02,2.500330047607421875e+02,2.612880000000000109e+02,1.726700000000000000e+06
2.007052100000000000e+07,2.636999999999999886e+02,2.693280029296875000e+02,2.532489929199218750e+02,2.653079999999999927e+02,1.357100000000000000e+06
2.007052800000000000e+07,2.653079999999999927e+02,2.756950073242187500e+02,2.574700012207031250e+02,2.685240000000000009e+02,8.144000000000000000e+05
2.007060400000000000e+07,2.693279999999999745e+02,2.693280029296875000e+02,2.532489929199218750e+02,2.612880000000000109e+02,5.376000000000000000e+05
2.007061100000000000e+07,2.636999999999999886e+02,2.677200012207031250e+02,2.540529937744140625e+02,2.540529999999999973e+02,1.014300000000000000e+06
2.007061800000000000e+07,2.612880000000000109e+02,2.612879943847656250e+02,2.540529937744140625e+02,2.572690000000000055e+02,1.480300000000000000e+06
2.007062500000000000e+07,2.540529999999999973e+02,2.773680114746093750e+02,2.452089996337890625e+02,2.773679999999999950e+02,7.676700000000000000e+06
2.007070200000000000e+07,2.757599999999999909e+02,3.145509948730468750e+02,2.677200012207031250e+02,3.145509999999999877e+02,4.762300000000000000e+06
2.007070900000000000e+07,3.030939999999999941e+02,3.199779968261718750e+02,2.940499877929687500e+02,3.014870000000000232e+02,4.484400000000000000e+06
2.007071600000000000e+07,3.055059999999999718e+02,3.151539916992187500e+02,2.974670104980468750e+02,3.135459999999999923e+02,2.921700000000000000e+06
2.007072300000000000e+07,3.135459999999999923e+02,3.193750000000000000e+02,2.974670104980468750e+02,3.055059999999999718e+02,5.962800000000000000e+06
2.007073000000000000e+07,3.095260000000000105e+02,3.215859985351562500e+02,3.012860107421875000e+02,3.135459999999999923e+02,4.155600000000000000e+06
2.007080600000000000e+07,3.030939999999999941e+02,3.159580078125000000e+02,2.829949951171875000e+02,3.014870000000000232e+02,1.183600000000000000e+06
2.007081300000000000e+07,3.014870000000000232e+02,3.111340026855468750e+02,2.653080139160156250e+02,2.701320000000000050e+02,2.267300000000000000e+06
2.007082000000000000e+07,2.733480000000000132e+02,3.020899963378906250e+02,2.572690124511718750e+02,2.966630000000000109e+02,1.086000000000000000e+06
2.007082700000000000e+07,2.966630000000000109e+02,3.095260009765625000e+02,2.878190002441406250e+02,3.095260000000000105e+02,2.892400000000000000e+06
2.007090300000000000e+07,3.053050000000000068e+02,3.075159912109375000e+02,2.914370117187500000e+02,2.998790000000000191e+02,2.024900000000000000e+06
2.007091000000000000e+07,2.952559999999999718e+02,3.014869995117187500e+02,2.894270019531250000e+02,2.954569999999999936e+02,3.339000000000000000e+05
2.007091700000000000e+07,2.974669999999999845e+02,3.087219848632812500e+02,2.894270019531250000e+02,3.047019999999999982e+02,7.225900000000000000e+06
2.007092400000000000e+07,3.079180000000000064e+02,3.416849975585937500e+02,2.974670104980468750e+02,3.376650000000000205e+02,1.910150000000000000e+07
2.007100100000000000e+07,3.376650000000000205e+02,3.561560058593750000e+02,3.296250000000000000e+02,3.400769999999999982e+02,3.283200000000000000e+06
2.007100800000000000e+07,3.453029999999999973e+02,3.537439880371093750e+02,3.296250000000000000e+02,3.537440000000000282e+02,2.399500000000000000e+06
2.007101500000000000e+07,3.497239999999999895e+02,3.577640075683593750e+02,3.376650085449218750e+02,3.577640000000000100e+02,4.701600000000000000e+06
2.007102200000000000e+07,3.457049999999999841e+02,3.859030151367187500e+02,3.378659973144531250e+02,3.859030000000000200e+02,5.090300000000000000e+06
2.007102900000000000e+07,3.859030000000000200e+02,3.979620056152343750e+02,3.778630065917968750e+02,3.838929999999999723e+02,3.996600000000000000e+06
2.007110500000000000e+07,3.859030000000000200e+02,3.999719848632812500e+02,2.974670104980468750e+02,3.818829999999999814e+02,1.347300000000000000e+06
2.007111200000000000e+07,3.818829999999999814e+02,3.818829956054687500e+02,3.119379882812500000e+02,3.207819999999999823e+02,3.337500000000000000e+06
2.007111900000000000e+07,3.256050000000000182e+02,3.392730102539062500e+02,3.000799865722656250e+02,3.038980000000000246e+02,2.701200000000000000e+06
2.007112600000000000e+07,3.111340000000000146e+02,3.203800048828125000e+02,2.789760131835937500e+02,2.894270000000000209e+02,4.331500000000000000e+06
2.007120300000000000e+07,2.894270000000000209e+02,3.030939941406250000e+02,2.677200012207031250e+02,2.894270000000000209e+02,5.586000000000000000e+06
2.007121000000000000e+07,2.878190000000000168e+02,3.286199951171875000e+02,2.858089904785156250e+02,3.215860000000000127e+02,3.685100000000000000e+06
2.007121700000000000e+07,3.167620000000000005e+02,3.376650085449218750e+02,3.030939941406250000e+02,3.215860000000000127e+02,3.062400000000000000e+06
2.007122400000000000e+07,3.298260000000000218e+02,3.561560058593750000e+02,3.257680053710937500e+02,3.553519999999999754e+02,4.758000000000000000e+05
2.007123100000000000e+07,3.553519999999999754e+02,3.698240051269531250e+02,3.354540100097656250e+02,3.424889999999999759e+02,9.272000000000000000e+05
2.008010700000000000e+07,3.376650000000000205e+02,3.700239868164062500e+02,3.270119934082031250e+02,3.312330000000000041e+02,2.272700000000000000e+06
2.008011400000000000e+07,3.366600000000000250e+02,3.392730102539062500e+02,2.773680114746093750e+02,2.854069999999999823e+02,1.841100000000000000e+06
2.008012100000000000e+07,2.898290000000000077e+02,3.135459899902343750e+02,2.532489929199218750e+02,3.014870000000000232e+02,2.956400000000000000e+06
2.008012800000000000e+07,2.974669999999999845e+02,3.036969909667968750e+02,2.835979919433593750e+02,2.918389999999999986e+02,1.848900000000000000e+06
2.008020400000000000e+07,2.874169999999999732e+02,3.131440124511718750e+02,2.797799987792968750e+02,2.934470000000000027e+02,8.033600000000000000e+06
2.008021100000000000e+07,2.958589999999999804e+02,3.276149902343750000e+02,2.685239868164062500e+02,3.119379999999999882e+02,4.943600000000000000e+06
2.008021800000000000e+07,3.095260000000000105e+02,3.314339904785156250e+02,3.079179992675781250e+02,3.286200000000000045e+02,3.389200000000000000e+06
2.008022500000000000e+07,3.286200000000000045e+02,3.418859863281250000e+02,3.067120056152343750e+02,3.416850000000000023e+02,4.513900000000000000e+06
2.008030300000000000e+07,3.376650000000000205e+02,3.537439880371093750e+02,3.167619934082031250e+02,3.280169999999999959e+02,5.844700000000000000e+06
2.008031000000000000e+07,3.239979999999999905e+02,3.336449890136718750e+02,2.934469909667968750e+02,3.030939999999999941e+02,2.262000000000000000e+06
2.008031700000000000e+07,2.976680000000000064e+02,3.117369995117187500e+02,2.805830078125000000e+02,2.910350000000000250e+02,3.344300000000000000e+06
2.008032400000000000e+07,2.910350000000000250e+02,3.374639892578125000e+02,2.807839965820312500e+02,3.300269999999999868e+02,5.322400000000000000e+06
2.008033100000000000e+07,3.215860000000000127e+02,3.392730102539062500e+02,3.030939941406250000e+02,3.233949999999999818e+02,6.142000000000000000e+06
2.008040700000000000e+07,3.280169999999999959e+02,3.561560058593750000e+02,3.215859985351562500e+02,3.509300000000000068e+02,3.881300000000000000e+06
2.008041400000000000e+07,3.469110000000000014e+02,3.698240051269531250e+02,3.461069946289062500e+02,3.577640000000000100e+02,4.464300000000000000e+06
2.008042100000000000e+07,3.650000000000000000e+02,3.669129943847656250e+02,3.422879943847656250e+02,3.497239999999999895e+02,1.608100000000000000e+06
2.008042800000000000e+07,3.521360000000000241e+02,3.692210083007812500e+02,3.418859863281250000e+02,3.660049999999999955e+02,2.216100000000000000e+06
2.008050500000000000e+07,3.660049999999999955e+02,4.369549865722656250e+02,3.633919982910156250e+02,4.180609999999999786e+02,3.873300000000000000e+06
2.008051200000000000e+07,4.180609999999999786e+02,4.301210021972656250e+02,4.104240112304687500e+02,4.261009999999999991e+02,1.686700000000000000e+06
2.008051900000000000e+07,4.317289999999999850e+02,4.317290039062500000e+02,4.101340026855468750e+02,4.152470000000000141e+02,3.424000000000000000e+06
2.008052600000000000e+07,4.152470000000000141e+02,4.413760070800781250e+02,4.152470092773437500e+02,4.220810000000000173e+02,1.748100000000000000e+06
2.008060200000000000e+07,4.297189999999999941e+02,4.582600097656250000e+02,4.192669982910156250e+02,4.510240000000000009e+02,2.662700000000000000e+06
2.008060900000000000e+07,4.461999999999999886e+02,4.743389892578125000e+02,4.289150085449218750e+02,4.409739999999999895e+02,2.706700000000000000e+06
2.008061600000000000e+07,4.421800000000000068e+02,4.561690063476562500e+02,4.180610046386718750e+02,4.273070000000000164e+02,4.127200000000000000e+06
2.008062300000000000e+07,4.285129999999999768e+02,4.590639953613281250e+02,4.104240112304687500e+02,4.582599999999999909e+02,4.306500000000000000e+06
2.008063000000000000e+07,4.538380000000000223e+02,4.662990112304687500e+02,3.942560119628906250e+02,4.220810000000000173e+02,2.309600000000000000e+06
2.008070700000000000e+07,4.261009999999999991e+02,4.317290039062500000e+02,3.859030151367187500e+02,3.883149999999999977e+02,1.999200000000000000e+06
2.008071400000000000e+07,3.939420000000000073e+02,3.939419860839843750e+02,3.432929992675781250e+02,3.489200000000000159e+02,3.850100000000000000e+06
2.008072100000000000e+07,3.497239999999999895e+02,3.738429870605468750e+02,3.457049865722656250e+02,3.537440000000000282e+02,2.766600000000000000e+06
2.008072800000000000e+07,3.497239999999999895e+02,4.325329895019531250e+02,3.497239990234375000e+02,4.116299999999999955e+02,2.211800000000000000e+06
2.008080400000000000e+07,4.172570000000000050e+02,4.172569885253906250e+02,3.457049865722656250e+02,3.579649999999999750e+02,2.554700000000000000e+06
2.008081100000000000e+07,3.577640000000000100e+02,3.613819885253906250e+02,3.091239929199218750e+02,3.360570000000000164e+02,2.858200000000000000e+06
2.008081800000000000e+07,3.394739999999999895e+02,3.818829956054687500e+02,3.280169982910156250e+02,3.804759999999999991e+02,1.355600000000000000e+06
2.008082500000000000e+07,3.804759999999999991e+02,3.881140136718750000e+02,3.633919982910156250e+02,3.859030000000000200e+02,9.809000000000000000e+05
2.008090100000000000e+07,3.875110000000000241e+02,3.899230041503906250e+02,3.296250000000000000e+02,3.378659999999999854e+02,1.928100000000000000e+06
2.008090800000000000e+07,3.416850000000000023e+02,3.557539978027343750e+02,2.978689880371093750e+02,3.215860000000000127e+02,2.580000000000000000e+06
2.008091500000000000e+07,3.111340000000000146e+02,3.296250000000000000e+02,2.733479919433593750e+02,3.185710000000000264e+02,2.300200000000000000e+06
2.008092200000000000e+07,3.215860000000000127e+02,3.215859985351562500e+02,2.130500030517578125e+02,2.950550000000000068e+02,1.205000000000000000e+06
2.008092900000000000e+07,3.067119999999999891e+02,3.091239929199218750e+02,2.283260040283203125e+02,2.405860000000000127e+02,4.921400000000000000e+06
2.008100600000000000e+07,2.289290000000000020e+02,2.289290008544921875e+02,1.439100036621093750e+02,1.559689999999999941e+02,5.515400000000000000e+06
2.008101300000000000e+07,1.591850000000000023e+02,1.808919982910156250e+02,8.763200378417968750e+01,1.041129999999999995e+02,2.706050000000000000e+07
2.008102000000000000e+07,1.004959999999999951e+02,1.447140045166015625e+02,9.567199707031250000e+01,1.137609999999999957e+02,2.031050000000000000e+07
2.008102700000000000e+07,1.125550000000000068e+02,1.344629974365234375e+02,8.843599700927734375e+01,1.151680000000000064e+02,1.317790000000000000e+07
2.008110300000000000e+07,1.165750000000000028e+02,1.591849975585937500e+02,1.157710037231445312e+02,1.264230000000000018e+02,1.661550000000000000e+07
2.008111000000000000e+07,1.322520000000000095e+02,1.390859985351562500e+02,1.077310028076171875e+02,1.306440000000000055e+02,5.042600000000000000e+06
2.008111700000000000e+07,1.272270000000000039e+02,1.358699951171875000e+02,6.833699798583984375e+01,7.054800000000000182e+01,1.095680000000000000e+07
2.008112400000000000e+07,7.074899999999999523e+01,8.039600372314453125e+01,5.828699874877929688e+01,7.557299999999999329e+01,1.033400000000000000e+07
2.008120100000000000e+07,7.718099999999999739e+01,8.261499786376953125e+01,5.634999847412109375e+01,5.889000000000000057e+01,4.233500000000000000e+06
2.008120800000000000e+07,6.210600000000000165e+01,6.833699798583984375e+01,5.487099838256835938e+01,6.069899999999999807e+01,9.473800000000000000e+06
2.008121500000000000e+07,6.311099999999999710e+01,1.069270019531250000e+02,6.210599899291992188e+01,1.045150000000000006e+02,1.623530000000000000e+07
2.008122200000000000e+07,1.049170000000000016e+02,1.065250015258789062e+02,8.381300354003906250e+01,9.486799999999999500e+01,5.403500000000000000e+06
2.008122900000000000e+07,8.923999999999999488e+01,1.000940017700195312e+02,8.602400207519531250e+01,1.000939999999999941e+02,3.976300000000000000e+06
2.009010500000000000e+07,9.647599999999999909e+01,1.203939971923828125e+02,9.486799621582031250e+01,9.506900000000000261e+01,1.060080000000000000e+07
2.009011200000000000e+07,9.647599999999999909e+01,9.669699859619140625e+01,7.396499633789062500e+01,7.798499999999999943e+01,1.333250000000000000e+07
2.009011900000000000e+07,8.039600000000000080e+01,8.200399780273437500e+01,6.230699920654296875e+01,6.592499999999999716e+01,5.473700000000000000e+06
2.009012600000000000e+07,6.431699999999999307e+01,7.235700225830078125e+01,6.110100173950195312e+01,6.672899999999999920e+01,7.937100000000000000e+06
2.009020200000000000e+07,6.431699999999999307e+01,8.341100311279296875e+01,5.587599945068359375e+01,8.039600000000000080e+01,2.226900000000000000e+06
2.009020900000000000e+07,7.979300000000000637e+01,8.923999786376953125e+01,7.324099731445312500e+01,8.120000000000000284e+01,5.952000000000000000e+06
2.009021600000000000e+07,8.120000000000000284e+01,8.180300140380859375e+01,6.853800201416015625e+01,7.115099999999999625e+01,3.171200000000000000e+06
2.009022300000000000e+07,7.396500000000000341e+01,7.693099975585937500e+01,6.471900177001953125e+01,6.672899999999999920e+01,2.808600000000000000e+06
2.009030200000000000e+07,6.612600000000000477e+01,6.994499969482421875e+01,5.848799896240234375e+01,6.431699999999999307e+01,7.398500000000000000e+06
2.009030900000000000e+07,6.632699999999999818e+01,6.632700347900390625e+01,5.466999816894531250e+01,6.431699999999999307e+01,8.915800000000000000e+06
2.009031600000000000e+07,6.572400000000000375e+01,7.235700225830078125e+01,4.180599975585937500e+01,5.647800000000000153e+01,1.009680000000000000e+07
2.009032300000000000e+07,5.467000000000000171e+01,5.949300003051757812e+01,4.984600067138671875e+01,5.265999999999999659e+01,5.434200000000000000e+06
2.009033000000000000e+07,5.225800000000000267e+01,6.974800109863281250e+01,4.341400146484375000e+01,6.572400000000000375e+01,1.243200000000000000e+07
2.009040600000000000e+07,6.753300000000000125e+01,6.826499938964843750e+01,5.792599868774414062e+01,6.632699999999999818e+01,5.562700000000000000e+06
2.009041300000000000e+07,6.632699999999999818e+01,7.758300018310546875e+01,6.632700347900390625e+01,7.376399999999999579e+01,4.698100000000000000e+06
2.009042000000000000e+07,7.617600000000000193e+01,7.650099945068359375e+01,6.351300048828125000e+01,7.135200000000000387e+01,6.609800000000000000e+06
2.009042700000000000e+07,6.833700000000000330e+01,8.039600372314453125e+01,6.672899627685546875e+01,7.798499999999999943e+01,4.775700000000000000e+06
2.009050400000000000e+07,7.798499999999999943e+01,9.165200042724609375e+01,7.798500061035156250e+01,8.039600000000000080e+01,4.512300000000000000e+06
2.009051100000000000e+07,7.959199999999999875e+01,9.446600341796875000e+01,7.718099975585937500e+01,8.863700000000000045e+01,1.513410000000000000e+07
2.009051800000000000e+07,8.843600000000000705e+01,9.526999664306640625e+01,8.501899719238281250e+01,8.843600000000000705e+01,7.762300000000000000e+06
2.009052500000000000e+07,8.843600000000000705e+01,9.406400299072265625e+01,5.605699920654296875e+01,9.406399999999999295e+01,3.576600000000000000e+06
2.009060100000000000e+07,9.647599999999999909e+01,1.133470001220703125e+02,9.245600128173828125e+01,9.949099999999999966e+01,4.673500000000000000e+06
2.009060800000000000e+07,9.808400000000000318e+01,1.037109985351562500e+02,9.727999877929687500e+01,1.010979999999999990e+02,4.387700000000000000e+06
2.009061500000000000e+07,9.888800000000000523e+01,1.029069976806640625e+02,9.004399871826171875e+01,9.265699999999999648e+01,4.887700000000000000e+06
2.009062200000000000e+07,9.466700000000000159e+01,9.587300109863281250e+01,8.843599700927734375e+01,8.984300000000000352e+01,4.131200000000000000e+06
2.009062900000000000e+07,8.964199999999999591e+01,9.547100067138671875e+01,8.783300018310546875e+01,9.004399999999999693e+01,2.202600000000000000e+06
2.009070600000000000e+07,8.602400000000000091e+01,8.843599700927734375e+01,7.677899932861328125e+01,7.878799999999999670e+01,8.617200000000000000e+06
2.009071300000000000e+07,8.019499999999999318e+01,9.848600006103515625e+01,7.878800201416015625e+01,9.185299999999999443e+01,4.954100000000000000e+06
2.009072000000000000e+07,9.285800000000000409e+01,9.868699645996093750e+01,8.823500061035156250e+01,9.305899999999999750e+01,6.719300000000000000e+06
2.009072700000000000e+07,9.346099999999999852e+01,9.727999877929687500e+01,8.364299774169921875e+01,8.421500000000000341e+01,6.055000000000000000e+06
2.009080300000000000e+07,8.521999999999999886e+01,9.627500152587890625e+01,8.319699859619140625e+01,9.486799999999999500e+01,3.726100000000000000e+06
2.009081000000000000e+07,9.587300000000000466e+01,9.969200134277343750e+01,9.104900360107421875e+01,9.346099999999999852e+01,2.932000000000000000e+06
2.009081700000000000e+07,9.366200000000000614e+01,9.905899810791015625e+01,8.843599700927734375e+01,9.828499999999999659e+01,2.106000000000000000e+06
2.009082400000000000e+07,9.828499999999999659e+01,1.366739959716796875e+02,9.808399963378906250e+01,1.266239999999999952e+02,9.458100000000000000e+06
2.009083100000000000e+07,1.266239999999999952e+02,1.266240005493164062e+02,1.099420013427734375e+02,1.175799999999999983e+02,4.749500000000000000e+06
2.009090700000000000e+07,1.183840000000000003e+02,1.346640014648437500e+02,1.175550003051757812e+02,1.324530000000000030e+02,4.067500000000000000e+06
2.009091400000000000e+07,1.332570000000000050e+02,1.549640045166015625e+02,1.230070037841796875e+02,1.475269999999999868e+02,1.032940000000000000e+07
2.009092100000000000e+07,1.487330000000000041e+02,1.531549987792968750e+02,1.254359970092773438e+02,1.298400000000000034e+02,6.384400000000000000e+06
2.009092800000000000e+07,1.342620000000000005e+02,1.427039947509765625e+02,1.287700042724609375e+02,1.366740000000000066e+02,7.252900000000000000e+06
2.009100500000000000e+07,1.362719999999999914e+02,1.582200012207031250e+02,1.362720031738281250e+02,1.545219999999999914e+02,7.182500000000000000e+06
2.009101200000000000e+07,1.487330000000000041e+02,1.744600067138671875e+02,1.481289978027343750e+02,1.740579999999999927e+02,5.063100000000000000e+06
2.009101900000000000e+07,1.731740000000000066e+02,1.831450042724609375e+02,1.693150024414062500e+02,1.792839999999999918e+02,3.418700000000000000e+06
2.009102600000000000e+07,1.761490000000000009e+02,1.775149993896484375e+02,1.593459930419921875e+02,1.630440000000000111e+02,4.112700000000000000e+06
2.009110200000000000e+07,1.609540000000000077e+02,1.794450073242187500e+02,1.579790039062500000e+02,1.748619999999999948e+02,3.345800000000000000e+06
2.009110900000000000e+07,1.768720000000000141e+02,1.834649963378906250e+02,1.694759979248046875e+02,1.792040000000000077e+02,4.642600000000000000e+06
2.009111600000000000e+07,1.833040000000000020e+02,1.833040008544921875e+02,1.562100067138671875e+02,1.636069999999999993e+02,4.080800000000000000e+06
2.009112300000000000e+07,1.645709999999999980e+02,1.648130035400390625e+02,1.264639968872070312e+02,1.447139999999999986e+02,1.018840000000000000e+07
2.009113000000000000e+07,1.496980000000000075e+02,1.552449951171875000e+02,1.413370056152343750e+02,1.495370000000000061e+02,4.773800000000000000e+06
2.009120700000000000e+07,1.471250000000000000e+02,1.543609924316406250e+02,1.316289978027343750e+02,1.336990000000000123e+02,2.948100000000000000e+06
2.009121400000000000e+07,1.357899999999999920e+02,1.418999938964843750e+02,1.317700042724609375e+02,1.404530000000000030e+02,3.628600000000000000e+06
2.009122100000000000e+07,1.431059999999999945e+02,1.523509979248046875e+02,1.391660003662109375e+02,1.461610000000000014e+02,1.472900000000000000e+06
2.009122800000000000e+07,1.461610000000000014e+02,1.556719970703125000e+02,1.442310028076171875e+02,1.484919999999999902e+02,9.986000000000000000e+05
2.010010400000000000e+07,1.522709999999999866e+02,1.685910034179687500e+02,1.518690032958984375e+02,1.617580000000000098e+02,2.485400000000000000e+06
2.010011100000000000e+07,1.682700000000000102e+02,1.704400024414062500e+02,1.503410034179687500e+02,1.611949999999999932e+02,3.185600000000000000e+06
2.010011800000000000e+07,1.632050000000000125e+02,1.737369995117187500e+02,1.527530059814453125e+02,1.527529999999999859e+02,2.158000000000000000e+06
2.010012500000000000e+07,1.527529999999999859e+02,1.615970001220703125e+02,1.465630035400390625e+02,1.546020000000000039e+02,1.950500000000000000e+06
2.010020100000000000e+07,1.529939999999999998e+02,2.046889953613281250e+02,1.396490020751953125e+02,1.536380000000000052e+02,3.523400000000000000e+06
2.010020800000000000e+07,1.533160000000000025e+02,1.877290039062500000e+02,1.459190063476562500e+02,1.781579999999999870e+02,5.419300000000000000e+06
2.010021500000000000e+07,1.799269999999999925e+02,2.064579925537109375e+02,1.769530029296875000e+02,1.931119999999999948e+02,2.077200000000000000e+06
2.010022200000000000e+07,1.923079999999999927e+02,2.009909973144531250e+02,1.817760009765625000e+02,1.985790000000000077e+02,2.800100000000000000e+06
2.010030100000000000e+07,2.013930000000000007e+02,2.050110015869140625e+02,1.905399932861328125e+02,1.905399999999999920e+02,2.928400000000000000e+06
2.010030800000000000e+07,1.915039999999999907e+02,2.037250061035156250e+02,1.889320068359375000e+02,1.997849999999999966e+02,5.735000000000000000e+05
2.010031500000000000e+07,1.969710000000000036e+02,2.072619934082031250e+02,1.896549987792968750e+02,2.042069999999999936e+02,3.042300000000000000e+06
2.010032200000000000e+07,2.090310000000000059e+02,2.165079956054687500e+02,1.964080047607421875e+02,2.013129999999999882e+02,1.840500000000000000e+06
2.010032900000000000e+07,2.073420000000000130e+02,2.127649993896484375e+02,1.890919952392578125e+02,2.046889999999999930e+02,1.816500000000000000e+06
2.010040500000000000e+07,2.046889999999999930e+02,2.251100006103515625e+02,1.986600036621093750e+02,2.105579999999999927e+02,2.238300000000000000e+06
2.010041200000000000e+07,2.105579999999999927e+02,2.226979980468750000e+02,1.998650054931640625e+02,2.222959999999999923e+02,2.642100000000000000e+06
2.010041900000000000e+07,2.210900000000000034e+02,2.251100006103515625e+02,2.082270050048828125e+02,2.142560000000000002e+02,1.605000000000000000e+06
2.010042600000000000e+07,2.128089999999999975e+02,2.208489990234375000e+02,1.902980041503906250e+02,1.905399999999999920e+02,1.713900000000000000e+06
2.010050300000000000e+07,1.905399999999999920e+02,2.046889953613281250e+02,1.633659973144531250e+02,1.734149999999999920e+02,3.402600000000000000e+06
2.010051000000000000e+07,1.759879999999999995e+02,1.968910064697265625e+02,1.759880065917968750e+02,1.812940000000000111e+02,2.774100000000000000e+06
2.010051700000000000e+07,1.800879999999999939e+02,1.869219970703125000e+02,1.555670013427734375e+02,1.614360000000000070e+02,2.901700000000000000e+06
2.010052400000000000e+07,1.612750000000000057e+02,1.760679931640625000e+02,1.488139953613281250e+02,1.710029999999999859e+02,2.483700000000000000e+06
2.010053100000000000e+07,1.710029999999999859e+02,1.781580047607421875e+02,1.572550048828125000e+02,1.728520000000000039e+02,4.330300000000000000e+06
2.010060700000000000e+07,1.679480000000000075e+02,1.726109924316406250e+02,1.525119934082031250e+02,1.601500000000000057e+02,2.688700000000000000e+06
2.010061400000000000e+07,1.603909999999999911e+02,1.859570007324218750e+02,1.595870056152343750e+02,1.829819999999999993e+02,5.364700000000000000e+06
2.010062100000000000e+07,1.889319999999999879e+02,1.965690002441406250e+02,1.713249969482421875e+02,1.731740000000000066e+02,2.488700000000000000e+06
2.010062800000000000e+07,1.790430000000000064e+02,1.849120025634765625e+02,1.624810028076171875e+02,1.768720000000000141e+02,2.281900000000000000e+06
2.010070500000000000e+07,1.840269999999999868e+02,1.953630065917968750e+02,1.763090057373046875e+02,1.902980000000000018e+02,1.496400000000000000e+06
2.010071200000000000e+07,1.901380000000000052e+02,1.947550048828125000e+02,1.818569946289062500e+02,1.890120000000000005e+02,8.470000000000000000e+05
2.010071900000000000e+07,1.890120000000000005e+02,2.030809936523437500e+02,1.804100036621093750e+02,2.017949999999999875e+02,9.917000000000000000e+05
2.010072600000000000e+07,2.044480000000000075e+02,2.300140075683593750e+02,1.957649993896484375e+02,2.194819999999999993e+02,3.109800000000000000e+06
2.010080200000000000e+07,2.222959999999999923e+02,2.286470031738281250e+02,2.133719940185546875e+02,2.185980000000000132e+02,1.099300000000000000e+06
2.010080900000000000e+07,2.220550000000000068e+02,2.226979980468750000e+02,2.090310058593750000e+02,2.143369999999999891e+02,8.078000000000000000e+05
2.010081600000000000e+07,2.123269999999999982e+02,2.282449951171875000e+02,2.042870025634765625e+02,2.121659999999999968e+02,6.567000000000000000e+05
2.010082300000000000e+07,2.118449999999999989e+02,2.185980072021484375e+02,1.906999969482421875e+02,2.073420000000000130e+02,2.115900000000000000e+06
2.010083000000000000e+07,2.073420000000000130e+02,2.492290039062500000e+02,2.015540008544921875e+02,2.486659999999999968e+02,1.798800000000000000e+06
2.010090600000000000e+07,2.516409999999999911e+02,2.628160095214843750e+02,2.314609985351562500e+02,2.571080000000000041e+02,1.622800000000000000e+06
2.010091300000000000e+07,2.512390000000000043e+02,2.724630126953125000e+02,2.509980010986328125e+02,2.564649999999999750e+02,1.591500000000000000e+06
2.010092000000000000e+07,2.555000000000000000e+02,2.768049926757812500e+02,2.456629943847656250e+02,2.749560000000000173e+02,1.486300000000000000e+06
2.010092700000000000e+07,2.716589999999999918e+02,2.993160095214843750e+02,2.694890136718750000e+02,2.833969999999999914e+02,1.960700000000000000e+06
2.010100400000000000e+07,2.888639999999999759e+02,2.888640136718750000e+02,2.691679992675781250e+02,2.781720000000000255e+02,1.696900000000000000e+06
2.010101100000000000e+07,2.772069999999999936e+02,2.961520080566406250e+02,2.753580017089843750e+02,2.936080000000000041e+02,1.118900000000000000e+06
2.010101800000000000e+07,2.959390000000000214e+02,3.109729919433593750e+02,2.733479919433593750e+02,2.846840000000000259e+02,1.137700000000000000e+06
2.010102500000000000e+07,2.878190000000000168e+02,2.903919982910156250e+02,2.595130004882812500e+02,2.701320000000000050e+02,2.274100000000000000e+06
2.010110100000000000e+07,2.731070000000000277e+02,3.119379882812500000e+02,2.710969848632812500e+02,3.087219999999999800e+02,2.740500000000000000e+06
2.010110800000000000e+07,3.158779999999999859e+02,3.166809997558593750e+02,2.821910095214843750e+02,2.837989999999999782e+02,3.050500000000000000e+06
2.010111500000000000e+07,2.841209999999999809e+02,2.985119934082031250e+02,2.350789947509765625e+02,2.523640000000000043e+02,8.820800000000000000e+06
2.010112200000000000e+07,2.522040000000000077e+02,2.652279968261718750e+02,2.453699951171875000e+02,2.536510000000000105e+02,3.543900000000000000e+06
2.010112900000000000e+07,2.568670000000000186e+02,2.568670043945312500e+02,2.245639953613281250e+02,2.436009999999999991e+02,3.225900000000000000e+06
2.010120600000000000e+07,2.444050000000000011e+02,2.500330047607421875e+02,2.358750000000000000e+02,2.476210000000000093e+02,1.770100000000000000e+06
2.010121300000000000e+07,2.497110000000000127e+02,2.679609985351562500e+02,2.468170013427734375e+02,2.656299999999999955e+02,2.624200000000000000e+06
2.010122000000000000e+07,2.628960000000000150e+02,2.696499938964843750e+02,2.493899993896484375e+02,2.559819999999999993e+02,1.363900000000000000e+06
2.010122700000000000e+07,2.559819999999999993e+02,2.692479858398437500e+02,2.539720001220703125e+02,2.664340000000000259e+02,4.444000000000000000e+05
2.011011000000000000e+07,2.661120000000000232e+02,2.745299987792968750e+02,2.550980072021484375e+02,2.593589999999999804e+02,3.256700000000000000e+06
2.011011700000000000e+07,2.464950000000000045e+02,2.642359924316406250e+02,2.460130004882812500e+02,2.541330000000000098e+02,7.941000000000000000e+05
2.011012400000000000e+07,2.566250000000000000e+02,2.628160095214843750e+02,2.411889953613281250e+02,2.436009999999999991e+02,1.349800000000000000e+06
2.011013100000000000e+07,2.411889999999999930e+02,2.515599975585937500e+02,2.292910003662109375e+02,2.419929999999999950e+02,2.130400000000000000e+06
2.011020700000000000e+07,2.447270000000000039e+02,2.468170013427734375e+02,2.283260040283203125e+02,2.415109999999999957e+02,1.569700000000000000e+06
2.011021400000000000e+07,2.476210000000000093e+02,2.501940002441406250e+02,2.092720031738281250e+02,2.257529999999999859e+02,3.848000000000000000e+06
2.011022100000000000e+07,2.255120000000000005e+02,2.492290039062500000e+02,2.227380065917968750e+02,2.407870000000000061e+02,1.865100000000000000e+06
2.011022800000000000e+07,2.388580000000000041e+02,2.532489929199218750e+02,2.386970062255859375e+02,2.511579999999999870e+02,1.642900000000000000e+06
2.011030700000000000e+07,2.522040000000000077e+02,2.578309936523437500e+02,2.315420074462890625e+02,2.333100000000000023e+02,1.959400000000000000e+06
2.011031400000000000e+07,2.349989999999999952e+02,2.372500000000000000e+02,2.215729980468750000e+02,2.323460000000000036e+02,1.101000000000000000e+06
2.011032100000000000e+07,2.371690000000000111e+02,2.572690124511718750e+02,2.217330017089843750e+02,2.524449999999999932e+02,1.439300000000000000e+06
2.011032800000000000e+07,2.604839999999999804e+02,2.883819885253906250e+02,2.529270019531250000e+02,2.858899999999999864e+02,3.864700000000000000e+06
2.011040400000000000e+07,2.813870000000000005e+02,2.990750122070312500e+02,2.725440063476562500e+02,2.896680000000000064e+02,2.923300000000000000e+06
2.011041100000000000e+07,2.921610000000000014e+02,2.985119934082031250e+02,2.842820129394531250e+02,2.879800000000000182e+02,1.206200000000000000e+06
2.011041800000000000e+07,2.887040000000000077e+02,3.000390014648437500e+02,2.755150146484375000e+02,2.978690000000000282e+02,1.585200000000000000e+06
2.011050900000000000e+07,2.910350000000000250e+02,2.929649963378906250e+02,2.765639953613281250e+02,2.837989999999999782e+02,1.993900000000000000e+06
2.011051600000000000e+07,2.801009999999999991e+02,3.256050109863281250e+02,2.784129943847656250e+02,3.083199999999999932e+02,2.132400000000000000e+06
2.011052300000000000e+07,3.086419999999999959e+02,3.111340026855468750e+02,3.021300048828125000e+02,3.061499999999999773e+02,1.675800000000000000e+06
2.011060600000000000e+07,3.182889999999999873e+02,3.207009887695312500e+02,3.010039978027343750e+02,3.010040000000000191e+02,8.915000000000000000e+05
2.011061300000000000e+07,3.048629999999999995e+02,3.213139953613281250e+02,2.910669860839843750e+02,2.954889999999999759e+02,2.568000000000000000e+06
2.011062000000000000e+07,2.904479999999999791e+02,3.101879882812500000e+02,2.852300109863281250e+02,3.033600000000000136e+02,7.740200000000000000e+06
2.011062700000000000e+07,3.014150000000000205e+02,3.428949890136718750e+02,3.014150085449218750e+02,3.420099999999999909e+02,2.086800000000000000e+06
2.011070400000000000e+07,3.439560000000000173e+02,3.537730102539062500e+02,3.408599853515625000e+02,3.431600000000000250e+02,1.236300000000000000e+06
2.011071100000000000e+07,3.422760000000000105e+02,3.429830017089843750e+02,3.181109924316406250e+02,3.362610000000000241e+02,1.435600000000000000e+06
2.011071800000000000e+07,3.351999999999999886e+02,3.493510131835937500e+02,3.316619873046875000e+02,3.422760000000000105e+02,3.923300000000000000e+06
2.011072500000000000e+07,3.388260000000000218e+02,3.521050109863281250e+02,3.299819946289062500e+02,3.395339999999999918e+02,1.097500000000000000e+06
2.011080100000000000e+07,3.449289999999999736e+02,3.449289855957031250e+02,2.684249877929687500e+02,2.936320000000000050e+02,1.914400000000000000e+06
2.011080800000000000e+07,2.851410000000000196e+02,2.954890136718750000e+02,2.310140075683593750e+02,2.945160000000000196e+02,2.211100000000000000e+06
2.011081500000000000e+07,2.939859999999999900e+02,2.946050109863281250e+02,2.417160034179687500e+02,2.437500000000000000e+02,1.267200000000000000e+06
2.011082200000000000e+07,2.453420000000000130e+02,2.655069885253906250e+02,2.287409973144531250e+02,2.405660000000000025e+02,2.202100000000000000e+06
2.011090500000000000e+07,2.650649999999999977e+02,2.650650024414062500e+02,2.387969970703125000e+02,2.449879999999999995e+02,1.706800000000000000e+06
2.011091200000000000e+07,2.449879999999999995e+02,2.612609863281250000e+02,2.337559967041015625e+02,2.582540000000000191e+02,1.271400000000000000e+06
2.011091900000000000e+07,2.525060000000000002e+02,2.539210052490234375e+02,2.016510009765625000e+02,2.204010000000000105e+02,1.941300000000000000e+06
2.011092600000000000e+07,2.142980000000000018e+02,2.356170043945312500e+02,2.122640075683593750e+02,2.281839999999999975e+02,1.144000000000000000e+06
2.011100300000000000e+07,2.266800000000000068e+02,2.355019989013671875e+02,1.940449981689453125e+02,2.308369999999999891e+02,2.533500000000000000e+06
2.011101000000000000e+07,2.348170000000000073e+02,2.458719940185546875e+02,1.961320037841796875e+02,1.989970000000000141e+02,6.259000000000000000e+06
2.011101700000000000e+07,2.018280000000000030e+02,2.852300109863281250e+02,1.900220031738281250e+02,1.997050000000000125e+02,5.743700000000000000e+06
2.011102400000000000e+07,2.020039999999999907e+02,2.280950012207031250e+02,1.959900054931640625e+02,2.255300000000000011e+02,5.899800000000000000e+06
2.011103100000000000e+07,2.240269999999999868e+02,2.246459960937500000e+02,2.041269989013671875e+02,2.170399999999999920e+02,3.182200000000000000e+06
2.011110700000000000e+07,2.135020000000000095e+02,2.310460052490234375e+02,2.093450012207031250e+02,2.246459999999999866e+02,4.412500000000000000e+06
2.011111400000000000e+07,2.268569999999999993e+02,2.394689941406250000e+02,2.222180023193359375e+02,2.292450000000000045e+02,1.936800000000000000e+06
2.011112100000000000e+07,2.283609999999999900e+02,2.319869995117187500e+02,2.069819946289062500e+02,2.198700000000000045e+02,3.187400000000000000e+06
2.011112800000000000e+07,2.220809999999999889e+02,2.574580078125000000e+02,2.220809936523437500e+02,2.466680000000000064e+02,3.521500000000000000e+06
2.011120500000000000e+07,2.519749999999999943e+02,2.548939971923828125e+02,2.393739929199218750e+02,2.487030000000000030e+02,2.473600000000000000e+06
2.011121200000000000e+07,2.437500000000000000e+02,2.491450042724609375e+02,2.279179992675781250e+02,2.287139999999999986e+02,2.093200000000000000e+06
2.011121900000000000e+07,2.279180000000000064e+02,2.364969940185546875e+02,2.228350067138671875e+02,2.343750000000000000e+02,7.845000000000000000e+05
2.011122600000000000e+07,2.343750000000000000e+02,2.433959960937500000e+02,2.310140075683593750e+02,2.376469999999999914e+02,3.934000000000000000e+05
2.012010200000000000e+07,2.376469999999999914e+02,2.585199890136718750e+02,2.376470031738281250e+02,2.562200000000000273e+02,1.432800000000000000e+06
2.012010900000000000e+07,2.585199999999999818e+02,2.664800109863281250e+02,2.520630035400390625e+02,2.578120000000000118e+02,1.806100000000000000e+06
2.012011600000000000e+07,2.586970000000000027e+02,2.644450073242187500e+02,2.520630035400390625e+02,2.587850000000000250e+02,1.700100000000000000e+06
2.012012300000000000e+07,2.601999999999999886e+02,2.656839904785156250e+02,2.532129974365234375e+02,2.591390000000000100e+02,1.065500000000000000e+06
2.012013000000000000e+07,2.582540000000000191e+02,2.960119934082031250e+02,2.555130004882812500e+02,2.900939999999999941e+02,2.063600000000000000e+06
2.012020600000000000e+07,2.909780000000000086e+02,2.986730041503906250e+02,2.803649902343750000e+02,2.876179999999999950e+02,1.432000000000000000e+06
2.012021300000000000e+07,2.886789999999999736e+02,2.993810119628906250e+02,2.770899963378906250e+02,2.830190000000000055e+02,1.737500000000000000e+06
2.012022000000000000e+07,2.815149999999999864e+02,3.092860107421875000e+02,2.795249938964843750e+02,3.044220000000000255e+02,1.570900000000000000e+06
2.012022700000000000e+07,3.021220000000000141e+02,3.095249938964843750e+02,2.930130004882812500e+02,2.954010000000000105e+02,1.481100000000000000e+06
2.012030500000000000e+07,2.951349999999999909e+02,3.027520141601562500e+02,2.756870117187500000e+02,2.983190000000000168e+02,1.600300000000000000e+06
2.012031200000000000e+07,2.990269999999999868e+02,3.058370056152343750e+02,2.913460083007812500e+02,3.009730000000000132e+02,1.773000000000000000e+06
2.012031900000000000e+07,3.015919999999999845e+02,3.067210083007812500e+02,2.879710083007812500e+02,2.980539999999999736e+02,2.040000000000000000e+06
2.012032600000000000e+07,3.023879999999999768e+02,3.165690002441406250e+02,2.747600097656250000e+02,3.030950000000000273e+02,5.673700000000000000e+06
2.012040200000000000e+07,3.026530000000000200e+02,3.122049865722656250e+02,2.846109924316406250e+02,2.929239999999999782e+02,2.643600000000000000e+06
2.012040900000000000e+07,2.929239999999999782e+02,2.949580078125000000e+02,2.789500122070312500e+02,2.865559999999999832e+02,1.909800000000000000e+06
2.012041600000000000e+07,2.849639999999999986e+02,2.958429870605468750e+02,2.758309936523437500e+02,2.931899999999999977e+02,2.438800000000000000e+06
2.012042300000000000e+07,2.890330000000000155e+02,3.112319946289062500e+02,2.808070068359375000e+02,3.066329999999999814e+02,3.775300000000000000e+06
2.012043000000000000e+07,3.076059999999999945e+02,3.260899963378906250e+02,2.952680053710937500e+02,2.988500000000000227e+02,3.955700000000000000e+06
2.012050700000000000e+07,2.988500000000000227e+02,3.001080017089843750e+02,2.660369873046875000e+02,2.760319999999999823e+02,3.127000000000000000e+06
2.012051400000000000e+07,2.726709999999999923e+02,2.726709899902343750e+02,8.136799621582031250e+01,1.070160000000000053e+02,3.590550000000000000e+07
2.012052100000000000e+07,1.024170000000000016e+02,1.063690032958984375e+02,8.425099945068359375e+01,9.056600000000000250e+01,2.952760000000000000e+07
2.012052800000000000e+07,8.994700000000000273e+01,9.684500122070312500e+01,8.512699890136718750e+01,8.800100000000000477e+01,1.130560000000000000e+07
2.012060400000000000e+07,8.800100000000000477e+01,1.004359970092773438e+02,6.014099884033203125e+01,7.473499999999999943e+01,2.841880000000000000e+07
2.012061100000000000e+07,7.579600000000000648e+01,8.556900024414062500e+01,6.443099975585937500e+01,8.402100000000000080e+01,2.249280000000000000e+07
2.012061800000000000e+07,8.579000000000000625e+01,1.043629989624023438e+02,8.446299743652343750e+01,8.623199999999999932e+01,1.297640000000000000e+07
2.012062500000000000e+07,8.534799999999999898e+01,8.932800292968750000e+01,7.829900360107421875e+01,8.888599999999999568e+01,5.261800000000000000e+06
2.012070200000000000e+07,8.932800000000000296e+01,9.927799987792968750e+01,8.689600372314453125e+01,9.397100000000000364e+01,6.357400000000000000e+06
2.012070900000000000e+07,9.441299999999999670e+01,9.441300201416015625e+01,8.667400360107421875e+01,9.131799999999999784e+01,3.921000000000000000e+06
2.012071600000000000e+07,9.198099999999999454e+01,1.132070007324218750e+02,8.910700225830078125e+01,1.123229999999999933e+02,8.371800000000000000e+06
2.012072300000000000e+07,1.121020000000000039e+02,1.127649993896484375e+02,5.925699996948242188e+01,7.009099999999999397e+01,2.835060000000000000e+07
2.012073000000000000e+07,7.252299999999999613e+01,7.495600128173828125e+01,6.810099792480468750e+01,7.031199999999999761e+01,8.694900000000000000e+06
2.012080600000000000e+07,7.075499999999999545e+01,7.871499633789062500e+01,7.009100341796875000e+01,7.628199999999999648e+01,9.957200000000000000e+06
2.012081300000000000e+07,7.672499999999999432e+01,8.312799835205078125e+01,7.381099700927734375e+01,8.158899999999999864e+01,8.945900000000000000e+06
2.012082000000000000e+07,8.291599999999999682e+01,8.402100372314453125e+01,7.550399780273437500e+01,7.959900000000000375e+01,5.203700000000000000e+06
2.012082700000000000e+07,7.959900000000000375e+01,8.490599822998046875e+01,7.650299835205078125e+01,8.114700000000000557e+01,6.205000000000000000e+06
2.012090300000000000e+07,8.269400000000000261e+01,1.007720031738281250e+02,8.114700317382812500e+01,9.905599999999999739e+01,6.827100000000000000e+06
2.012091000000000000e+07,9.839300000000000068e+01,1.109960021972656250e+02,9.670400238037109375e+01,1.037000000000000028e+02,8.183900000000000000e+06
2.012091700000000000e+07,1.039210000000000065e+02,1.085640029907226562e+02,9.817199707031250000e+01,1.008250000000000028e+02,6.194300000000000000e+06
2.012092400000000000e+07,1.006039999999999992e+02,1.025940017700195312e+02,9.286499786376953125e+01,9.728799999999999670e+01,4.051500000000000000e+06
2.012100100000000000e+07,9.773000000000000398e+01,9.927799987792968750e+01,5.660400009155273438e+01,6.743800000000000239e+01,3.808450000000000000e+07
2.012100800000000000e+07,6.765900000000000603e+01,7.609700012207031250e+01,6.714299774169921875e+01,6.854399999999999693e+01,2.246770000000000000e+07
2.012101500000000000e+07,6.987000000000000455e+01,7.274500274658203125e+01,6.832199859619140625e+01,7.163899999999999579e+01,1.012400000000000000e+07
2.012102200000000000e+07,7.252299999999999613e+01,7.296600341796875000e+01,6.456400299072265625e+01,6.544799999999999329e+01,7.166500000000000000e+06
2.012102900000000000e+07,6.566899999999999693e+01,7.252300262451171875e+01,6.390000152587890625e+01,7.053400000000000603e+01,8.296000000000000000e+06
2.012110500000000000e+07,7.097599999999999909e+01,7.407099914550781250e+01,6.500599670410156250e+01,6.566899999999999693e+01,1.126020000000000000e+07
2.012111200000000000e+07,6.589000000000000057e+01,6.721700286865234375e+01,6.025199890136718750e+01,6.124699999999999989e+01,9.611300000000000000e+06
2.012111900000000000e+07,5.483500000000000085e+01,7.783000183105468750e+01,5.306600189208984375e+01,7.451300000000000523e+01,2.046630000000000000e+07
2.012112600000000000e+07,7.495600000000000307e+01,7.986900329589843750e+01,7.340799713134765625e+01,7.805100000000000193e+01,9.001500000000000000e+06
2.012120300000000000e+07,7.782999999999999829e+01,8.800099945068359375e+01,7.468000030517578125e+01,8.357899999999999352e+01,1.097080000000000000e+07
2.012121000000000000e+07,8.446299999999999386e+01,9.682900238037109375e+01,8.313700103759765625e+01,8.733799999999999386e+01,1.599380000000000000e+07
2.012121700000000000e+07,8.888599999999999568e+01,8.954900360107421875e+01,7.705599975585937500e+01,7.893600000000000705e+01,7.957000000000000000e+06
2.012122400000000000e+07,7.959900000000000375e+01,8.269400024414062500e+01,7.809899902343750000e+01,8.269400000000000261e+01,1.912800000000000000e+06
2.012123100000000000e+07,7.981999999999999318e+01,1.043629989624023438e+02,7.981999969482421875e+01,9.773000000000000398e+01,1.408520000000000000e+07
2.013010700000000000e+07,9.861400000000000432e+01,1.129860000610351562e+02,9.795099639892578125e+01,1.118810000000000002e+02,1.049430000000000000e+07
2.013011400000000000e+07,1.112169999999999987e+02,1.146139984130859375e+02,1.026999969482421875e+02,1.063529999999999944e+02,9.266300000000000000e+06
2.013012100000000000e+07,1.045840000000000032e+02,1.176299972534179688e+02,1.045839996337890625e+02,1.118810000000000002e+02,7.828100000000000000e+06
2.013012800000000000e+07,1.138709999999999951e+02,1.182929992675781250e+02,1.073679962158203125e+02,1.180720000000000027e+02,1.126560000000000000e+07
2.013020400000000000e+07,1.171869999999999976e+02,1.318359985351562500e+02,1.151660003662109375e+02,1.286850000000000023e+02,1.486840000000000000e+07
2.013021100000000000e+07,1.282429999999999950e+02,1.362030029296875000e+02,1.260319976806640625e+02,1.311169999999999902e+02,9.184100000000000000e+06
2.013021800000000000e+07,1.326649999999999920e+02,1.331959991455078125e+02,1.220520019531250000e+02,1.238209999999999980e+02,6.191200000000000000e+06
2.013022500000000000e+07,1.264740000000000038e+02,1.273580017089843750e+02,1.119359970092773438e+02,1.156400000000000006e+02,7.605200000000000000e+06
2.013030400000000000e+07,1.158610000000000042e+02,1.262529983520507812e+02,1.101119995117187500e+02,1.251470000000000056e+02,6.923800000000000000e+06
2.013031100000000000e+07,1.240420000000000016e+02,1.308959960937500000e+02,1.202829971313476562e+02,1.306750000000000114e+02,5.330100000000000000e+06
2.013031800000000000e+07,1.275789999999999935e+02,1.328860015869140625e+02,1.176299972534179688e+02,1.233780000000000001e+02,1.049520000000000000e+07
2.013032500000000000e+07,1.242630000000000052e+02,1.284640045166015625e+02,1.145339965820312500e+02,1.154180000000000064e+02,5.903500000000000000e+06
2.013040100000000000e+07,1.154180000000000064e+02,1.211669998168945312e+02,1.054010009765625000e+02,1.072369999999999948e+02,5.700800000000000000e+06
2.013040800000000000e+07,1.092270000000000039e+02,1.278010025024414062e+02,1.079010009765625000e+02,1.247049999999999983e+02,7.281800000000000000e+06
2.013041500000000000e+07,1.240420000000000016e+02,1.262109985351562500e+02,1.180719985961914062e+02,1.193979999999999961e+02,6.299900000000000000e+06
2.013042200000000000e+07,1.220520000000000067e+02,1.331069946289062500e+02,1.151490020751953125e+02,1.317810000000000059e+02,7.501400000000000000e+06
2.013042900000000000e+07,1.302330000000000041e+02,1.326649932861328125e+02,1.262529983520507812e+02,1.315589999999999975e+02,5.247500000000000000e+06
2.013050600000000000e+07,1.315589999999999975e+02,1.512380065917968750e+02,1.297910003662109375e+02,1.474790000000000134e+02,8.733500000000000000e+06
2.013051300000000000e+07,1.496899999999999977e+02,1.619259948730468750e+02,1.417299957275390625e+02,1.501320000000000050e+02,1.079410000000000000e+07
2.013052000000000000e+07,1.476999999999999886e+02,1.476999969482421875e+02,1.331069946289062500e+02,1.348760000000000048e+02,1.212760000000000000e+07
2.013052700000000000e+07,1.348760000000000048e+02,1.437200012207031250e+02,1.348760070800781250e+02,1.412880000000000109e+02,4.920100000000000000e+06
2.013060300000000000e+07,1.421730000000000018e+02,1.457189941406250000e+02,1.275790023803710938e+02,1.326649999999999920e+02,5.488400000000000000e+06
2.013061000000000000e+07,1.308959999999999866e+02,1.350970001220703125e+02,1.157500000000000000e+02,1.260319999999999965e+02,5.427600000000000000e+06
2.013061700000000000e+07,1.282429999999999950e+02,1.335489959716796875e+02,1.220619964599609375e+02,1.233780000000000001e+02,7.238100000000000000e+06
2.013062400000000000e+07,1.238209999999999980e+02,1.302330017089843750e+02,1.147549972534179688e+02,1.240420000000000016e+02,6.373000000000000000e+06
2.013070100000000000e+07,1.229360000000000070e+02,1.297910003662109375e+02,1.202829971313476562e+02,1.216099999999999994e+02,5.210100000000000000e+06
2.013070800000000000e+07,1.220520000000000067e+02,1.280220031738281250e+02,1.205039978027343750e+02,1.244839999999999947e+02,5.209400000000000000e+06
2.013071500000000000e+07,1.238209999999999980e+02,1.358159942626953125e+02,1.224940032958984375e+02,1.300120000000000005e+02,5.172500000000000000e+06
2.013072200000000000e+07,1.302330000000000041e+02,1.346020050048828125e+02,1.278010025024414062e+02,1.317810000000000059e+02,3.621700000000000000e+06
2.013072900000000000e+07,1.306750000000000114e+02,1.332619934082031250e+02,1.274160003662109375e+02,1.300120000000000005e+02,2.610600000000000000e+06
2.013080500000000000e+07,1.304540000000000077e+02,1.306750030517578125e+02,1.219410018920898438e+02,1.233780000000000001e+02,2.714500000000000000e+06
2.013081200000000000e+07,1.229360000000000070e+02,1.255889968872070312e+02,1.205039978027343750e+02,1.209459999999999980e+02,1.962500000000000000e+06
2.013081900000000000e+07,1.211670000000000016e+02,1.256869964599609375e+02,1.210009994506835938e+02,1.222729999999999961e+02,1.567500000000000000e+06
2.013082600000000000e+07,1.222729999999999961e+02,1.331069946289062500e+02,1.184589996337890625e+02,1.308959999999999866e+02,5.651400000000000000e+06
2.013090200000000000e+07,1.326649999999999920e+02,1.326649932861328125e+02,1.220520019531250000e+02,1.233780000000000001e+02,3.577900000000000000e+06
2.013090900000000000e+07,1.233780000000000001e+02,1.278010025024414062e+02,1.209459991455078125e+02,1.273580000000000041e+02,4.494100000000000000e+06
2.013091600000000000e+07,1.295689999999999884e+02,1.295690002441406250e+02,1.258109970092773438e+02,1.269159999999999968e+02,1.612000000000000000e+06
2.013092300000000000e+07,1.258110000000000070e+02,1.295690002441406250e+02,1.238209991455078125e+02,1.258110000000000070e+02,1.423300000000000000e+06
2.013093000000000000e+07,1.238209999999999980e+02,1.282429962158203125e+02,1.227429962158203125e+02,1.271370000000000005e+02,1.897700000000000000e+06
2.013100700000000000e+07,1.255889999999999986e+02,1.304539947509765625e+02,1.249260025024414062e+02,1.304540000000000077e+02,3.917400000000000000e+06
2.013101400000000000e+07,1.282429999999999950e+02,1.381929931640625000e+02,1.273580017089843750e+02,1.364240000000000066e+02,2.840900000000000000e+06
2.013102100000000000e+07,1.335490000000000066e+02,1.474239959716796875e+02,1.335489959716796875e+02,1.454890000000000043e+02,3.427100000000000000e+06
2.013102800000000000e+07,1.450469999999999970e+02,1.474790039062500000e+02,1.417299957275390625e+02,1.434989999999999952e+02,1.825100000000000000e+06
2.013110400000000000e+07,1.423940000000000055e+02,1.453229980468750000e+02,1.384140014648437500e+02,1.410670000000000073e+02,1.417600000000000000e+06
2.013111100000000000e+07,1.397400000000000091e+02,1.443840026855468750e+02,1.338910064697265625e+02,1.353180000000000121e+02,1.841300000000000000e+06
2.013111800000000000e+07,1.348760000000000048e+02,1.363710021972656250e+02,1.260319976806640625e+02,1.282429999999999950e+02,2.803300000000000000e+06
2.013112500000000000e+07,1.282429999999999950e+02,1.326649932861328125e+02,1.269160003662109375e+02,1.315589999999999975e+02,1.649600000000000000e+06
2.013120200000000000e+07,1.315589999999999975e+02,1.359819946289062500e+02,1.273580017089843750e+02,1.282429999999999950e+02,1.245700000000000000e+06
2.013120900000000000e+07,1.284639999999999986e+02,1.313379974365234375e+02,1.174079971313476562e+02,1.220520000000000067e+02,2.086500000000000000e+06
2.013121600000000000e+07,1.216099999999999994e+02,1.238209991455078125e+02,1.193980026245117188e+02,1.198409999999999940e+02,1.888000000000000000e+06
2.013122300000000000e+07,1.202830000000000013e+02,1.219530029296875000e+02,1.169660034179687500e+02,1.185139999999999958e+02,6.596000000000000000e+05
2.013123000000000000e+07,1.196200000000000045e+02,1.264739990234375000e+02,1.193980026245117188e+02,1.242630000000000052e+02,6.369000000000000000e+05
2.014010600000000000e+07,1.242630000000000052e+02,1.242630004882812500e+02,1.143440017700195312e+02,1.193979999999999961e+02,2.105900000000000000e+06
2.014011300000000000e+07,1.193979999999999961e+02,1.386349945068359375e+02,1.182379989624023438e+02,1.366450000000000102e+02,2.755000000000000000e+06
2.014012000000000000e+07,1.339919999999999902e+02,1.410670013427734375e+02,1.304539947509765625e+02,1.331069999999999993e+02,1.702300000000000000e+06
2.014012700000000000e+07,1.300120000000000005e+02,1.368659973144531250e+02,1.258109970092773438e+02,1.266949999999999932e+02,9.586000000000000000e+05
2.014020300000000000e+07,1.297909999999999968e+02,1.297910003662109375e+02,1.227149963378906250e+02,1.286850000000000023e+02,9.793000000000000000e+05
2.014021000000000000e+07,1.284639999999999986e+02,1.284640045166015625e+02,1.247050018310546875e+02,1.249260000000000019e+02,9.401000000000000000e+05
2.014021700000000000e+07,1.266949999999999932e+02,1.295690002441406250e+02,1.236439971923828125e+02,1.260319999999999965e+02,1.338400000000000000e+06
2.014022400000000000e+07,1.244839999999999947e+02,1.273580017089843750e+02,1.220520019531250000e+02,1.271370000000000005e+02,1.123500000000000000e+06
2.014030300000000000e+07,1.238209999999999980e+02,1.307720031738281250e+02,1.233779983520507812e+02,1.286850000000000023e+02,1.777400000000000000e+06
2.014031000000000000e+07,1.273580000000000041e+02,1.295140075683593750e+02,1.109960021972656250e+02,1.132069999999999936e+02,2.246200000000000000e+06
2.014031700000000000e+07,1.136500000000000057e+02,1.251470031738281250e+02,1.107750015258789062e+02,1.224939999999999998e+02,1.634800000000000000e+06
2.014032400000000000e+07,1.224939999999999998e+02,1.317810058593750000e+02,1.171869964599609375e+02,1.202830000000000013e+02,6.370100000000000000e+06
2.014033100000000000e+07,1.227150000000000034e+02,1.278010025024414062e+02,1.202829971313476562e+02,1.249260000000000019e+02,3.890100000000000000e+06
2.014040700000000000e+07,1.253679999999999950e+02,1.289060058593750000e+02,1.220520019531250000e+02,1.271370000000000005e+02,2.642600000000000000e+06
2.014041400000000000e+07,1.282429999999999950e+02,1.333280029296875000e+02,1.235999984741210938e+02,1.238209999999999980e+02,2.131300000000000000e+06
2.014042100000000000e+07,1.238209999999999980e+02,1.297910003662109375e+02,1.238209991455078125e+02,1.282429999999999950e+02,2.024500000000000000e+06
2.014042800000000000e+07,1.302330000000000041e+02,1.372530059814453125e+02,1.260759963989257812e+02,1.366450000000000102e+02,2.884000000000000000e+06
2.014050500000000000e+07,1.366450000000000102e+02,1.384140014648437500e+02,1.328860015869140625e+02,1.344339999999999975e+02,1.383100000000000000e+06
2.014051200000000000e+07,1.333280000000000030e+02,1.377500000000000000e+02,1.169660034179687500e+02,1.273580000000000041e+02,1.886000000000000000e+06
2.014051900000000000e+07,1.264740000000000038e+02,1.328860015869140625e+02,1.264739990234375000e+02,1.282429999999999950e+02,1.376500000000000000e+06
2.014052600000000000e+07,1.282429999999999950e+02,1.468159942626953125e+02,1.282429962158203125e+02,1.465949999999999989e+02,2.174300000000000000e+06
2.014060200000000000e+07,1.448259999999999934e+02,1.548849945068359375e+02,1.448260040283203125e+02,1.481430000000000007e+02,4.411300000000000000e+06
2.014060900000000000e+07,1.521220000000000141e+02,1.560000000000000000e+02,1.452500000000000000e+02,1.517500000000000000e+02,2.543900000000000000e+06
2.014061600000000000e+07,1.532500000000000000e+02,1.570000000000000000e+02,1.457500000000000000e+02,1.472500000000000000e+02,5.772600000000000000e+06
2.014062300000000000e+07,1.472500000000000000e+02,1.570000000000000000e+02,1.470000000000000000e+02,1.555000000000000000e+02,1.790300000000000000e+06
2.014063000000000000e+07,1.597500000000000000e+02,1.660000000000000000e+02,1.530000000000000000e+02,1.555000000000000000e+02,2.179000000000000000e+06
2.014070700000000000e+07,1.557500000000000000e+02,1.567500000000000000e+02,1.512500000000000000e+02,1.545000000000000000e+02,1.421100000000000000e+06
2.014071400000000000e+07,1.512500000000000000e+02,1.552500000000000000e+02,1.462500000000000000e+02,1.487500000000000000e+02,1.261100000000000000e+06
2.014072100000000000e+07,1.485000000000000000e+02,1.500630035400390625e+02,1.470000000000000000e+02,1.490000000000000000e+02,9.887000000000000000e+05
2.014072800000000000e+07,1.482500000000000000e+02,1.536499938964843750e+02,1.475000000000000000e+02,1.517500000000000000e+02,9.331000000000000000e+05
2.014080400000000000e+07,1.522500000000000000e+02,1.541250000000000000e+02,1.460000000000000000e+02,1.480000000000000000e+02,6.344000000000000000e+05
2.014081100000000000e+07,1.472500000000000000e+02,1.522500000000000000e+02,1.470000000000000000e+02,1.495000000000000000e+02,2.799000000000000000e+05
2.014081800000000000e+07,1.500000000000000000e+02,1.542500000000000000e+02,1.472500000000000000e+02,1.500000000000000000e+02,9.590000000000000000e+05
2.014082500000000000e+07,1.500000000000000000e+02,1.642500000000000000e+02,1.497500000000000000e+02,1.590000000000000000e+02,3.058900000000000000e+06
2.014090100000000000e+07,1.585000000000000000e+02,1.780000000000000000e+02,1.580000000000000000e+02,1.780000000000000000e+02,5.548500000000000000e+06
2.014090800000000000e+07,1.740000000000000000e+02,1.760000000000000000e+02,1.640000000000000000e+02,1.682500000000000000e+02,3.211000000000000000e+06
2.014091500000000000e+07,1.695000000000000000e+02,1.720000000000000000e+02,1.636000061035156250e+02,1.637500000000000000e+02,1.884400000000000000e+06
2.014092200000000000e+07,1.650000000000000000e+02,1.665000000000000000e+02,1.595000000000000000e+02,1.620000000000000000e+02,1.606000000000000000e+06
2.014092900000000000e+07,1.632500000000000000e+02,1.695000000000000000e+02,1.560000000000000000e+02,1.637500000000000000e+02,1.428900000000000000e+06
2.014100600000000000e+07,1.612500000000000000e+02,1.640000000000000000e+02,1.401880035400390625e+02,1.480000000000000000e+02,2.067600000000000000e+06
2.014101300000000000e+07,1.435000000000000000e+02,1.515000000000000000e+02,1.410000000000000000e+02,1.447500000000000000e+02,2.093300000000000000e+06
2.014102000000000000e+07,1.422500000000000000e+02,1.550000000000000000e+02,1.370000000000000000e+02,1.545000000000000000e+02,1.469800000000000000e+06
2.014102700000000000e+07,1.550000000000000000e+02,1.575000000000000000e+02,1.460000000000000000e+02,1.467500000000000000e+02,1.249300000000000000e+06
2.014110300000000000e+07,1.490000000000000000e+02,1.490000000000000000e+02,1.380000000000000000e+02,1.392500000000000000e+02,1.514800000000000000e+06
2.014111000000000000e+07,1.405000000000000000e+02,1.505899963378906250e+02,1.405000000000000000e+02,1.452500000000000000e+02,2.509400000000000000e+06
2.014111700000000000e+07,1.467500000000000000e+02,1.467500000000000000e+02,1.380000000000000000e+02,1.447500000000000000e+02,8.473000000000000000e+05
2.014112400000000000e+07,1.420000000000000000e+02,1.441750030517578125e+02,1.183499984741210938e+02,1.195000000000000000e+02,3.337900000000000000e+06
2.014120100000000000e+07,1.200000000000000000e+02,1.310000000000000000e+02,1.150000000000000000e+02,1.242500000000000000e+02,3.196500000000000000e+06
2.014120800000000000e+07,1.210000000000000000e+02,1.300000000000000000e+02,1.160000000000000000e+02,1.202500000000000000e+02,4.401600000000000000e+06
2.014121500000000000e+07,1.150000000000000000e+02,1.260000000000000000e+02,1.150000000000000000e+02,1.247500000000000000e+02,1.219100000000000000e+06
2.014122200000000000e+07,1.270000000000000000e+02,1.280000000000000000e+02,1.215000000000000000e+02,1.222500000000000000e+02,3.788000000000000000e+05
2.014122900000000000e+07,1.270000000000000000e+02,1.270000000000000000e+02,1.192500000000000000e+02,1.250000000000000000e+02,5.282000000000000000e+05
2.015010500000000000e+07,1.215000000000000000e+02,1.250000000000000000e+02,1.122500000000000000e+02,1.125000000000000000e+02,1.442700000000000000e+06
2.015011200000000000e+07,1.057500000000000000e+02,1.057500000000000000e+02,9.350000000000000000e+01,1.000000000000000000e+02,5.716300000000000000e+06
2.015011900000000000e+07,1.020000000000000000e+02,1.100000000000000000e+02,9.900000000000000000e+01,1.045000000000000000e+02,2.294900000000000000e+06
2.015012600000000000e+07,1.070000000000000000e+02,1.137500000000000000e+02,1.045000000000000000e+02,1.090000000000000000e+02,9.741000000000000000e+05
2.015020200000000000e+07,1.112500000000000000e+02,1.180000000000000000e+02,1.060000000000000000e+02,1.117500000000000000e+02,8.946000000000000000e+05
2.015020900000000000e+07,1.090000000000000000e+02,1.190000000000000000e+02,1.085000000000000000e+02,1.120000000000000000e+02,1.233500000000000000e+06
2.015021600000000000e+07,1.082500000000000000e+02,1.180000000000000000e+02,1.082500000000000000e+02,1.132500000000000000e+02,3.211000000000000000e+05
2.015022300000000000e+07,1.180000000000000000e+02,1.180000000000000000e+02,1.085000000000000000e+02,1.085000000000000000e+02,5.710000000000000000e+05
2.015030200000000000e+07,1.120000000000000000e+02,1.137500000000000000e+02,1.010000000000000000e+02,1.085000000000000000e+02,1.529400000000000000e+06
2.015030900000000000e+07,1.100000000000000000e+02,1.100000000000000000e+02,1.040000000000000000e+02,1.050000000000000000e+02,1.267200000000000000e+06
2.015031600000000000e+07,1.017500000000000000e+02,1.220000000000000000e+02,9.975000000000000000e+01,1.220000000000000000e+02,2.976100000000000000e+06
2.015032300000000000e+07,1.200000000000000000e+02,1.282500000000000000e+02,1.200000000000000000e+02,1.220000000000000000e+02,1.334000000000000000e+06
2.015033000000000000e+07,1.200000000000000000e+02,1.230000000000000000e+02,1.120000000000000000e+02,1.140000000000000000e+02,9.417000000000000000e+05
2.015040600000000000e+07,1.140000000000000000e+02,1.250000000000000000e+02,1.120000000000000000e+02,1.145000000000000000e+02,1.447800000000000000e+06
2.015041300000000000e+07,1.175000000000000000e+02,1.350000000000000000e+02,1.157500000000000000e+02,1.310000000000000000e+02,1.777600000000000000e+06
2.015042000000000000e+07,1.325000000000000000e+02,1.350000000000000000e+02,1.270000000000000000e+02,1.290000000000000000e+02,1.215500000000000000e+06
2.015042700000000000e+07,1.270000000000000000e+02,1.450000000000000000e+02,1.250000000000000000e+02,1.392500000000000000e+02,1.999300000000000000e+06
2.015050400000000000e+07,1.392500000000000000e+02,1.460000000000000000e+02,1.375000000000000000e+02,1.452500000000000000e+02,1.186900000000000000e+06
2.015051100000000000e+07,1.420000000000000000e+02,1.540000000000000000e+02,1.420000000000000000e+02,1.505000000000000000e+02,2.379900000000000000e+06
2.015051800000000000e+07,1.540000000000000000e+02,1.540000000000000000e+02,1.460000000000000000e+02,1.490000000000000000e+02,1.110900000000000000e+06
2.015052500000000000e+07,1.490000000000000000e+02,1.630000000000000000e+02,1.470000000000000000e+02,1.525000000000000000e+02,1.172900000000000000e+06
2.015060100000000000e+07,1.605000000000000000e+02,1.670000000000000000e+02,1.558130035400390625e+02,1.605000000000000000e+02,2.150600000000000000e+06
2.015060800000000000e+07,1.590000000000000000e+02,1.620000000000000000e+02,1.475000000000000000e+02,1.500000000000000000e+02,1.637000000000000000e+06
2.015061500000000000e+07,1.500000000000000000e+02,1.565000000000000000e+02,1.467500000000000000e+02,1.532500000000000000e+02,1.052800000000000000e+06
2.015062200000000000e+07,1.532500000000000000e+02,1.575000000000000000e+02,1.490000000000000000e+02,1.520000000000000000e+02,1.394300000000000000e+06
2.015062900000000000e+07,1.450000000000000000e+02,1.540000000000000000e+02,1.432500000000000000e+02,1.495000000000000000e+02,7.951000000000000000e+05
2.015070600000000000e+07,1.450000000000000000e+02,1.500000000000000000e+02,1.450000000000000000e+02,1.472500000000000000e+02,1.379600000000000000e+06
2.015071300000000000e+07,1.460000000000000000e+02,1.542500000000000000e+02,1.460000000000000000e+02,1.525000000000000000e+02,3.144400000000000000e+06
2.015072000000000000e+07,1.472500000000000000e+02,1.542500000000000000e+02,1.455000000000000000e+02,1.470000000000000000e+02,2.249700000000000000e+06
2.015072700000000000e+07,1.450000000000000000e+02,1.520000000000000000e+02,1.447500000000000000e+02,1.460000000000000000e+02,1.731000000000000000e+06
2.015080300000000000e+07,1.500000000000000000e+02,1.500000000000000000e+02,1.400000000000000000e+02,1.427500000000000000e+02,8.920000000000000000e+05
2.015081000000000000e+07,1.412500000000000000e+02,1.430000000000000000e+02,1.260000000000000000e+02,1.305000000000000000e+02,1.539100000000000000e+06
2.015081700000000000e+07,1.295000000000000000e+02,1.309859924316406250e+02,1.138970031738281250e+02,1.190000000000000000e+02,1.871800000000000000e+06
2.015082400000000000e+07,1.170000000000000000e+02,1.350000000000000000e+02,1.085989990234375000e+02,1.327500000000000000e+02,1.628300000000000000e+06
2.015083100000000000e+07,1.327500000000000000e+02,1.430000000000000000e+02,1.262500000000000000e+02,1.410000000000000000e+02,1.801400000000000000e+06
2.015090700000000000e+07,1.450000000000000000e+02,1.450000000000000000e+02,1.222500000000000000e+02,1.227500000000000000e+02,1.289200000000000000e+06
2.015091400000000000e+07,1.240000000000000000e+02,1.330000000000000000e+02,1.182500000000000000e+02,1.280000000000000000e+02,1.264900000000000000e+06
2.015092100000000000e+07,1.260000000000000000e+02,1.297500000000000000e+02,1.115000000000000000e+02,1.140000000000000000e+02,7.117000000000000000e+05
2.015092800000000000e+07,1.125000000000000000e+02,1.195000000000000000e+02,1.105000000000000000e+02,1.185000000000000000e+02,1.319400000000000000e+06
2.015100500000000000e+07,1.200000000000000000e+02,1.420000000000000000e+02,1.200000000000000000e+02,1.370000000000000000e+02,1.599800000000000000e+06
2.015101200000000000e+07,1.330000000000000000e+02,1.382500000000000000e+02,1.230000000000000000e+02,1.230000000000000000e+02,7.112000000000000000e+05
2.015101900000000000e+07,1.240000000000000000e+02,1.242500000000000000e+02,1.152500000000000000e+02,1.210000000000000000e+02,5.005000000000000000e+05
2.015102600000000000e+07,1.225000000000000000e+02,1.240000000000000000e+02,1.125000000000000000e+02,1.200000000000000000e+02,8.037000000000000000e+05
2.015110200000000000e+07,1.142500000000000000e+02,1.267500000000000000e+02,1.086880035400390625e+02,1.142500000000000000e+02,1.187700000000000000e+06
2.015110900000000000e+07,1.140000000000000000e+02,1.140000000000000000e+02,1.007500000000000000e+02,1.012500000000000000e+02,1.015200000000000000e+06
2.015111600000000000e+07,1.050000000000000000e+02,1.100000000000000000e+02,9.793800354003906250e+01,1.070000000000000000e+02,8.527000000000000000e+05
2.015112300000000000e+07,1.035000000000000000e+02,1.117500000000000000e+02,1.032500000000000000e+02,1.085000000000000000e+02,1.022900000000000000e+06
2.015113000000000000e+07,1.077500000000000000e+02,1.115000000000000000e+02,1.032500000000000000e+02,1.045000000000000000e+02,2.230700000000000000e+06
2.015120700000000000e+07,1.060000000000000000e+02,1.070000000000000000e+02,9.475000000000000000e+01,9.625000000000000000e+01,1.294100000000000000e+06
2.015121400000000000e+07,1.000000000000000000e+02,1.000000000000000000e+02,9.075000000000000000e+01,9.400000000000000000e+01,1.953300000000000000e+06
2.015122100000000000e+07,9.675000000000000000e+01,1.000000000000000000e+02,9.000000000000000000e+01,9.875000000000000000e+01,8.920000000000000000e+05
2.016010400000000000e+07,9.525000000000000000e+01,9.800000000000000000e+01,6.900000000000000000e+01,7.150000000000000000e+01,3.065200000000000000e+06
2.016011100000000000e+07,7.000000000000000000e+01,7.725000000000000000e+01,6.750000000000000000e+01,7.150000000000000000e+01,3.113600000000000000e+06
2.016011800000000000e+07,7.200000000000000000e+01,8.150000000000000000e+01,6.300000000000000000e+01,8.150000000000000000e+01,1.386600000000000000e+06
2.016012500000000000e+07,8.250000000000000000e+01,8.819999694824218750e+01,7.850000000000000000e+01,8.300000000000000000e+01,7.918000000000000000e+05
2.016020100000000000e+07,8.500000000000000000e+01,9.050000000000000000e+01,7.662500000000000000e+01,8.800000000000000000e+01,5.917000000000000000e+05
2.016020800000000000e+07,9.000000000000000000e+01,9.100000000000000000e+01,8.000000000000000000e+01,8.550000000000000000e+01,5.700000000000000000e+05
2.016021500000000000e+07,8.750000000000000000e+01,9.600000000000000000e+01,8.458200073242187500e+01,9.575000000000000000e+01,4.140000000000000000e+05
2.016022200000000000e+07,9.600000000000000000e+01,1.020000000000000000e+02,9.535600280761718750e+01,9.750000000000000000e+01,7.872000000000000000e+05
