2.005051600000000000e+07,1.390000000000000000e+02,1.570000000000000000e+02,1.390000000000000000e+02,1.525000000000000000e+02,3.228900000000000000e+06
2.005052300000000000e+07,1.540000000000000000e+02,1.577500000000000000e+02,1.490000000000000000e+02,1.510000000000000000e+02,3.711000000000000000e+05
2.005053000000000000e+07,1.510000000000000000e+02,1.540000000000000000e+02,1.500000000000000000e+02,1.540000000000000000e+02,5.550000000000000000e+05
2.005060600000000000e+07,1.550000000000000000e+02,1.590000000000000000e+02,1.536920013427734375e+02,1.560000000000000000e+02,1.264200000000000000e+06
2.005061300000000000e+07,1.560000000000000000e+02,1.560000000000000000e+02,1.500000000000000000e+02,1.535000000000000000e+02,2.968000000000000000e+05
2.005062000000000000e+07,1.530000000000000000e+02,1.590000000000000000e+02,1.480000000000000000e+02,1.565000000000000000e+02,2.619100000000000000e+06
2.005062700000000000e+07,1.520000000000000000e+02,1.650000000000000000e+02,1.500000000000000000e+02,1.607500000000000000e+02,1.874200000000000000e+06
2.005070400000000000e+07,1.650000000000000000e+02,1.750700073242187500e+02,1.610000000000000000e+02,1.645000000000000000e+02,9.841000000000000000e+05
2.005071100000000000e+07,1.630000000000000000e+02,1.670000000000000000e+02,1.580000000000000000e+02,1.657500000000000000e+02,6.373000000000000000e+05
2.005071800000000000e+07,1.670000000000000000e+02,1.680000000000000000e+02,1.549450073242187500e+02,1.570000000000000000e+02,6.712000000000000000e+05
2.005072500000000000e+07,1.550000000000000000e+02,1.782500000000000000e+02,1.510000000000000000e+02,1.782500000000000000e+02,1.144300000000000000e+06
2.005080100000000000e+07,1.760000000000000000e+02,1.870000000000000000e+02,1.720000000000000000e+02,1.837500000000000000e+02,1.322800000000000000e+06
2.005080800000000000e+07,1.875000000000000000e+02,1.875000000000000000e+02,1.730000000000000000e+02,1.762500000000000000e+02,3.651000000000000000e+05
2.005081500000000000e+07,1.752500000000000000e+02,1.820000000000000000e+02,1.750000000000000000e+02,1.790000000000000000e+02,3.388000000000000000e+05
2.005082200000000000e+07,1.750000000000000000e+02,1.800000000000000000e+02,1.720000000000000000e+02,1.750000000000000000e+02,7.000000000000000000e+04
2.005082900000000000e+07,1.750000000000000000e+02,1.785000000000000000e+02,1.683309936523437500e+02,1.700000000000000000e+02,8.095000000000000000e+05
2.005090500000000000e+07,1.680000000000000000e+02,1.707500000000000000e+02,9.375000000000000000e+01,1.107500000000000000e+02,8.098200000000000000e+06
2.005091200000000000e+07,1.090000000000000000e+02,1.120000000000000000e+02,1.050000000000000000e+02,1.080000000000000000e+02,7.868000000000000000e+06
2.005091900000000000e+07,1.050000000000000000e+02,1.070000000000000000e+02,9.725000000000000000e+01,1.050000000000000000e+02,2.612100000000000000e+06
2.005092600000000000e+07,1.055000000000000000e+02,1.070000000000000000e+02,1.010000000000000000e+02,1.015000000000000000e+02,2.321000000000000000e+06
2.005100300000000000e+07,1.020000000000000000e+02,1.027500000000000000e+02,9.800000000000000000e+01,1.002500000000000000e+02,1.403000000000000000e+05
2.005101000000000000e+07,1.000000000000000000e+02,1.065000000000000000e+02,9.984999847412109375e+01,1.035000000000000000e+02,6.715000000000000000e+05
2.005101700000000000e+07,1.040000000000000000e+02,1.042500000000000000e+02,9.855999755859375000e+01,1.015000000000000000e+02,6.414000000000000000e+05
2.005102400000000000e+07,1.000000000000000000e+02,1.037500000000000000e+02,1.000000000000000000e+02,1.025000000000000000e+02,3.853000000000000000e+05
2.005103100000000000e+07,1.030000000000000000e+02,1.068300018310546875e+02,1.010000000000000000e+02,1.040000000000000000e+02,1.004800000000000000e+06
2.005110700000000000e+07,1.050000000000000000e+02,1.150000000000000000e+02,1.030000000000000000e+02,1.117500000000000000e+02,7.164000000000000000e+05
2.005111400000000000e+07,1.147500000000000000e+02,1.230000000000000000e+02,1.147500000000000000e+02,1.190000000000000000e+02,9.935000000000000000e+05
2.005112100000000000e+07,1.217500000000000000e+02,1.220000000000000000e+02,1.180000000000000000e+02,1.202500000000000000e+02,6.049000000000000000e+05
2.005112800000000000e+07,1.220000000000000000e+02,1.256999969482421875e+02,1.167500000000000000e+02,1.200000000000000000e+02,1.022200000000000000e+06
2.005120500000000000e+07,1.170000000000000000e+02,1.200000000000000000e+02,1.130000000000000000e+02,1.162500000000000000e+02,8.571300000000000000e+06
2.005121200000000000e+07,1.180000000000000000e+02,1.200000000000000000e+02,1.152500000000000000e+02,1.177500000000000000e+02,1.384600000000000000e+06
2.005121900000000000e+07,1.200000000000000000e+02,1.230000000000000000e+02,1.170000000000000000e+02,1.180000000000000000e+02,3.940000000000000000e+04
2.005122600000000000e+07,1.180000000000000000e+02,1.220000000000000000e+02,1.170000000000000000e+02,1.180000000000000000e+02,5.400000000000000000e+03
2.006010200000000000e+07,1.180000000000000000e+02,1.220000000000000000e+02,1.172500000000000000e+02,1.207500000000000000e+02,1.104500000000000000e+06
2.006010900000000000e+07,1.200000000000000000e+02,1.245000000000000000e+02,1.200000000000000000e+02,1.237500000000000000e+02,2.750000000000000000e+04
2.006011600000000000e+07,1.250000000000000000e+02,1.295000000000000000e+02,1.200000000000000000e+02,1.277500000000000000e+02,4.004000000000000000e+05
2.006012300000000000e+07,1.250199999999999960e+02,1.355000000000000000e+02,1.250199966430664062e+02,1.325000000000000000e+02,1.461000000000000000e+05
2.006013000000000000e+07,1.355000000000000000e+02,1.400000000000000000e+02,1.320000000000000000e+02,1.350000000000000000e+02,1.491000000000000000e+05
2.006020600000000000e+07,1.352500000000000000e+02,1.397500000000000000e+02,1.315000000000000000e+02,1.340000000000000000e+02,1.681400000000000000e+06
2.006021300000000000e+07,1.357500000000000000e+02,1.357500000000000000e+02,1.310000000000000000e+02,1.335000000000000000e+02,3.580000000000000000e+04
2.006022000000000000e+07,1.310000000000000000e+02,1.330000000000000000e+02,6.000000000000000000e+01,7.200000000000000000e+01,4.412200000000000000e+06
2.006022700000000000e+07,7.450000000000000000e+01,8.100000000000000000e+01,7.225000000000000000e+01,7.800000000000000000e+01,7.372000000000000000e+06
2.006030600000000000e+07,7.900000000000000000e+01,8.175000000000000000e+01,7.625000000000000000e+01,7.850000000000000000e+01,1.441600000000000000e+06
2.006031300000000000e+07,7.825000000000000000e+01,7.900000000000000000e+01,7.719999694824218750e+01,7.875000000000000000e+01,3.584500000000000000e+06
2.006032000000000000e+07,7.875000000000000000e+01,7.950000000000000000e+01,7.800000000000000000e+01,7.900000000000000000e+01,4.577000000000000000e+05
2.006032700000000000e+07,7.950000000000000000e+01,8.300000000000000000e+01,7.900000000000000000e+01,8.200000000000000000e+01,4.003000000000000000e+05
2.006040300000000000e+07,8.050000000000000000e+01,8.600000000000000000e+01,7.850000000000000000e+01,8.425000000000000000e+01,7.360000000000000000e+05
2.006041000000000000e+07,8.500000000000000000e+01,8.950000000000000000e+01,8.500000000000000000e+01,8.900000000000000000e+01,8.330000000000000000e+04
2.006041700000000000e+07,8.900000000000000000e+01,9.000000000000000000e+01,8.650000000000000000e+01,8.775000000000000000e+01,4.690000000000000000e+04
2.006042400000000000e+07,8.700000000000000000e+01,9.000000000000000000e+01,8.400000000000000000e+01,8.700000000000000000e+01,5.759000000000000000e+05
2.006050100000000000e+07,8.700000000000000000e+01,9.300000000000000000e+01,8.700000000000000000e+01,9.075000000000000000e+01,5.176000000000000000e+05
2.006050800000000000e+07,8.900000000000000000e+01,9.200000000000000000e+01,8.900000000000000000e+01,9.125000000000000000e+01,1.329000000000000000e+05
2.006051500000000000e+07,8.900000000000000000e+01,9.172000122070312500e+01,8.200000000000000000e+01,8.650000000000000000e+01,5.896000000000000000e+05
2.006052200000000000e+07,8.400000000000000000e+01,9.100000000000000000e+01,8.350000000000000000e+01,9.100000000000000000e+01,1.312000000000000000e+05
2.006052900000000000e+07,9.100000000000000000e+01,9.250000000000000000e+01,8.800000000000000000e+01,9.250000000000000000e+01,6.400000000000000000e+03
2.006060500000000000e+07,9.300000000000000000e+01,9.800000000000000000e+01,9.000000000000000000e+01,9.525000000000000000e+01,2.512000000000000000e+05
2.006061200000000000e+07,9.500000000000000000e+01,9.575000000000000000e+01,9.025000000000000000e+01,9.375000000000000000e+01,2.820000000000000000e+04
2.006061900000000000e+07,9.375000000000000000e+01,9.400000000000000000e+01,8.900000000000000000e+01,9.100000000000000000e+01,1.909000000000000000e+05
2.006062600000000000e+07,8.850000000000000000e+01,1.000000000000000000e+02,8.825000000000000000e+01,1.000000000000000000e+02,3.903800000000000000e+06
2.006070300000000000e+07,1.010000000000000000e+02,1.057500000000000000e+02,9.869999694824218750e+01,1.045000000000000000e+02,6.122000000000000000e+05
2.006071000000000000e+07,1.040000000000000000e+02,1.055000000000000000e+02,1.020000000000000000e+02,1.045000000000000000e+02,2.433600000000000000e+06
2.006071700000000000e+07,1.050000000000000000e+02,1.062500000000000000e+02,1.040000000000000000e+02,1.040000000000000000e+02,2.147000000000000000e+05
2.006072400000000000e+07,1.030000000000000000e+02,1.072500000000000000e+02,1.030000000000000000e+02,1.060000000000000000e+02,5.426000000000000000e+05
2.006073100000000000e+07,1.060000000000000000e+02,1.085000000000000000e+02,1.042910003662109375e+02,1.080000000000000000e+02,1.064990000000000000e+07
2.006080700000000000e+07,1.090000000000000000e+02,1.120000000000000000e+02,1.070000000000000000e+02,1.112500000000000000e+02,2.112000000000000000e+05
2.006081400000000000e+07,1.105000000000000000e+02,1.145000000000000000e+02,1.105000000000000000e+02,1.130000000000000000e+02,5.651000000000000000e+05
2.006082100000000000e+07,1.140000000000000000e+02,1.140000000000000000e+02,1.100000000000000000e+02,1.117500000000000000e+02,4.094800000000000000e+06
2.006082800000000000e+07,1.117500000000000000e+02,1.117500000000000000e+02,1.070000000000000000e+02,1.100000000000000000e+02,1.162000000000000000e+05
2.006090400000000000e+07,1.100000000000000000e+02,1.100000000000000000e+02,1.060000000000000000e+02,1.075000000000000000e+02,1.563000000000000000e+05
2.006091100000000000e+07,1.070000000000000000e+02,1.070000000000000000e+02,1.020000000000000000e+02,1.050000000000000000e+02,2.266000000000000000e+05
2.006091800000000000e+07,1.040000000000000000e+02,1.100000000000000000e+02,1.040000000000000000e+02,1.085000000000000000e+02,9.990000000000000000e+05
2.006092500000000000e+07,1.097500000000000000e+02,1.185000000000000000e+02,1.095000000000000000e+02,1.175000000000000000e+02,1.246000000000000000e+05
2.006100200000000000e+07,1.165000000000000000e+02,1.262500000000000000e+02,1.163399963378906250e+02,1.207500000000000000e+02,2.321000000000000000e+05
2.006100900000000000e+07,1.195000000000000000e+02,1.220000000000000000e+02,1.180000000000000000e+02,1.197500000000000000e+02,5.136000000000000000e+05
2.006101600000000000e+07,1.190000000000000000e+02,1.362500000000000000e+02,1.190000000000000000e+02,1.342500000000000000e+02,9.067000000000000000e+05
2.006102300000000000e+07,1.365000000000000000e+02,1.495000000000000000e+02,1.350000000000000000e+02,1.440000000000000000e+02,8.448000000000000000e+05
2.006103000000000000e+07,1.435000000000000000e+02,1.620000000000000000e+02,1.429810028076171875e+02,1.600000000000000000e+02,2.918000000000000000e+06
2.006110600000000000e+07,1.582500000000000000e+02,1.675000000000000000e+02,1.580000000000000000e+02,1.660000000000000000e+02,3.398000000000000000e+05
2.006111300000000000e+07,1.697500000000000000e+02,1.787500000000000000e+02,1.660000000000000000e+02,1.740000000000000000e+02,6.283000000000000000e+05
2.006112000000000000e+07,1.735000000000000000e+02,1.880000000000000000e+02,1.735000000000000000e+02,1.770000000000000000e+02,6.908000000000000000e+05
2.006112700000000000e+07,1.760000000000000000e+02,1.860000000000000000e+02,1.750000000000000000e+02,1.800000000000000000e+02,6.980000000000000000e+05
2.006120400000000000e+07,1.810000000000000000e+02,2.060000000000000000e+02,1.782500000000000000e+02,2.042500000000000000e+02,1.102300000000000000e+06
2.006121100000000000e+07,2.070000000000000000e+02,2.160000000000000000e+02,2.025000000000000000e+02,2.140000000000000000e+02,3.209400000000000000e+06
2.006121800000000000e+07,2.140000000000000000e+02,2.180000000000000000e+02,2.020000000000000000e+02,2.095000000000000000e+02,2.713800000000000000e+06
2.006122500000000000e+07,2.095000000000000000e+02,2.140000000000000000e+02,2.072500000000000000e+02,2.085000000000000000e+02,1.121000000000000000e+05
2.007010100000000000e+07,2.085000000000000000e+02,2.100000000000000000e+02,2.050000000000000000e+02,2.100000000000000000e+02,1.933500000000000000e+06
2.007010800000000000e+07,2.080000000000000000e+02,2.110000000000000000e+02,1.970000000000000000e+02,2.015000000000000000e+02,3.956330000000000000e+07
2.007011500000000000e+07,2.015000000000000000e+02,2.060000000000000000e+02,2.010000000000000000e+02,2.060000000000000000e+02,9.880000000000000000e+05
2.007012200000000000e+07,2.060000000000000000e+02,2.265000000000000000e+02,2.050000000000000000e+02,2.230000000000000000e+02,1.949800000000000000e+06
2.007012900000000000e+07,2.225000000000000000e+02,2.290000000000000000e+02,2.180000000000000000e+02,2.262500000000000000e+02,8.971300000000000000e+06
2.007020500000000000e+07,2.280000000000000000e+02,2.432500000000000000e+02,2.262500000000000000e+02,2.322500000000000000e+02,3.420200000000000000e+06
2.007021200000000000e+07,2.347500000000000000e+02,2.547500000000000000e+02,2.300000000000000000e+02,2.490000000000000000e+02,2.783600000000000000e+06
2.007021900000000000e+07,2.470000000000000000e+02,2.610000000000000000e+02,2.410000000000000000e+02,2.547500000000000000e+02,1.819500000000000000e+06
2.007022600000000000e+07,2.547500000000000000e+02,2.550000000000000000e+02,2.340000000000000000e+02,2.430000000000000000e+02,1.322400000000000000e+06
2.007030500000000000e+07,2.405000000000000000e+02,2.560000000000000000e+02,2.350000000000000000e+02,2.517500000000000000e+02,1.958000000000000000e+06
2.007031200000000000e+07,2.512500000000000000e+02,2.587500000000000000e+02,2.240000000000000000e+02,2.262500000000000000e+02,1.076260000000000000e+07
2.007031900000000000e+07,2.315000000000000000e+02,2.350000000000000000e+02,2.165000000000000000e+02,2.317500000000000000e+02,2.350100000000000000e+06
2.007032600000000000e+07,2.320000000000000000e+02,2.342500000000000000e+02,2.180000000000000000e+02,2.280000000000000000e+02,3.525900000000000000e+06
2.007040200000000000e+07,2.252500000000000000e+02,2.387500000000000000e+02,2.252500000000000000e+02,2.357500000000000000e+02,2.096200000000000000e+06
2.007040900000000000e+07,2.357500000000000000e+02,2.430000000000000000e+02,2.277500000000000000e+02,2.310000000000000000e+02,1.804900000000000000e+06
2.007041600000000000e+07,2.342500000000000000e+02,2.470000000000000000e+02,2.280000000000000000e+02,2.450000000000000000e+02,3.221000000000000000e+06
2.007042300000000000e+07,2.470000000000000000e+02,2.530000000000000000e+02,2.352500000000000000e+02,2.525000000000000000e+02,9.226000000000000000e+05
2.007043000000000000e+07,2.537500000000000000e+02,2.850000000000000000e+02,2.530000000000000000e+02,2.810000000000000000e+02,1.554000000000000000e+06
2.007050700000000000e+07,2.810000000000000000e+02,2.820000000000000000e+02,2.620000000000000000e+02,2.645000000000000000e+02,2.004100000000000000e+06
2.007051400000000000e+07,2.682500000000000000e+02,2.725000000000000000e+02,2.622500000000000000e+02,2.680000000000000000e+02,2.185000000000000000e+06
2.007052100000000000e+07,2.710000000000000000e+02,2.740000000000000000e+02,2.600000000000000000e+02,2.650000000000000000e+02,1.761700000000000000e+06
2.007052800000000000e+07,2.650000000000000000e+02,2.772500000000000000e+02,2.605000000000000000e+02,2.757500000000000000e+02,9.368000000000000000e+05
2.007060400000000000e+07,2.720000000000000000e+02,2.830000000000000000e+02,2.680000000000000000e+02,2.695000000000000000e+02,1.520100000000000000e+06
2.007061100000000000e+07,2.725000000000000000e+02,2.807500000000000000e+02,2.637500000000000000e+02,2.780000000000000000e+02,1.968700000000000000e+06
2.007061800000000000e+07,2.750009999999999764e+02,2.800000000000000000e+02,2.500000000000000000e+02,2.500000000000000000e+02,2.668000000000000000e+06
2.007062500000000000e+07,2.525000000000000000e+02,2.730000000000000000e+02,2.462500000000000000e+02,2.617500000000000000e+02,1.336800000000000000e+06
2.007070200000000000e+07,2.600000000000000000e+02,2.867500000000000000e+02,2.520000000000000000e+02,2.705009999999999764e+02,2.354770000000000000e+07
2.007070900000000000e+07,2.687500000000000000e+02,2.850000000000000000e+02,2.657500000000000000e+02,2.792500000000000000e+02,3.192000000000000000e+06
2.007071600000000000e+07,2.800000000000000000e+02,3.000000000000000000e+02,2.790000000000000000e+02,2.965000000000000000e+02,3.058600000000000000e+06
2.007072300000000000e+07,2.980000000000000000e+02,3.107500000000000000e+02,2.840010070800781250e+02,2.867500000000000000e+02,2.746900000000000000e+06
2.007073000000000000e+07,2.912500000000000000e+02,3.220000000000000000e+02,2.852500000000000000e+02,2.957500000000000000e+02,3.066000000000000000e+06
2.007080600000000000e+07,2.917500000000000000e+02,3.105000000000000000e+02,2.452500000000000000e+02,2.470000000000000000e+02,4.427100000000000000e+06
2.007081300000000000e+07,2.522500000000000000e+02,2.910000000000000000e+02,2.520000000000000000e+02,2.700000000000000000e+02,2.693300000000000000e+06
2.007082000000000000e+07,2.720000000000000000e+02,2.847500000000000000e+02,2.632500000000000000e+02,2.810000000000000000e+02,1.393300000000000000e+06
2.007082700000000000e+07,2.810000000000000000e+02,3.010000000000000000e+02,2.750010070800781250e+02,2.910000000000000000e+02,9.230000000000000000e+05
2.007090300000000000e+07,2.905000000000000000e+02,3.017500000000000000e+02,2.835000000000000000e+02,2.877500000000000000e+02,8.264000000000000000e+05
2.007091000000000000e+07,2.850000000000000000e+02,2.952500000000000000e+02,2.750010070800781250e+02,2.805000000000000000e+02,6.876000000000000000e+05
2.007091700000000000e+07,2.800000000000000000e+02,3.032500000000000000e+02,2.740000000000000000e+02,2.955000000000000000e+02,1.300400000000000000e+06
2.007092400000000000e+07,2.930009999999999764e+02,2.997500000000000000e+02,2.650000000000000000e+02,2.982500000000000000e+02,2.142600000000000000e+06
2.007100100000000000e+07,2.940000000000000000e+02,3.105000000000000000e+02,2.940000000000000000e+02,3.040000000000000000e+02,9.514000000000000000e+05
2.007100800000000000e+07,2.980000000000000000e+02,2.995000000000000000e+02,2.792500000000000000e+02,2.795000000000000000e+02,1.610300000000000000e+06
2.007101500000000000e+07,2.780000000000000000e+02,2.865000000000000000e+02,2.720000000000000000e+02,2.765000000000000000e+02,1.502500000000000000e+06
2.007102200000000000e+07,2.750009999999999764e+02,2.920000000000000000e+02,2.730000000000000000e+02,2.850000000000000000e+02,1.025000000000000000e+06
2.007102900000000000e+07,2.880000000000000000e+02,3.000000000000000000e+02,2.820000000000000000e+02,2.960000000000000000e+02,8.499000000000000000e+05
2.007110500000000000e+07,2.900000000000000000e+02,3.720000000000000000e+02,2.900000000000000000e+02,3.212500000000000000e+02,1.628300000000000000e+06
2.007111200000000000e+07,3.180000000000000000e+02,3.325000000000000000e+02,2.957500000000000000e+02,3.027500000000000000e+02,1.585200000000000000e+06
2.007111900000000000e+07,2.972500000000000000e+02,3.067500000000000000e+02,2.600000000000000000e+02,2.635000000000000000e+02,1.280400000000000000e+06
2.007112600000000000e+07,2.635000000000000000e+02,2.925000000000000000e+02,2.620000000000000000e+02,2.800000000000000000e+02,1.778200000000000000e+06
2.007120300000000000e+07,2.740000000000000000e+02,3.110000000000000000e+02,2.725000000000000000e+02,2.775000000000000000e+02,1.853400000000000000e+06
2.007121000000000000e+07,2.792500000000000000e+02,2.857500000000000000e+02,2.560000000000000000e+02,2.585000000000000000e+02,1.878700000000000000e+06
2.007121700000000000e+07,2.555000000000000000e+02,2.620000000000000000e+02,2.440000000000000000e+02,2.510000000000000000e+02,1.245600000000000000e+06
2.007122400000000000e+07,2.510000000000000000e+02,2.622500000000000000e+02,2.442500000000000000e+02,2.520000000000000000e+02,3.313000000000000000e+05
2.007123100000000000e+07,2.500000000000000000e+02,2.665000000000000000e+02,2.452500000000000000e+02,2.490000000000000000e+02,5.850000000000000000e+05
2.008010700000000000e+07,2.540000000000000000e+02,2.540000000000000000e+02,2.022500000000000000e+02,2.112500000000000000e+02,3.783700000000000000e+06
2.008011400000000000e+07,2.140000000000000000e+02,2.165000000000000000e+02,1.900000000000000000e+02,2.030000000000000000e+02,2.473100000000000000e+06
2.008012100000000000e+07,2.050000000000000000e+02,2.092500000000000000e+02,1.855000000000000000e+02,1.987500000000000000e+02,2.007700000000000000e+06
2.008012800000000000e+07,1.940000000000000000e+02,2.327500000000000000e+02,1.935000000000000000e+02,2.297500000000000000e+02,2.049800000000000000e+06
2.008020400000000000e+07,2.270000000000000000e+02,2.310000000000000000e+02,2.160000000000000000e+02,2.195000000000000000e+02,1.579400000000000000e+06
2.008021100000000000e+07,2.180000000000000000e+02,2.322500000000000000e+02,2.130000000000000000e+02,2.260000000000000000e+02,1.128000000000000000e+06
2.008021800000000000e+07,2.280000000000000000e+02,2.310000000000000000e+02,2.185000000000000000e+02,2.185000000000000000e+02,7.858000000000000000e+05
2.008022500000000000e+07,2.250000000000000000e+02,2.262500000000000000e+02,2.012500000000000000e+02,2.012500000000000000e+02,1.109200000000000000e+06
2.008030300000000000e+07,1.990000000000000000e+02,2.120000000000000000e+02,1.855000000000000000e+02,1.925000000000000000e+02,1.607500000000000000e+06
2.008031000000000000e+07,1.970000000000000000e+02,2.042500000000000000e+02,1.752500000000000000e+02,1.910000000000000000e+02,2.904100000000000000e+06
2.008031700000000000e+07,1.870000000000000000e+02,1.900000000000000000e+02,1.712500000000000000e+02,1.712500000000000000e+02,1.427900000000000000e+06
2.008032400000000000e+07,1.712500000000000000e+02,1.920000000000000000e+02,1.712500000000000000e+02,1.850000000000000000e+02,1.259500000000000000e+06
2.008033100000000000e+07,1.850000000000000000e+02,2.070000000000000000e+02,1.850000000000000000e+02,2.045000000000000000e+02,1.789100000000000000e+06
2.008040700000000000e+07,2.040000000000000000e+02,2.167500000000000000e+02,2.010000000000000000e+02,2.040000000000000000e+02,2.283200000000000000e+06
2.008041400000000000e+07,2.025000000000000000e+02,2.167500000000000000e+02,1.960000000000000000e+02,2.160000000000000000e+02,1.668000000000000000e+06
2.008042100000000000e+07,2.132500000000000000e+02,2.240000000000000000e+02,2.112500000000000000e+02,2.227500000000000000e+02,1.647900000000000000e+06
2.008042800000000000e+07,2.237500000000000000e+02,2.650000000000000000e+02,2.230000000000000000e+02,2.555000000000000000e+02,1.484000000000000000e+06
2.008050500000000000e+07,2.555000000000000000e+02,2.787500000000000000e+02,2.555000000000000000e+02,2.610000000000000000e+02,1.318600000000000000e+06
2.008051200000000000e+07,2.600000000000000000e+02,2.642500000000000000e+02,2.487500000000000000e+02,2.525000000000000000e+02,1.315100000000000000e+06
2.008051900000000000e+07,2.567500000000000000e+02,2.600000000000000000e+02,2.367500000000000000e+02,2.460000000000000000e+02,8.532000000000000000e+05
2.008052600000000000e+07,2.460000000000000000e+02,2.497500000000000000e+02,2.302500000000000000e+02,2.312500000000000000e+02,8.653000000000000000e+05
2.008060200000000000e+07,2.347500000000000000e+02,2.470000000000000000e+02,2.180000000000000000e+02,2.295000000000000000e+02,9.094000000000000000e+05
2.008060900000000000e+07,2.302500000000000000e+02,2.465000000000000000e+02,2.270000000000000000e+02,2.407500000000000000e+02,1.325900000000000000e+06
2.008061600000000000e+07,2.402500000000000000e+02,2.537500000000000000e+02,2.402500000000000000e+02,2.425000000000000000e+02,1.242700000000000000e+06
2.008062300000000000e+07,2.480000000000000000e+02,2.772500000000000000e+02,2.417500000000000000e+02,2.680000000000000000e+02,2.473400000000000000e+06
2.008063000000000000e+07,2.650000000000000000e+02,2.690000000000000000e+02,2.370000000000000000e+02,2.460000000000000000e+02,1.160800000000000000e+06
2.008070700000000000e+07,2.490000000000000000e+02,2.620000000000000000e+02,2.440000000000000000e+02,2.540000000000000000e+02,8.814000000000000000e+05
2.008071400000000000e+07,2.580000000000000000e+02,2.727500000000000000e+02,2.407500000000000000e+02,2.650000000000000000e+02,1.529300000000000000e+06
2.008072100000000000e+07,2.642500000000000000e+02,2.715000000000000000e+02,2.550000000000000000e+02,2.582500000000000000e+02,1.157700000000000000e+06
2.008072800000000000e+07,2.602500000000000000e+02,2.745000000000000000e+02,2.550000000000000000e+02,2.707500000000000000e+02,1.897900000000000000e+06
2.008080400000000000e+07,2.740000000000000000e+02,2.810000000000000000e+02,2.585000000000000000e+02,2.650000000000000000e+02,1.182700000000000000e+06
2.008081100000000000e+07,2.680000000000000000e+02,2.932500000000000000e+02,2.615010070800781250e+02,2.897500000000000000e+02,1.707300000000000000e+06
2.008081800000000000e+07,2.840009999999999764e+02,3.050000000000000000e+02,2.750010070800781250e+02,2.935000000000000000e+02,1.436600000000000000e+06
2.008082500000000000e+07,2.935000000000000000e+02,3.100000000000000000e+02,2.820000000000000000e+02,3.065009999999999764e+02,9.602000000000000000e+05
2.008090100000000000e+07,3.012500000000000000e+02,3.150000000000000000e+02,2.907500000000000000e+02,2.907500000000000000e+02,1.188800000000000000e+06
2.008090800000000000e+07,2.800000000000000000e+02,3.027500000000000000e+02,2.660000000000000000e+02,3.015000000000000000e+02,2.637600000000000000e+06
2.008091500000000000e+07,2.960000000000000000e+02,3.040000000000000000e+02,2.640000000000000000e+02,2.805000000000000000e+02,2.694200000000000000e+06
2.008092200000000000e+07,2.850000000000000000e+02,2.947500000000000000e+02,2.762500000000000000e+02,2.870000000000000000e+02,1.172100000000000000e+06
2.008092900000000000e+07,2.855000000000000000e+02,3.020000000000000000e+02,2.750010070800781250e+02,2.917500000000000000e+02,1.829200000000000000e+06
2.008100600000000000e+07,2.850000000000000000e+02,2.900000000000000000e+02,2.192500000000000000e+02,2.260000000000000000e+02,3.121000000000000000e+06
2.008101300000000000e+07,2.362500000000000000e+02,2.582500000000000000e+02,2.172500000000000000e+02,2.342500000000000000e+02,2.773600000000000000e+06
2.008102000000000000e+07,2.365000000000000000e+02,2.487500000000000000e+02,2.050000000000000000e+02,2.080000000000000000e+02,1.835000000000000000e+06
2.008102700000000000e+07,2.095000000000000000e+02,2.625000000000000000e+02,1.862500000000000000e+02,2.615009999999999764e+02,2.048600000000000000e+06
2.008110300000000000e+07,2.640000000000000000e+02,2.730000000000000000e+02,2.445000000000000000e+02,2.600000000000000000e+02,3.076700000000000000e+06
2.008111000000000000e+07,2.650000000000000000e+02,2.657500000000000000e+02,2.197500000000000000e+02,2.317500000000000000e+02,1.877000000000000000e+06
2.008111700000000000e+07,2.322500000000000000e+02,2.425000000000000000e+02,2.092500000000000000e+02,2.250000000000000000e+02,9.196000000000000000e+05
2.008112400000000000e+07,2.265000000000000000e+02,2.637500000000000000e+02,2.265000000000000000e+02,2.560000000000000000e+02,1.296700000000000000e+06
2.008120100000000000e+07,2.540000000000000000e+02,2.770000000000000000e+02,2.540000000000000000e+02,2.607500000000000000e+02,1.608500000000000000e+06
2.008120800000000000e+07,2.700000000000000000e+02,2.720000000000000000e+02,2.379960021972656250e+02,2.642500000000000000e+02,3.870200000000000000e+06
2.008121500000000000e+07,2.670000000000000000e+02,2.852500000000000000e+02,2.620000000000000000e+02,2.840009999999999764e+02,2.150300000000000000e+06
2.008122200000000000e+07,2.780000000000000000e+02,2.855000000000000000e+02,2.735000000000000000e+02,2.775000000000000000e+02,3.726000000000000000e+05
2.008122900000000000e+07,2.750009999999999764e+02,2.945000000000000000e+02,2.750010070800781250e+02,2.860000000000000000e+02,4.349000000000000000e+05
2.009010500000000000e+07,2.880000000000000000e+02,3.190000000000000000e+02,2.842500000000000000e+02,2.920000000000000000e+02,2.448100000000000000e+06
2.009011200000000000e+07,2.935000000000000000e+02,3.007500000000000000e+02,2.715000000000000000e+02,2.717500000000000000e+02,2.635100000000000000e+06
2.009011900000000000e+07,2.777500000000000000e+02,3.050000000000000000e+02,2.642500000000000000e+02,3.050000000000000000e+02,2.086700000000000000e+06
2.009012600000000000e+07,3.030000000000000000e+02,3.095000000000000000e+02,2.925000000000000000e+02,3.030000000000000000e+02,2.620700000000000000e+06
2.009020200000000000e+07,3.037500000000000000e+02,3.220499877929687500e+02,2.910000000000000000e+02,3.137500000000000000e+02,4.717000000000000000e+05
2.009020900000000000e+07,3.100000000000000000e+02,3.182500000000000000e+02,2.907500000000000000e+02,2.960000000000000000e+02,3.008900000000000000e+06
2.009021600000000000e+07,2.992500000000000000e+02,2.992500000000000000e+02,2.600000000000000000e+02,2.667500000000000000e+02,5.122600000000000000e+06
2.009022300000000000e+07,2.655000000000000000e+02,2.900000000000000000e+02,2.575000000000000000e+02,2.855000000000000000e+02,4.169900000000000000e+06
2.009030200000000000e+07,2.832500000000000000e+02,2.990000000000000000e+02,2.677500000000000000e+02,2.737500000000000000e+02,2.620000000000000000e+06
2.009030900000000000e+07,2.722500000000000000e+02,2.997500000000000000e+02,2.700000000000000000e+02,2.970000000000000000e+02,3.053700000000000000e+06
2.009031600000000000e+07,2.997500000000000000e+02,3.017500000000000000e+02,2.750010070800781250e+02,2.892500000000000000e+02,2.405600000000000000e+06
2.009032300000000000e+07,2.905000000000000000e+02,3.030000000000000000e+02,2.800000000000000000e+02,3.010000000000000000e+02,1.627700000000000000e+06
2.009033000000000000e+07,3.010000000000000000e+02,3.352500000000000000e+02,2.950000000000000000e+02,3.257500000000000000e+02,2.084600000000000000e+06
2.009040600000000000e+07,3.220000000000000000e+02,3.615000000000000000e+02,3.140000000000000000e+02,3.310000000000000000e+02,2.543600000000000000e+06
2.009041300000000000e+07,3.310000000000000000e+02,3.342500000000000000e+02,3.065010070800781250e+02,3.287500000000000000e+02,2.850100000000000000e+06
2.009042000000000000e+07,3.240000000000000000e+02,3.295700073242187500e+02,3.032500000000000000e+02,3.090000000000000000e+02,2.214100000000000000e+06
2.009042700000000000e+07,3.077500000000000000e+02,3.237500000000000000e+02,3.052500000000000000e+02,3.227500000000000000e+02,1.749300000000000000e+06
2.009050400000000000e+07,3.227500000000000000e+02,4.277500000000000000e+02,3.227500000000000000e+02,4.090000000000000000e+02,6.265200000000000000e+06
2.009051100000000000e+07,4.147500000000000000e+02,4.172500000000000000e+02,3.865000000000000000e+02,3.997509999999999764e+02,2.389000000000000000e+06
2.009051800000000000e+07,3.942500000000000000e+02,4.542500000000000000e+02,3.910000000000000000e+02,4.000000000000000000e+02,2.941400000000000000e+06
2.009052500000000000e+07,4.000000000000000000e+02,4.025000000000000000e+02,3.865000000000000000e+02,3.952509999999999764e+02,1.750400000000000000e+06
2.009060100000000000e+07,3.960000000000000000e+02,4.027500000000000000e+02,3.497500000000000000e+02,3.855000000000000000e+02,4.078300000000000000e+06
2.009060800000000000e+07,3.797500000000000000e+02,3.940010070800781250e+02,3.668800048828125000e+02,3.757500000000000000e+02,1.751300000000000000e+06
2.009061500000000000e+07,3.737500000000000000e+02,4.047500000000000000e+02,3.650000000000000000e+02,3.977500000000000000e+02,6.143400000000000000e+06
2.009062200000000000e+07,3.945000000000000000e+02,3.960000000000000000e+02,3.615000000000000000e+02,3.700000000000000000e+02,3.972300000000000000e+06
2.009062900000000000e+07,3.677500000000000000e+02,3.800000000000000000e+02,3.538720092773437500e+02,3.660000000000000000e+02,1.692400000000000000e+06
2.009070600000000000e+07,3.630000000000000000e+02,3.728999938964843750e+02,3.494440002441406250e+02,3.572500000000000000e+02,1.574700000000000000e+06
2.009071300000000000e+07,3.527500000000000000e+02,3.697560119628906250e+02,3.467500000000000000e+02,3.552500000000000000e+02,1.424000000000000000e+06
2.009072000000000000e+07,3.482500000000000000e+02,4.155499877929687500e+02,3.482500000000000000e+02,4.005000000000000000e+02,3.327300000000000000e+06
2.009072700000000000e+07,4.050000000000000000e+02,4.077500000000000000e+02,3.822500000000000000e+02,4.035000000000000000e+02,1.692800000000000000e+06
2.009080300000000000e+07,4.065000000000000000e+02,4.319010009765625000e+02,3.927999877929687500e+02,4.145000000000000000e+02,1.233300000000000000e+06
2.009081000000000000e+07,4.107010000000000218e+02,4.146889953613281250e+02,3.720000000000000000e+02,3.876000000000000227e+02,2.915900000000000000e+06
2.009081700000000000e+07,3.778000000000000114e+02,4.043999938964843750e+02,3.750000000000000000e+02,3.936999999999999886e+02,9.199000000000000000e+05
2.009082400000000000e+07,3.936999999999999886e+02,3.968999938964843750e+02,3.756000061035156250e+02,3.780000000000000000e+02,1.130300000000000000e+06
2.009083100000000000e+07,3.780000000000000000e+02,3.848999938964843750e+02,3.620109863281250000e+02,3.848999999999999773e+02,2.806100000000000000e+06
2.009090700000000000e+07,3.850009999999999764e+02,3.891000061035156250e+02,3.270000000000000000e+02,3.390000000000000000e+02,1.295850000000000000e+07
2.009091400000000000e+07,3.350000000000000000e+02,3.421539916992187500e+02,3.008999938964843750e+02,3.015000000000000000e+02,7.791700000000000000e+06
2.009092100000000000e+07,3.120000000000000000e+02,3.464179992675781250e+02,3.080199890136718750e+02,3.421000000000000227e+02,1.190090000000000000e+07
2.009092800000000000e+07,3.440000000000000000e+02,3.603900146484375000e+02,3.352999877929687500e+02,3.403999999999999773e+02,7.769900000000000000e+06
2.009100500000000000e+07,3.386000000000000227e+02,3.697000122070312500e+02,3.344169921875000000e+02,3.680000000000000000e+02,5.116900000000000000e+06
2.009101200000000000e+07,3.700000000000000000e+02,3.720000000000000000e+02,3.602999877929687500e+02,3.640000000000000000e+02,5.357300000000000000e+06
2.009101900000000000e+07,3.653000000000000114e+02,3.765000000000000000e+02,3.597000122070312500e+02,3.670009999999999764e+02,2.339100000000000000e+06
2.009102600000000000e+07,3.695000000000000000e+02,3.695000000000000000e+02,3.345000000000000000e+02,3.378999999999999773e+02,3.784700000000000000e+06
2.009110200000000000e+07,3.356000000000000227e+02,3.452999877929687500e+02,3.340000000000000000e+02,3.396000000000000227e+02,1.750700000000000000e+06
2.009110900000000000e+07,3.438009999999999877e+02,4.258999938964843750e+02,3.414219970703125000e+02,4.168999999999999773e+02,4.583000000000000000e+06
2.009111600000000000e+07,4.210009999999999764e+02,4.380000000000000000e+02,4.082000122070312500e+02,4.156999999999999886e+02,2.361800000000000000e+06
2.009112300000000000e+07,4.200000000000000000e+02,4.253999938964843750e+02,4.055360107421875000e+02,4.191009999999999991e+02,1.654200000000000000e+06
2.009113000000000000e+07,4.153999999999999773e+02,4.375000000000000000e+02,4.068009948730468750e+02,4.300009999999999764e+02,1.610500000000000000e+06
2.009120700000000000e+07,4.253000000000000114e+02,4.510000000000000000e+02,4.186000061035156250e+02,4.440000000000000000e+02,2.659000000000000000e+06
2.009121400000000000e+07,4.401000000000000227e+02,4.697999877929687500e+02,4.400000000000000000e+02,4.600000000000000000e+02,2.331100000000000000e+06
2.009122100000000000e+07,4.634010000000000105e+02,4.634010009765625000e+02,4.477739868164062500e+02,4.585000000000000000e+02,3.634000000000000000e+05
2.010010400000000000e+07,4.493009999999999877e+02,4.915000000000000000e+02,4.480010070800781250e+02,4.900000000000000000e+02,1.672100000000000000e+06
2.010011100000000000e+07,4.891009999999999991e+02,5.055000000000000000e+02,4.860010070800781250e+02,4.988999999999999773e+02,1.867500000000000000e+06
2.010011800000000000e+07,4.955000000000000000e+02,5.065010070800781250e+02,4.943999938964843750e+02,4.991000000000000227e+02,1.476200000000000000e+06
2.010012500000000000e+07,4.962010000000000218e+02,5.185000000000000000e+02,4.938450012207031250e+02,5.120000000000000000e+02,1.546700000000000000e+06
2.010020100000000000e+07,5.100000000000000000e+02,5.390000000000000000e+02,4.812999877929687500e+02,4.855000000000000000e+02,4.651000000000000000e+06
2.010020800000000000e+07,4.858000000000000114e+02,4.857999877929687500e+02,4.523999938964843750e+02,4.651000000000000227e+02,2.503900000000000000e+06
2.010021500000000000e+07,4.638000000000000114e+02,4.762000122070312500e+02,4.551010131835937500e+02,4.692010000000000218e+02,1.034200000000000000e+06
2.010022200000000000e+07,4.743009999999999877e+02,4.791650085449218750e+02,4.610000000000000000e+02,4.721000000000000227e+02,7.603000000000000000e+05
2.010030100000000000e+07,4.696999999999999886e+02,5.260000000000000000e+02,4.680010070800781250e+02,5.260000000000000000e+02,8.659000000000000000e+05
2.010030800000000000e+07,4.976000000000000227e+02,5.040010070800781250e+02,4.802009887695312500e+02,5.010000000000000000e+02,7.920000000000000000e+05
2.010031500000000000e+07,4.978000000000000114e+02,5.130009765625000000e+02,4.925000000000000000e+02,5.110009999999999764e+02,2.584900000000000000e+06
2.010032200000000000e+07,5.090000000000000000e+02,5.115000000000000000e+02,4.915000000000000000e+02,4.955000000000000000e+02,1.263600000000000000e+06
2.010032900000000000e+07,5.000000000000000000e+02,5.230000000000000000e+02,4.902000122070312500e+02,5.160000000000000000e+02,1.683500000000000000e+06
2.010040500000000000e+07,5.160000000000000000e+02,5.440000000000000000e+02,5.160000000000000000e+02,5.385000000000000000e+02,1.321900000000000000e+06
2.010041200000000000e+07,5.370000000000000000e+02,5.430000000000000000e+02,5.190000000000000000e+02,5.340000000000000000e+02,2.210700000000000000e+06
2.010041900000000000e+07,5.305000000000000000e+02,5.480000000000000000e+02,5.170000000000000000e+02,5.430000000000000000e+02,1.576500000000000000e+06
2.010042600000000000e+07,5.440000000000000000e+02,5.500000000000000000e+02,5.210000000000000000e+02,5.260000000000000000e+02,1.458700000000000000e+06
2.010050300000000000e+07,5.260000000000000000e+02,5.260000000000000000e+02,4.857999877929687500e+02,4.937010000000000218e+02,1.733100000000000000e+06
2.010051000000000000e+07,5.075000000000000000e+02,5.230000000000000000e+02,4.943009948730468750e+02,5.040009999999999764e+02,2.950200000000000000e+06
2.010051700000000000e+07,4.971000000000000227e+02,5.070000000000000000e+02,4.656000061035156250e+02,4.744010000000000105e+02,1.601900000000000000e+06
2.010052400000000000e+07,4.825000000000000000e+02,4.862999877929687500e+02,4.550000000000000000e+02,4.758000000000000114e+02,2.383500000000000000e+06
2.010053100000000000e+07,4.758000000000000114e+02,5.130009765625000000e+02,4.680010070800781250e+02,4.898009999999999877e+02,1.469700000000000000e+06
2.010060700000000000e+07,4.903000000000000114e+02,5.215000000000000000e+02,4.752000122070312500e+02,5.185000000000000000e+02,1.860100000000000000e+06
2.010061400000000000e+07,5.180000000000000000e+02,5.475000000000000000e+02,5.180000000000000000e+02,5.340000000000000000e+02,2.378400000000000000e+06
2.010062100000000000e+07,5.440000000000000000e+02,5.475000000000000000e+02,4.362999877929687500e+02,4.363000000000000114e+02,7.092400000000000000e+06
2.010062800000000000e+07,4.336999999999999886e+02,4.380000000000000000e+02,3.963999938964843750e+02,4.370000000000000000e+02,8.877400000000000000e+06
2.010070500000000000e+07,4.365000000000000000e+02,4.455000000000000000e+02,4.281010131835937500e+02,4.406000000000000227e+02,3.642200000000000000e+06
2.010071200000000000e+07,4.443000000000000114e+02,4.568999938964843750e+02,4.279700012207031250e+02,4.390009999999999764e+02,2.293400000000000000e+06
2.010071900000000000e+07,4.428000000000000114e+02,4.427999877929687500e+02,4.121000061035156250e+02,4.200000000000000000e+02,2.707900000000000000e+06
2.010072600000000000e+07,4.258999999999999773e+02,4.285000000000000000e+02,4.116000061035156250e+02,4.133009999999999877e+02,2.041300000000000000e+06
2.010080200000000000e+07,4.186000000000000227e+02,4.315610046386718750e+02,4.132000122070312500e+02,4.215000000000000000e+02,3.625000000000000000e+06
2.010080900000000000e+07,4.240000000000000000e+02,4.268009948730468750e+02,2.800000000000000000e+02,2.840009999999999764e+02,1.682080000000000000e+07
2.010081600000000000e+07,2.885000000000000000e+02,2.885000000000000000e+02,2.722000122070312500e+02,2.836000000000000227e+02,1.020130000000000000e+07
2.010082300000000000e+07,2.848000000000000114e+02,2.958999938964843750e+02,2.791000061035156250e+02,2.928000000000000114e+02,5.114500000000000000e+06
2.010083000000000000e+07,2.928000000000000114e+02,3.170000000000000000e+02,2.877999877929687500e+02,3.158000000000000114e+02,2.729600000000000000e+06
2.010090600000000000e+07,3.140000000000000000e+02,3.675000000000000000e+02,3.123999938964843750e+02,3.603999999999999773e+02,6.721100000000000000e+06
2.010091300000000000e+07,3.603999999999999773e+02,3.725000000000000000e+02,3.591000061035156250e+02,3.676999999999999886e+02,3.824900000000000000e+06
2.010092000000000000e+07,3.678000000000000114e+02,3.781700134277343750e+02,3.597000122070312500e+02,3.660000000000000000e+02,2.834400000000000000e+06
2.010092700000000000e+07,3.726000000000000227e+02,3.905000000000000000e+02,3.635000000000000000e+02,3.840000000000000000e+02,6.214000000000000000e+06
2.010100400000000000e+07,3.845000000000000000e+02,3.862000122070312500e+02,3.616000061035156250e+02,3.680000000000000000e+02,6.711300000000000000e+06
2.010101100000000000e+07,3.665000000000000000e+02,4.047999877929687500e+02,3.665000000000000000e+02,3.850009999999999764e+02,3.853600000000000000e+06
2.010101800000000000e+07,3.811009999999999991e+02,4.137000122070312500e+02,3.738599853515625000e+02,4.115000000000000000e+02,5.921800000000000000e+06
2.010102500000000000e+07,4.115000000000000000e+02,4.123999938964843750e+02,3.675000000000000000e+02,3.818009999999999877e+02,4.195200000000000000e+06
2.010110100000000000e+07,3.858999999999999773e+02,3.858999938964843750e+02,3.668999938964843750e+02,3.698999999999999773e+02,2.905000000000000000e+06
2.010110800000000000e+07,3.723999999999999773e+02,3.800000000000000000e+02,3.332999877929687500e+02,3.391000000000000227e+02,8.634900000000000000e+06
2.010111500000000000e+07,3.376999999999999886e+02,3.448999938964843750e+02,3.211000061035156250e+02,3.433999999999999773e+02,4.516000000000000000e+06
2.010112200000000000e+07,3.431000000000000227e+02,3.511000061035156250e+02,3.275000000000000000e+02,3.336999999999999886e+02,2.699900000000000000e+06
2.010112900000000000e+07,3.370000000000000000e+02,3.653999938964843750e+02,3.254800109863281250e+02,3.560000000000000000e+02,5.869800000000000000e+06
2.010120600000000000e+07,3.591999999999999886e+02,3.902000122070312500e+02,3.552000122070312500e+02,3.861999999999999886e+02,1.019170000000000000e+07
2.010121300000000000e+07,3.851000000000000227e+02,4.198999938964843750e+02,3.851000061035156250e+02,4.150000000000000000e+02,6.603200000000000000e+06
2.010122000000000000e+07,4.131999999999999886e+02,4.151000061035156250e+02,3.861000061035156250e+02,3.940009999999999764e+02,2.725400000000000000e+06
2.010122700000000000e+07,3.940009999999999764e+02,4.022999877929687500e+02,3.820000000000000000e+02,3.933009999999999877e+02,2.041700000000000000e+06
2.011011000000000000e+07,3.963000000000000114e+02,4.133999938964843750e+02,3.905000000000000000e+02,4.013999999999999773e+02,3.019400000000000000e+06
2.011011700000000000e+07,4.049010000000000105e+02,4.095000000000000000e+02,3.951000061035156250e+02,3.986000000000000227e+02,2.327000000000000000e+06
2.011012400000000000e+07,3.988999999999999773e+02,4.235000000000000000e+02,3.950000000000000000e+02,4.138000000000000114e+02,1.770000000000000000e+06
2.011013100000000000e+07,4.135000000000000000e+02,4.290000000000000000e+02,4.052000122070312500e+02,4.071999999999999886e+02,1.278800000000000000e+06
2.011020700000000000e+07,4.071999999999999886e+02,4.220000000000000000e+02,4.053999938964843750e+02,4.086000000000000227e+02,1.976000000000000000e+06
2.011021400000000000e+07,4.118000000000000114e+02,4.147999877929687500e+02,2.451000061035156250e+02,2.930009999999999764e+02,1.916070000000000000e+07
2.011022100000000000e+07,2.906000000000000227e+02,2.960000000000000000e+02,2.738999938964843750e+02,2.888000000000000114e+02,3.388600000000000000e+06
2.011022800000000000e+07,2.876999999999999886e+02,3.246000061035156250e+02,2.805000000000000000e+02,3.026000000000000227e+02,8.225500000000000000e+06
2.011030700000000000e+07,3.048000000000000114e+02,3.195000000000000000e+02,3.017999877929687500e+02,3.171999999999999886e+02,3.549700000000000000e+06
2.011031400000000000e+07,3.161000000000000227e+02,3.200010070800781250e+02,2.920000000000000000e+02,2.963000000000000114e+02,3.408800000000000000e+06
2.011032100000000000e+07,3.008999999999999773e+02,3.177999877929687500e+02,2.960000000000000000e+02,3.086000000000000227e+02,2.173500000000000000e+06
2.011032800000000000e+07,3.118000000000000114e+02,3.197000122070312500e+02,3.107999877929687500e+02,3.180000000000000000e+02,6.255100000000000000e+06
2.011040400000000000e+07,3.176000000000000227e+02,3.320000000000000000e+02,3.167319946289062500e+02,3.270000000000000000e+02,1.618100000000000000e+06
2.011041100000000000e+07,3.281000000000000227e+02,3.287999877929687500e+02,2.611000061035156250e+02,2.918000000000000114e+02,8.315000000000000000e+06
2.011041800000000000e+07,2.900000000000000000e+02,3.800000000000000000e+02,2.900000000000000000e+02,3.608000000000000114e+02,1.618240000000000000e+07
2.011050900000000000e+07,3.725000000000000000e+02,3.947000122070312500e+02,3.622999877929687500e+02,3.730000000000000000e+02,2.621200000000000000e+06
2.011051600000000000e+07,3.731000000000000227e+02,4.072999877929687500e+02,3.566000061035156250e+02,3.986000000000000227e+02,4.065000000000000000e+06
2.011052300000000000e+07,3.943999999999999773e+02,3.998999938964843750e+02,3.685000000000000000e+02,3.718000000000000114e+02,4.003400000000000000e+06
2.011060600000000000e+07,3.818999999999999773e+02,3.843999938964843750e+02,3.682999877929687500e+02,3.760009999999999764e+02,2.662200000000000000e+06
2.011061300000000000e+07,3.771000000000000227e+02,3.807000122070312500e+02,3.457999877929687500e+02,3.600000000000000000e+02,4.586100000000000000e+06
2.011062000000000000e+07,3.603999999999999773e+02,3.652000122070312500e+02,3.191000061035156250e+02,3.263999999999999773e+02,3.948700000000000000e+06
2.011062700000000000e+07,3.258009999999999877e+02,3.453999938964843750e+02,3.258009948730468750e+02,3.395000000000000000e+02,2.296100000000000000e+06
2.011070400000000000e+07,3.398999999999999773e+02,3.580000000000000000e+02,3.365000000000000000e+02,3.460000000000000000e+02,1.796400000000000000e+06
2.011071100000000000e+07,3.480000000000000000e+02,3.480000000000000000e+02,3.075000000000000000e+02,3.138999999999999773e+02,2.046700000000000000e+06
2.011071800000000000e+07,3.116000000000000227e+02,3.130000000000000000e+02,2.948999938964843750e+02,3.033999999999999773e+02,2.770300000000000000e+06
2.011072500000000000e+07,3.070000000000000000e+02,3.070000000000000000e+02,2.860000000000000000e+02,2.900000000000000000e+02,1.569300000000000000e+06
2.011080100000000000e+07,2.926000000000000227e+02,2.976000061035156250e+02,2.356000061035156250e+02,2.500000000000000000e+02,4.307300000000000000e+06
2.011080800000000000e+07,2.485999999999999943e+02,3.115000000000000000e+02,2.263000030517578125e+02,3.056999999999999886e+02,4.713600000000000000e+06
2.011081500000000000e+07,3.071999999999999886e+02,3.130000000000000000e+02,2.516000061035156250e+02,2.630000000000000000e+02,3.137600000000000000e+06
2.011082200000000000e+07,2.420000000000000000e+02,2.932000122070312500e+02,2.301999969482421875e+02,2.931999999999999886e+02,6.194900000000000000e+06
2.011090500000000000e+07,3.053000000000000114e+02,3.395000000000000000e+02,2.985520019531250000e+02,3.295000000000000000e+02,1.218040000000000000e+07
2.011091200000000000e+07,3.248000000000000114e+02,3.427000122070312500e+02,3.177999877929687500e+02,3.240000000000000000e+02,2.295000000000000000e+06
2.011091900000000000e+07,3.210000000000000000e+02,3.350000000000000000e+02,3.063999938964843750e+02,3.156999999999999886e+02,3.158400000000000000e+06
2.011092600000000000e+07,3.153000000000000114e+02,3.496010131835937500e+02,3.113999938964843750e+02,3.239010000000000105e+02,2.634100000000000000e+06
2.011100300000000000e+07,3.173999999999999773e+02,3.464010009765625000e+02,2.998999938964843750e+02,3.341000000000000227e+02,1.711900000000000000e+06
2.011101000000000000e+07,3.381999999999999886e+02,3.466000061035156250e+02,3.263999938964843750e+02,3.448999999999999773e+02,1.663400000000000000e+06
2.011101700000000000e+07,3.470000000000000000e+02,3.509010009765625000e+02,3.227999877929687500e+02,3.376000000000000227e+02,1.409000000000000000e+06
2.011102400000000000e+07,3.403000000000000114e+02,3.515000000000000000e+02,3.273999938964843750e+02,3.411000000000000227e+02,9.547000000000000000e+05
2.011103100000000000e+07,3.406999999999999886e+02,3.467999877929687500e+02,3.268999938964843750e+02,3.431000000000000227e+02,1.169600000000000000e+06
2.011110700000000000e+07,3.421999999999999886e+02,3.586010131835937500e+02,3.352000122070312500e+02,3.545000000000000000e+02,9.957000000000000000e+05
2.011111400000000000e+07,3.571999999999999886e+02,3.779010009765625000e+02,3.491000061035156250e+02,3.600000000000000000e+02,2.212900000000000000e+06
2.011112100000000000e+07,3.586999999999999886e+02,3.630000000000000000e+02,3.382000122070312500e+02,3.578999999999999773e+02,1.228800000000000000e+06
2.011112800000000000e+07,3.605009999999999764e+02,3.802999877929687500e+02,3.538999938964843750e+02,3.803000000000000114e+02,1.792300000000000000e+06
2.011120500000000000e+07,3.803000000000000114e+02,4.175000000000000000e+02,3.756000061035156250e+02,3.803999999999999773e+02,3.006100000000000000e+06
2.011121200000000000e+07,3.781000000000000227e+02,3.882999877929687500e+02,3.592000122070312500e+02,3.678999999999999773e+02,3.880400000000000000e+06
2.011121900000000000e+07,3.646000000000000227e+02,3.798999938964843750e+02,3.602999877929687500e+02,3.771000000000000227e+02,1.123600000000000000e+06
2.011122600000000000e+07,3.771000000000000227e+02,3.897999877929687500e+02,3.737999877929687500e+02,3.861999999999999886e+02,3.563000000000000000e+05
2.012010200000000000e+07,3.861999999999999886e+02,4.058999938964843750e+02,3.820000000000000000e+02,3.993000000000000114e+02,1.644500000000000000e+06
2.012010900000000000e+07,3.983000000000000114e+02,4.340000000000000000e+02,3.972999877929687500e+02,4.260000000000000000e+02,3.730900000000000000e+06
2.012011600000000000e+07,4.238999999999999773e+02,4.587000122070312500e+02,4.152999877929687500e+02,4.550000000000000000e+02,2.181600000000000000e+06
2.012012300000000000e+07,4.540000000000000000e+02,4.540000000000000000e+02,4.340000000000000000e+02,4.365000000000000000e+02,2.050200000000000000e+06
2.012013000000000000e+07,4.361000000000000227e+02,4.567000122070312500e+02,4.177000122070312500e+02,4.460000000000000000e+02,2.638700000000000000e+06
2.012020600000000000e+07,4.528000000000000114e+02,4.527999877929687500e+02,4.347000122070312500e+02,4.450000000000000000e+02,1.401500000000000000e+06
2.012021300000000000e+07,4.446000000000000227e+02,4.634309997558593750e+02,4.368999938964843750e+02,4.550000000000000000e+02,2.084100000000000000e+06
2.012022000000000000e+07,4.550000000000000000e+02,4.570000000000000000e+02,4.416000061035156250e+02,4.431000000000000227e+02,1.785000000000000000e+06
2.012022700000000000e+07,4.458000000000000114e+02,4.563999938964843750e+02,4.361000061035156250e+02,4.540000000000000000e+02,1.621700000000000000e+06
2.012030500000000000e+07,4.520000000000000000e+02,4.568999938964843750e+02,4.410000000000000000e+02,4.531000000000000227e+02,2.150200000000000000e+06
2.012031200000000000e+07,4.538000000000000114e+02,4.772000122070312500e+02,4.520000000000000000e+02,4.551000000000000227e+02,1.912600000000000000e+06
2.012031900000000000e+07,4.578999999999999773e+02,4.721000061035156250e+02,4.445000000000000000e+02,4.533000000000000114e+02,2.064300000000000000e+06
2.012032600000000000e+07,4.536000000000000227e+02,4.771000061035156250e+02,4.487999877929687500e+02,4.730000000000000000e+02,1.759000000000000000e+06
2.012040200000000000e+07,4.723000000000000114e+02,4.750000000000000000e+02,4.513999938964843750e+02,4.700000000000000000e+02,1.155200000000000000e+06
2.012040900000000000e+07,4.700000000000000000e+02,4.817999877929687500e+02,4.615000000000000000e+02,4.766999999999999886e+02,1.642800000000000000e+06
2.012041600000000000e+07,4.745000000000000000e+02,4.788999938964843750e+02,4.580000000000000000e+02,4.625000000000000000e+02,1.795800000000000000e+06
2.012042300000000000e+07,4.608999999999999773e+02,4.741000061035156250e+02,4.512999877929687500e+02,4.713000000000000114e+02,1.889600000000000000e+06
2.012043000000000000e+07,4.746000000000000227e+02,4.746000061035156250e+02,4.492000122070312500e+02,4.500000000000000000e+02,1.835900000000000000e+06
2.012050700000000000e+07,4.500000000000000000e+02,4.703999938964843750e+02,4.214200134277343750e+02,4.688999999999999773e+02,1.649600000000000000e+06
2.012051400000000000e+07,4.681999999999999886e+02,4.682000122070312500e+02,4.358999938964843750e+02,4.358999999999999773e+02,1.737300000000000000e+06
2.012052100000000000e+07,4.350000000000000000e+02,4.490000000000000000e+02,4.236029968261718750e+02,4.463000000000000114e+02,1.668000000000000000e+06
2.012052800000000000e+07,4.461000000000000227e+02,4.535000000000000000e+02,4.286000061035156250e+02,4.311999999999999886e+02,1.361900000000000000e+06
2.012060400000000000e+07,4.311999999999999886e+02,4.476000061035156250e+02,4.311000061035156250e+02,4.443000000000000114e+02,9.030000000000000000e+05
2.012061100000000000e+07,4.525000000000000000e+02,4.525000000000000000e+02,4.275580139160156250e+02,4.331000000000000227e+02,1.288500000000000000e+06
2.012061800000000000e+07,4.445000000000000000e+02,4.885490112304687500e+02,4.343999938964843750e+02,4.885000000000000000e+02,2.601100000000000000e+06
2.012062500000000000e+07,4.885000000000000000e+02,5.400000000000000000e+02,4.885000000000000000e+02,5.305000000000000000e+02,3.136300000000000000e+06
2.012070200000000000e+07,5.310000000000000000e+02,5.500000000000000000e+02,5.310000000000000000e+02,5.490000000000000000e+02,2.807900000000000000e+06
2.012070900000000000e+07,5.475000000000000000e+02,5.540000000000000000e+02,5.275200195312500000e+02,5.350000000000000000e+02,2.454200000000000000e+06
2.012071600000000000e+07,5.365000000000000000e+02,5.480000000000000000e+02,5.305000000000000000e+02,5.480000000000000000e+02,2.943200000000000000e+06
2.012072300000000000e+07,5.430000000000000000e+02,5.480000000000000000e+02,5.295000000000000000e+02,5.425000000000000000e+02,2.275000000000000000e+06
2.012073000000000000e+07,5.450000000000000000e+02,5.480000000000000000e+02,5.240000000000000000e+02,5.440000000000000000e+02,1.227300000000000000e+06
2.012080600000000000e+07,5.450000000000000000e+02,5.450000000000000000e+02,5.320000000000000000e+02,5.365000000000000000e+02,7.136000000000000000e+05
2.012081300000000000e+07,5.310000000000000000e+02,5.592449951171875000e+02,5.280000000000000000e+02,5.495000000000000000e+02,1.650800000000000000e+06
2.012082000000000000e+07,5.515000000000000000e+02,5.760000000000000000e+02,5.485000000000000000e+02,5.525000000000000000e+02,1.447300000000000000e+06
2.012082700000000000e+07,5.525000000000000000e+02,5.615000000000000000e+02,5.310000000000000000e+02,5.430000000000000000e+02,8.755000000000000000e+05
2.012090300000000000e+07,5.350000000000000000e+02,5.490000000000000000e+02,5.342100219726562500e+02,5.415000000000000000e+02,1.056400000000000000e+06
2.012091000000000000e+07,5.395000000000000000e+02,5.790000000000000000e+02,5.370000000000000000e+02,5.760000000000000000e+02,1.693200000000000000e+06
2.012091700000000000e+07,5.725000000000000000e+02,5.780000000000000000e+02,5.605000000000000000e+02,5.780000000000000000e+02,2.918400000000000000e+06
2.012092400000000000e+07,5.780000000000000000e+02,5.930000000000000000e+02,5.770000000000000000e+02,5.895000000000000000e+02,1.398800000000000000e+06
2.012100100000000000e+07,5.880000000000000000e+02,5.950000000000000000e+02,5.785000000000000000e+02,5.905000000000000000e+02,1.028600000000000000e+06
2.012100800000000000e+07,5.865000000000000000e+02,5.925000000000000000e+02,5.680000000000000000e+02,5.720000000000000000e+02,6.073000000000000000e+05
2.012101500000000000e+07,5.740000000000000000e+02,5.750000000000000000e+02,5.502369995117187500e+02,5.655000000000000000e+02,7.506000000000000000e+05
2.012102200000000000e+07,5.665000000000000000e+02,5.695000000000000000e+02,5.480000000000000000e+02,5.620000000000000000e+02,7.832000000000000000e+05
2.012102900000000000e+07,5.620000000000000000e+02,5.994520263671875000e+02,5.525000000000000000e+02,5.935000000000000000e+02,7.193000000000000000e+05
2.012110500000000000e+07,5.895000000000000000e+02,5.962500000000000000e+02,5.645000000000000000e+02,5.750000000000000000e+02,7.090000000000000000e+05
2.012111200000000000e+07,5.760000000000000000e+02,5.835000000000000000e+02,5.575000000000000000e+02,5.655000000000000000e+02,6.432000000000000000e+05
2.012111900000000000e+07,5.800000000000000000e+02,5.895000000000000000e+02,5.615000000000000000e+02,5.875000000000000000e+02,7.831000000000000000e+05
2.012112600000000000e+07,5.850000000000000000e+02,5.885000000000000000e+02,5.571099853515625000e+02,5.730000000000000000e+02,1.020900000000000000e+06
2.012120300000000000e+07,5.780000000000000000e+02,5.845590209960937500e+02,5.540000000000000000e+02,5.605000000000000000e+02,2.104200000000000000e+06
2.012121000000000000e+07,5.610000000000000000e+02,5.610729980468750000e+02,5.325000000000000000e+02,5.485000000000000000e+02,1.400300000000000000e+06
2.012121700000000000e+07,5.445000000000000000e+02,5.790000000000000000e+02,5.430200195312500000e+02,5.700000000000000000e+02,1.343800000000000000e+06
2.012122400000000000e+07,5.720000000000000000e+02,5.820000000000000000e+02,5.693800048828125000e+02,5.800000000000000000e+02,2.793000000000000000e+05
2.012123100000000000e+07,5.780000000000000000e+02,5.875999755859375000e+02,5.715000000000000000e+02,5.760000000000000000e+02,5.918000000000000000e+05
2.013010700000000000e+07,5.760000000000000000e+02,6.160000000000000000e+02,5.740000000000000000e+02,6.100000000000000000e+02,1.178300000000000000e+06
2.013011400000000000e+07,6.120000000000000000e+02,6.228499755859375000e+02,5.960000000000000000e+02,6.165000000000000000e+02,8.623000000000000000e+05
2.013012100000000000e+07,6.145000000000000000e+02,6.335000000000000000e+02,6.030000000000000000e+02,6.335000000000000000e+02,9.261000000000000000e+05
2.013012800000000000e+07,6.305000000000000000e+02,6.350000000000000000e+02,6.021779785156250000e+02,6.230000000000000000e+02,1.165000000000000000e+06
2.013020400000000000e+07,6.255000000000000000e+02,6.409119873046875000e+02,6.165000000000000000e+02,6.390000000000000000e+02,8.188000000000000000e+05
2.013021100000000000e+07,6.395000000000000000e+02,6.770000000000000000e+02,6.265000000000000000e+02,6.755000000000000000e+02,1.252200000000000000e+06
2.013021800000000000e+07,6.825000000000000000e+02,6.825000000000000000e+02,6.365000000000000000e+02,6.660000000000000000e+02,9.640000000000000000e+05
2.013022500000000000e+07,6.660000000000000000e+02,6.970209960937500000e+02,6.555000000000000000e+02,6.940000000000000000e+02,6.877000000000000000e+05
2.013030400000000000e+07,6.910000000000000000e+02,7.080000000000000000e+02,6.700000000000000000e+02,7.005000000000000000e+02,5.221000000000000000e+05
2.013031100000000000e+07,6.990000000000000000e+02,7.050000000000000000e+02,6.788410034179687500e+02,6.935000000000000000e+02,1.055200000000000000e+06
2.013031800000000000e+07,6.860000000000000000e+02,7.025000000000000000e+02,6.580000000000000000e+02,6.800000000000000000e+02,7.102000000000000000e+05
2.013032500000000000e+07,6.905000000000000000e+02,7.030000000000000000e+02,6.669219970703125000e+02,6.855000000000000000e+02,6.390000000000000000e+05
2.013040100000000000e+07,6.855000000000000000e+02,7.060000000000000000e+02,6.395000000000000000e+02,6.510000000000000000e+02,7.104000000000000000e+05
2.013040800000000000e+07,6.515000000000000000e+02,6.935000000000000000e+02,6.420000000000000000e+02,6.705000000000000000e+02,8.614000000000000000e+05
2.013041500000000000e+07,6.720000000000000000e+02,6.745000000000000000e+02,6.525000000000000000e+02,6.670000000000000000e+02,1.092100000000000000e+06
2.013042200000000000e+07,6.695000000000000000e+02,6.955200195312500000e+02,6.555000000000000000e+02,6.795000000000000000e+02,8.795000000000000000e+05
2.013042900000000000e+07,6.825000000000000000e+02,6.875000000000000000e+02,6.587800292968750000e+02,6.780000000000000000e+02,8.751000000000000000e+05
2.013050600000000000e+07,6.780000000000000000e+02,6.870000000000000000e+02,6.650000000000000000e+02,6.850000000000000000e+02,5.225000000000000000e+05
2.013051300000000000e+07,6.860000000000000000e+02,7.055000000000000000e+02,6.750000000000000000e+02,6.930000000000000000e+02,7.343000000000000000e+05
2.013052000000000000e+07,6.950000000000000000e+02,7.115000000000000000e+02,6.903400268554687500e+02,6.915000000000000000e+02,1.266000000000000000e+06
2.013052700000000000e+07,6.915000000000000000e+02,7.120000000000000000e+02,6.770000000000000000e+02,6.860000000000000000e+02,4.608000000000000000e+05
2.013060300000000000e+07,6.780000000000000000e+02,6.955000000000000000e+02,6.515000000000000000e+02,6.590000000000000000e+02,6.590000000000000000e+05
2.013061000000000000e+07,6.600000000000000000e+02,6.655000000000000000e+02,6.219000244140625000e+02,6.430000000000000000e+02,1.090800000000000000e+06
2.013061700000000000e+07,6.430000000000000000e+02,7.275000000000000000e+02,6.425000000000000000e+02,6.955000000000000000e+02,1.969400000000000000e+06
2.013062400000000000e+07,6.935000000000000000e+02,7.230000000000000000e+02,6.650000000000000000e+02,7.100000000000000000e+02,1.221300000000000000e+06
2.013070100000000000e+07,7.125000000000000000e+02,7.385000000000000000e+02,7.040000000000000000e+02,7.285000000000000000e+02,1.105400000000000000e+06
2.013070800000000000e+07,7.350000000000000000e+02,7.685000000000000000e+02,7.321799926757812500e+02,7.670000000000000000e+02,8.573000000000000000e+05
2.013071500000000000e+07,7.700000000000000000e+02,7.790000000000000000e+02,7.460000000000000000e+02,7.590000000000000000e+02,5.044000000000000000e+05
2.013072200000000000e+07,7.660000000000000000e+02,7.688950195312500000e+02,7.475000000000000000e+02,7.590000000000000000e+02,5.948000000000000000e+05
2.013072900000000000e+07,7.630000000000000000e+02,8.065000000000000000e+02,7.600000000000000000e+02,8.060000000000000000e+02,6.018000000000000000e+05
2.013080500000000000e+07,8.060000000000000000e+02,8.220000000000000000e+02,7.887500000000000000e+02,7.925000000000000000e+02,7.803000000000000000e+05
2.013081200000000000e+07,7.910000000000000000e+02,8.050000000000000000e+02,7.820000000000000000e+02,7.930000000000000000e+02,7.890000000000000000e+05
2.013081900000000000e+07,7.935000000000000000e+02,8.020000000000000000e+02,7.825000000000000000e+02,7.860000000000000000e+02,7.033000000000000000e+05
2.013082600000000000e+07,7.860000000000000000e+02,8.101300048828125000e+02,7.680000000000000000e+02,7.915000000000000000e+02,6.633000000000000000e+05
2.013090200000000000e+07,8.025000000000000000e+02,8.160000000000000000e+02,7.175000000000000000e+02,7.595000000000000000e+02,1.820400000000000000e+06
2.013090900000000000e+07,7.515000000000000000e+02,7.775000000000000000e+02,7.459799804687500000e+02,7.650000000000000000e+02,7.916000000000000000e+05
2.013091600000000000e+07,7.710000000000000000e+02,7.855000000000000000e+02,7.625000000000000000e+02,7.735000000000000000e+02,6.359000000000000000e+05
2.013092300000000000e+07,7.720000000000000000e+02,7.825809936523437500e+02,7.445000000000000000e+02,7.495000000000000000e+02,6.336000000000000000e+05
2.013093000000000000e+07,7.550000000000000000e+02,7.790399780273437500e+02,7.486699829101562500e+02,7.630000000000000000e+02,1.128100000000000000e+06
2.013100700000000000e+07,7.635000000000000000e+02,7.705000000000000000e+02,7.360000000000000000e+02,7.705000000000000000e+02,9.852000000000000000e+05
2.013101400000000000e+07,7.685000000000000000e+02,8.040000000000000000e+02,7.635000000000000000e+02,7.975000000000000000e+02,8.670000000000000000e+05
2.013102100000000000e+07,7.840000000000000000e+02,8.210000000000000000e+02,7.805000000000000000e+02,8.090000000000000000e+02,9.272000000000000000e+05
2.013102800000000000e+07,8.125000000000000000e+02,8.255000000000000000e+02,7.960000000000000000e+02,8.220000000000000000e+02,6.891000000000000000e+05
2.013110400000000000e+07,8.210000000000000000e+02,8.597299804687500000e+02,8.025000000000000000e+02,8.115000000000000000e+02,5.477000000000000000e+05
2.013111100000000000e+07,8.105000000000000000e+02,8.350000000000000000e+02,8.085000000000000000e+02,8.165000000000000000e+02,5.433000000000000000e+05
2.013111800000000000e+07,8.140000000000000000e+02,8.185000000000000000e+02,7.595000000000000000e+02,7.960000000000000000e+02,6.024000000000000000e+05
2.013112500000000000e+07,8.115000000000000000e+02,8.195000000000000000e+02,7.995000000000000000e+02,8.175000000000000000e+02,3.238000000000000000e+05
2.013120200000000000e+07,8.155000000000000000e+02,8.450000000000000000e+02,7.642080078125000000e+02,8.140000000000000000e+02,1.144100000000000000e+06
2.013120900000000000e+07,8.185000000000000000e+02,8.185000000000000000e+02,7.610000000000000000e+02,7.790000000000000000e+02,9.163000000000000000e+05
2.013121600000000000e+07,7.810000000000000000e+02,7.960000000000000000e+02,7.720000000000000000e+02,7.830000000000000000e+02,5.752000000000000000e+05
2.013122300000000000e+07,7.850000000000000000e+02,8.000800170898437500e+02,7.795000000000000000e+02,7.915000000000000000e+02,9.390000000000000000e+04
2.013123000000000000e+07,7.970000000000000000e+02,8.010000000000000000e+02,7.650000000000000000e+02,7.800000000000000000e+02,4.002000000000000000e+05
2.014010600000000000e+07,7.690000000000000000e+02,7.955000000000000000e+02,7.585000000000000000e+02,7.810000000000000000e+02,8.157000000000000000e+05
2.014011300000000000e+07,7.845000000000000000e+02,7.845000000000000000e+02,7.196079711914062500e+02,7.420000000000000000e+02,1.714000000000000000e+06
2.014012000000000000e+07,7.400000000000000000e+02,7.815000000000000000e+02,7.370000000000000000e+02,7.650000000000000000e+02,6.107000000000000000e+05
2.014012700000000000e+07,7.650000000000000000e+02,7.825000000000000000e+02,7.382999877929687500e+02,7.500000000000000000e+02,9.412000000000000000e+05
2.014020300000000000e+07,7.475000000000000000e+02,7.590000000000000000e+02,7.157969970703125000e+02,7.250000000000000000e+02,5.299000000000000000e+05
2.014021000000000000e+07,7.245000000000000000e+02,7.580000000000000000e+02,7.230000000000000000e+02,7.580000000000000000e+02,8.591000000000000000e+05
2.014021700000000000e+07,7.395000000000000000e+02,8.035000000000000000e+02,7.395000000000000000e+02,7.945000000000000000e+02,6.041000000000000000e+05
2.014022400000000000e+07,7.915000000000000000e+02,8.145000000000000000e+02,7.625000000000000000e+02,7.835000000000000000e+02,8.861000000000000000e+05
2.014030300000000000e+07,7.755000000000000000e+02,7.865000000000000000e+02,7.610000000000000000e+02,7.700000000000000000e+02,5.237000000000000000e+05
2.014031000000000000e+07,7.685000000000000000e+02,7.935000000000000000e+02,7.495000000000000000e+02,7.740000000000000000e+02,3.869000000000000000e+05
2.014031700000000000e+07,7.900000000000000000e+02,8.125000000000000000e+02,7.835000000000000000e+02,7.905000000000000000e+02,5.678000000000000000e+05
2.014032400000000000e+07,7.875000000000000000e+02,8.280000000000000000e+02,7.765000000000000000e+02,8.235000000000000000e+02,3.769000000000000000e+05
2.014033100000000000e+07,8.070000000000000000e+02,8.480000000000000000e+02,8.070000000000000000e+02,8.200000000000000000e+02,4.708000000000000000e+05
2.014040700000000000e+07,8.165000000000000000e+02,8.465000000000000000e+02,8.100000000000000000e+02,8.345000000000000000e+02,6.756000000000000000e+05
2.014041400000000000e+07,8.260000000000000000e+02,8.355000000000000000e+02,7.715000000000000000e+02,8.005000000000000000e+02,5.073000000000000000e+05
2.014042100000000000e+07,8.005000000000000000e+02,8.135000000000000000e+02,7.580000000000000000e+02,7.580000000000000000e+02,5.978000000000000000e+05
2.014042800000000000e+07,7.745000000000000000e+02,8.115510253906250000e+02,7.565000000000000000e+02,7.840000000000000000e+02,4.905000000000000000e+05
2.014050500000000000e+07,7.840000000000000000e+02,8.420000000000000000e+02,7.830000000000000000e+02,8.320000000000000000e+02,6.936000000000000000e+05
2.014051200000000000e+07,8.255000000000000000e+02,8.605000000000000000e+02,7.715000000000000000e+02,7.780000000000000000e+02,6.373000000000000000e+05
2.014051900000000000e+07,7.805000000000000000e+02,8.340000000000000000e+02,7.805000000000000000e+02,8.265000000000000000e+02,4.618000000000000000e+05
2.014052600000000000e+07,8.265000000000000000e+02,8.500000000000000000e+02,8.055000000000000000e+02,8.375000000000000000e+02,4.855000000000000000e+05
2.014060200000000000e+07,8.365000000000000000e+02,8.510000000000000000e+02,8.140000000000000000e+02,8.290000000000000000e+02,5.215000000000000000e+05
2.014060900000000000e+07,8.185000000000000000e+02,8.529050292968750000e+02,8.115000000000000000e+02,8.260000000000000000e+02,4.550000000000000000e+05
2.014061600000000000e+07,8.330000000000000000e+02,8.866779785156250000e+02,8.180000000000000000e+02,8.865000000000000000e+02,8.766000000000000000e+05
2.014062300000000000e+07,8.635000000000000000e+02,8.935000000000000000e+02,8.335000000000000000e+02,8.660000000000000000e+02,6.403000000000000000e+05
2.014063000000000000e+07,8.700000000000000000e+02,8.845000000000000000e+02,8.610000000000000000e+02,8.765000000000000000e+02,5.616000000000000000e+05
2.014070700000000000e+07,8.760000000000000000e+02,8.790499877929687500e+02,8.365000000000000000e+02,8.520000000000000000e+02,1.165000000000000000e+06
2.014071400000000000e+07,8.560000000000000000e+02,8.645000000000000000e+02,8.395000000000000000e+02,8.450000000000000000e+02,8.591000000000000000e+05
2.014072100000000000e+07,8.380000000000000000e+02,8.646199951171875000e+02,8.230000000000000000e+02,8.455000000000000000e+02,8.016000000000000000e+05
2.014072800000000000e+07,8.315000000000000000e+02,8.600000000000000000e+02,8.215000000000000000e+02,8.300000000000000000e+02,5.015000000000000000e+05
2.014080400000000000e+07,8.310000000000000000e+02,8.586799926757812500e+02,8.080000000000000000e+02,8.555000000000000000e+02,1.341500000000000000e+06
2.014081100000000000e+07,8.640000000000000000e+02,8.925000000000000000e+02,8.580000000000000000e+02,8.775000000000000000e+02,3.661000000000000000e+05
2.014081800000000000e+07,8.810000000000000000e+02,8.985000000000000000e+02,8.690200195312500000e+02,8.920000000000000000e+02,3.578000000000000000e+05
2.014082500000000000e+07,8.920000000000000000e+02,9.044600219726562500e+02,8.655000000000000000e+02,8.715000000000000000e+02,5.561000000000000000e+05
2.014090100000000000e+07,8.775000000000000000e+02,8.785000000000000000e+02,8.450000000000000000e+02,8.580000000000000000e+02,3.406000000000000000e+05
2.014090800000000000e+07,8.390000000000000000e+02,8.680000000000000000e+02,8.365000000000000000e+02,8.425000000000000000e+02,3.449000000000000000e+05
2.014091500000000000e+07,9.195000000000000000e+02,1.040996948242187500e+03,9.100000000000000000e+02,1.023995999999999981e+03,2.517400000000000000e+06
2.014092200000000000e+07,1.016001999999999953e+03,1.050003051757812500e+03,1.012799011230468750e+03,1.030996900000000096e+03,1.763100000000000000e+06
2.014092900000000000e+07,1.049000999999999976e+03,1.093001953125000000e+03,1.019000976562500000e+03,1.046001999999999953e+03,1.030200000000000000e+06
2.014100600000000000e+07,1.056001999999999953e+03,1.069000976562500000e+03,9.720000000000000000e+02,9.974969999999999573e+02,1.165800000000000000e+06
2.014101300000000000e+07,9.844980000000000473e+02,1.013995971679687500e+03,9.704959716796875000e+02,9.920000000000000000e+02,6.826000000000000000e+05
2.014102000000000000e+07,9.939959999999999809e+02,1.023995971679687500e+03,9.809970092773437500e+02,1.013995999999999981e+03,1.385400000000000000e+06
2.014102700000000000e+07,1.016995000000000005e+03,1.016994995117187500e+03,9.749990234375000000e+02,9.920000000000000000e+02,1.088200000000000000e+06
2.014110300000000000e+07,9.749990000000000236e+02,1.027998046875000000e+03,9.739959716796875000e+02,1.010996999999999957e+03,9.059000000000000000e+05
2.014111000000000000e+07,1.017998000000000047e+03,1.042000000000000000e+03,1.002000000000000000e+03,1.014999000000000024e+03,7.710000000000000000e+05
2.014111700000000000e+07,1.012000000000000000e+03,1.126000000000000000e+03,1.006883972167968750e+03,1.125000000000000000e+03,1.151700000000000000e+06
2.014112400000000000e+07,1.125000000000000000e+03,1.169000000000000000e+03,1.116349975585937500e+03,1.141000000000000000e+03,5.047700000000000000e+06
2.014120100000000000e+07,1.137000000000000000e+03,1.169959960937500000e+03,1.124000000000000000e+03,1.162000000000000000e+03,2.178300000000000000e+06
2.014120800000000000e+07,1.148000000000000000e+03,1.165000000000000000e+03,1.023700012207031250e+03,1.071000000000000000e+03,2.250000000000000000e+06
2.014121500000000000e+07,1.066000000000000000e+03,1.080000000000000000e+03,1.017049987792968750e+03,1.064000000000000000e+03,2.873400000000000000e+06
2.014122200000000000e+07,1.077000000000000000e+03,1.107000000000000000e+03,1.052000000000000000e+03,1.107000000000000000e+03,4.498000000000000000e+05
2.014122900000000000e+07,1.098000000000000000e+03,1.107000000000000000e+03,1.045000000000000000e+03,1.079000000000000000e+03,4.337000000000000000e+05
2.015010500000000000e+07,1.064000000000000000e+03,1.079000000000000000e+03,1.024000000000000000e+03,1.048000000000000000e+03,1.570700000000000000e+06
2.015011200000000000e+07,1.061000000000000000e+03,1.061000000000000000e+03,1.019000000000000000e+03,1.045000000000000000e+03,2.511400000000000000e+06
2.015011900000000000e+07,1.056000000000000000e+03,1.090000000000000000e+03,1.039199951171875000e+03,1.089000000000000000e+03,1.530200000000000000e+06
2.015012600000000000e+07,1.059000000000000000e+03,1.122000000000000000e+03,1.042000000000000000e+03,1.052000000000000000e+03,9.717000000000000000e+05
2.015020200000000000e+07,1.045000000000000000e+03,1.108000000000000000e+03,1.016510009765625000e+03,1.100000000000000000e+03,1.851700000000000000e+06
2.015020900000000000e+07,1.100000000000000000e+03,1.172000000000000000e+03,1.077000000000000000e+03,1.105000000000000000e+03,2.179900000000000000e+06
2.015021600000000000e+07,1.111000000000000000e+03,1.118089965820312500e+03,1.085000000000000000e+03,1.086000000000000000e+03,1.471000000000000000e+06
2.015022300000000000e+07,1.099000000000000000e+03,1.106000000000000000e+03,1.069609985351562500e+03,1.085000000000000000e+03,9.805000000000000000e+05
2.015030200000000000e+07,1.088000000000000000e+03,1.121000000000000000e+03,1.070000000000000000e+03,1.114000000000000000e+03,1.541600000000000000e+06
2.015030900000000000e+07,1.112000000000000000e+03,1.136060058593750000e+03,1.087000000000000000e+03,1.132000000000000000e+03,1.670000000000000000e+06
2.015031600000000000e+07,1.125000000000000000e+03,1.189000000000000000e+03,1.125000000000000000e+03,1.181000000000000000e+03,1.248100000000000000e+06
2.015032300000000000e+07,1.196000000000000000e+03,1.196000000000000000e+03,1.157800048828125000e+03,1.169000000000000000e+03,9.731000000000000000e+05
2.015033000000000000e+07,1.165000000000000000e+03,1.206000000000000000e+03,1.160000000000000000e+03,1.183000000000000000e+03,1.079200000000000000e+06
2.015040600000000000e+07,1.183000000000000000e+03,1.230400024414062500e+03,1.164000000000000000e+03,1.212000000000000000e+03,1.773200000000000000e+06
2.015041300000000000e+07,1.212000000000000000e+03,1.246599975585937500e+03,1.185000000000000000e+03,1.188000000000000000e+03,1.190100000000000000e+06
2.015042000000000000e+07,1.183000000000000000e+03,1.250000000000000000e+03,1.183000000000000000e+03,1.240000000000000000e+03,9.896000000000000000e+05
2.015042700000000000e+07,1.250000000000000000e+03,1.274000000000000000e+03,1.225000000000000000e+03,1.265000000000000000e+03,1.726900000000000000e+06
2.015050400000000000e+07,1.265000000000000000e+03,1.364000000000000000e+03,1.256650024414062500e+03,1.300000000000000000e+03,1.344400000000000000e+06
2.015051100000000000e+07,1.289000000000000000e+03,1.309000000000000000e+03,1.267000000000000000e+03,1.296000000000000000e+03,1.193100000000000000e+06
2.015051800000000000e+07,1.293000000000000000e+03,1.310000000000000000e+03,1.274000000000000000e+03,1.278000000000000000e+03,1.367700000000000000e+06
2.015052500000000000e+07,1.278000000000000000e+03,1.351400024414062500e+03,1.255800048828125000e+03,1.324000000000000000e+03,2.793100000000000000e+06
2.015060100000000000e+07,1.332000000000000000e+03,1.372000000000000000e+03,1.318000000000000000e+03,1.318000000000000000e+03,1.034300000000000000e+06
2.015060800000000000e+07,1.326000000000000000e+03,1.360000000000000000e+03,1.299000000000000000e+03,1.354000000000000000e+03,1.226100000000000000e+06
2.015061500000000000e+07,1.349000000000000000e+03,1.389000000000000000e+03,1.345000000000000000e+03,1.360000000000000000e+03,1.736300000000000000e+06
2.015062200000000000e+07,1.373000000000000000e+03,1.387000000000000000e+03,1.343599975585937500e+03,1.377000000000000000e+03,1.327300000000000000e+06
2.015062900000000000e+07,1.347000000000000000e+03,1.386000000000000000e+03,1.339660034179687500e+03,1.386000000000000000e+03,1.064300000000000000e+06
2.015070600000000000e+07,1.368000000000000000e+03,1.420000000000000000e+03,1.335000000000000000e+03,1.414000000000000000e+03,1.679200000000000000e+06
2.015071300000000000e+07,1.421000000000000000e+03,1.442000000000000000e+03,1.330000000000000000e+03,1.368000000000000000e+03,5.052200000000000000e+06
2.015072000000000000e+07,1.372000000000000000e+03,1.417000000000000000e+03,1.371000000000000000e+03,1.395000000000000000e+03,1.905800000000000000e+06
2.015072700000000000e+07,1.389000000000000000e+03,1.401000000000000000e+03,1.366000000000000000e+03,1.398000000000000000e+03,2.089900000000000000e+06
2.015080300000000000e+07,1.394000000000000000e+03,1.399000000000000000e+03,1.356000000000000000e+03,1.371000000000000000e+03,1.570800000000000000e+06
2.015081000000000000e+07,1.375000000000000000e+03,1.392000000000000000e+03,1.342000000000000000e+03,1.355000000000000000e+03,1.654800000000000000e+06
2.015081700000000000e+07,1.359000000000000000e+03,1.360000000000000000e+03,1.276000000000000000e+03,1.294000000000000000e+03,1.663800000000000000e+06
2.015082400000000000e+07,1.264000000000000000e+03,1.305000000000000000e+03,1.234000000000000000e+03,1.305000000000000000e+03,2.318000000000000000e+06
2.015083100000000000e+07,1.305000000000000000e+03,1.305000000000000000e+03,1.213939941406250000e+03,1.221000000000000000e+03,1.393500000000000000e+06
2.015090700000000000e+07,1.230000000000000000e+03,1.244000000000000000e+03,1.207000000000000000e+03,1.225000000000000000e+03,1.223300000000000000e+06
2.015091400000000000e+07,1.228000000000000000e+03,1.290000000000000000e+03,1.228000000000000000e+03,1.270000000000000000e+03,2.100100000000000000e+06
2.015092100000000000e+07,1.257000000000000000e+03,1.272000000000000000e+03,1.203160034179687500e+03,1.237000000000000000e+03,1.412700000000000000e+06
2.015092800000000000e+07,1.234000000000000000e+03,1.236000000000000000e+03,1.191000000000000000e+03,1.216000000000000000e+03,1.441000000000000000e+06
2.015100500000000000e+07,1.231000000000000000e+03,1.268000000000000000e+03,1.231000000000000000e+03,1.254000000000000000e+03,1.965300000000000000e+06
2.015101200000000000e+07,1.250000000000000000e+03,1.255219970703125000e+03,1.199000000000000000e+03,1.200000000000000000e+03,1.330900000000000000e+06
2.015101900000000000e+07,1.196000000000000000e+03,1.238000000000000000e+03,1.150000000000000000e+03,1.175000000000000000e+03,2.596900000000000000e+06
2.015102600000000000e+07,1.177000000000000000e+03,1.258000000000000000e+03,1.171000000000000000e+03,1.256000000000000000e+03,2.198900000000000000e+06
2.015110200000000000e+07,1.251000000000000000e+03,1.268000000000000000e+03,1.233000000000000000e+03,1.264000000000000000e+03,1.928100000000000000e+06
2.015110900000000000e+07,1.271000000000000000e+03,1.285000000000000000e+03,1.257000000000000000e+03,1.269000000000000000e+03,1.691800000000000000e+06
2.015111600000000000e+07,1.261000000000000000e+03,1.284000000000000000e+03,1.256000000000000000e+03,1.263000000000000000e+03,2.208500000000000000e+06
2.015112300000000000e+07,1.262000000000000000e+03,1.278000000000000000e+03,1.236000000000000000e+03,1.270000000000000000e+03,8.881000000000000000e+05
2.015113000000000000e+07,1.276000000000000000e+03,1.319000000000000000e+03,1.264680053710937500e+03,1.313000000000000000e+03,2.199300000000000000e+06
2.015120700000000000e+07,1.313000000000000000e+03,1.575000000000000000e+03,1.309000000000000000e+03,1.538000000000000000e+03,5.235600000000000000e+06
2.015121400000000000e+07,1.548000000000000000e+03,1.555000000000000000e+03,1.506479980468750000e+03,1.542000000000000000e+03,4.014500000000000000e+06
2.015122100000000000e+07,1.551000000000000000e+03,1.609000000000000000e+03,1.531000000000000000e+03,1.607000000000000000e+03,1.083900000000000000e+06
2.016010400000000000e+07,1.588000000000000000e+03,1.600000000000000000e+03,1.484000000000000000e+03,1.505000000000000000e+03,2.432700000000000000e+06
2.016011100000000000e+07,1.511000000000000000e+03,1.517000000000000000e+03,1.403000000000000000e+03,1.423000000000000000e+03,3.588700000000000000e+06
2.016011800000000000e+07,1.425000000000000000e+03,1.437000000000000000e+03,1.380000000000000000e+03,1.413000000000000000e+03,2.933400000000000000e+06
2.016012500000000000e+07,1.422000000000000000e+03,1.435000000000000000e+03,1.360000000000000000e+03,1.386000000000000000e+03,2.140800000000000000e+06
2.016020100000000000e+07,1.395000000000000000e+03,1.409000000000000000e+03,1.275000000000000000e+03,1.349000000000000000e+03,2.554770000000000000e+07
2.016020800000000000e+07,1.362000000000000000e+03,1.364000000000000000e+03,1.300000000000000000e+03,1.314000000000000000e+03,4.685900000000000000e+06
2.016021500000000000e+07,1.342000000000000000e+03,1.446000000000000000e+03,1.336000000000000000e+03,1.438000000000000000e+03,4.552900000000000000e+06
2.016022200000000000e+07,1.448000000000000000e+03,1.482000000000000000e+03,1.399000000000000000e+03,1.462000000000000000e+03,2.018200000000000000e+06
