2.006121800000000000e+07,4.865000000000000000e+02,4.865000000000000000e+02,4.795000000000000000e+02,4.855000000000000000e+02,0.000000000000000000e+00
2.006122500000000000e+07,4.855000000000000426e+00,4.950000000000000000e+02,4.855000019073486328e+00,4.950000000000000000e+02,0.000000000000000000e+00
2.007010100000000000e+07,4.950000000000000178e+00,4.925000000000000000e+02,4.949999809265136719e+00,4.925000000000000000e+02,0.000000000000000000e+00
2.007010800000000000e+07,4.832500000000000000e+02,4.850000000000000000e+02,4.775000000000000000e+02,4.785000000000000000e+02,0.000000000000000000e+00
2.007011500000000000e+07,4.840000000000000000e+02,4.840000000000000000e+02,4.800000000000000000e+02,4.805000000000000000e+02,0.000000000000000000e+00
2.007012200000000000e+07,4.790000000000000000e+02,4.790000000000000000e+02,4.750000000000000000e+02,4.775000000000000000e+02,0.000000000000000000e+00
2.007012900000000000e+07,4.885000000000000000e+02,5.635000000000000000e+02,4.885000000000000000e+02,5.635000000000000000e+02,0.000000000000000000e+00
2.007020500000000000e+07,5.775000000000000000e+02,6.020000000000000000e+02,5.775000000000000000e+02,6.020000000000000000e+02,0.000000000000000000e+00
2.007021200000000000e+07,5.837500000000000000e+02,5.885000000000000000e+02,5.800000000000000000e+02,5.825000000000000000e+02,0.000000000000000000e+00
2.007021900000000000e+07,5.672500000000000000e+02,5.730000000000000000e+02,5.672500000000000000e+02,5.715000000000000000e+02,0.000000000000000000e+00
2.007022600000000000e+07,5.690000000000000000e+02,5.690000000000000000e+02,5.175000000000000000e+02,5.175000000000000000e+02,0.000000000000000000e+00
2.007030500000000000e+07,5.040000000000000000e+02,5.432500000000000000e+02,5.040000000000000000e+02,5.432500000000000000e+02,0.000000000000000000e+00
2.007031200000000000e+07,5.332500000000000000e+02,5.332500000000000000e+02,5.235000000000000000e+02,5.277500000000000000e+02,0.000000000000000000e+00
2.007031900000000000e+07,5.525000000000000000e+02,6.355000000000000000e+02,5.525000000000000000e+02,6.325000000000000000e+02,0.000000000000000000e+00
2.007032600000000000e+07,6.110000000000000000e+02,6.115000000000000000e+02,6.075000000000000000e+02,6.075000000000000000e+02,0.000000000000000000e+00
2.007040200000000000e+07,6.075000000000000000e+02,6.305000000000000000e+02,6.304999828338623047e+00,6.304999999999999716e+00,0.000000000000000000e+00
2.007040900000000000e+07,6.304999999999999716e+00,6.300000000000000000e+02,6.304999828338623047e+00,6.275000000000000000e+02,0.000000000000000000e+00
2.007041600000000000e+07,6.225000000000000000e+02,6.240000000000000000e+02,6.225000000000000000e+02,6.235000000000000000e+02,0.000000000000000000e+00
2.007042300000000000e+07,6.120000000000000000e+02,7.075000000000000000e+02,6.050000000000000000e+02,7.075000000000000000e+02,0.000000000000000000e+00
2.007043000000000000e+07,6.950000000000000000e+02,6.950000000000000000e+02,6.625000000000000000e+02,6.625000000000000000e+02,0.000000000000000000e+00
2.007050700000000000e+07,6.625000000000000000e+00,6.650000000000000000e+02,6.625000000000000000e+00,6.315000000000000000e+02,0.000000000000000000e+00
2.007051400000000000e+07,6.270000000000000000e+02,6.270000000000000000e+02,6.130000000000000000e+02,6.225000000000000000e+02,0.000000000000000000e+00
2.007052100000000000e+07,6.080000000000000000e+02,6.150000000000000000e+02,5.870000000000000000e+02,6.150000000000000000e+02,0.000000000000000000e+00
2.007052800000000000e+07,6.150000000000000355e+00,6.240000000000000000e+02,6.150000095367431641e+00,6.240000000000000000e+02,0.000000000000000000e+00
2.007060400000000000e+07,6.075000000000000000e+02,6.150000000000000000e+02,5.775000000000000000e+02,5.775000000000000000e+02,0.000000000000000000e+00
2.007061100000000000e+07,5.625000000000000000e+02,5.880000000000000000e+02,5.505000000000000000e+02,5.880000000000000000e+02,0.000000000000000000e+00
2.007061800000000000e+07,6.025000000000000000e+02,6.025000000000000000e+02,5.950000000000000000e+02,5.980000000000000000e+02,0.000000000000000000e+00
2.007062500000000000e+07,5.950000000000000000e+02,5.970000000000000000e+02,5.875000000000000000e+02,5.970000000000000000e+02,0.000000000000000000e+00
2.007070200000000000e+07,5.850000000000000000e+02,6.025000000000000000e+02,5.840000000000000000e+02,6.025000000000000000e+02,0.000000000000000000e+00
2.007070900000000000e+07,5.925000000000000000e+02,5.980000000000000000e+02,5.900000000000000000e+02,5.980000000000000000e+02,0.000000000000000000e+00
2.007071600000000000e+07,5.975000000000000000e+02,5.975000000000000000e+02,5.775000000000000000e+02,5.920000000000000000e+02,0.000000000000000000e+00
2.007072300000000000e+07,5.820000000000000000e+02,5.820000000000000000e+02,5.260000000000000000e+02,5.260000000000000000e+02,0.000000000000000000e+00
2.007073000000000000e+07,5.365000000000000000e+02,5.520000000000000000e+02,5.365000000000000000e+02,5.520000000000000000e+02,0.000000000000000000e+00
2.007080600000000000e+07,5.355000000000000000e+02,5.355000000000000000e+02,5.200000000000000000e+02,5.200000000000000000e+02,0.000000000000000000e+00
2.007081300000000000e+07,5.150000000000000000e+02,5.150000000000000000e+02,4.547500000000000000e+02,4.720000000000000000e+02,0.000000000000000000e+00
2.007082000000000000e+07,4.595000000000000000e+02,5.250000000000000000e+02,4.595000000000000000e+02,5.245000000000000000e+02,0.000000000000000000e+00
2.007082700000000000e+07,5.245000000000000107e+00,5.180000000000000000e+02,5.244999885559082031e+00,5.145000000000000000e+02,0.000000000000000000e+00
2.007090300000000000e+07,5.200000000000000000e+02,5.320000000000000000e+02,5.185000000000000000e+02,5.185000000000000000e+02,0.000000000000000000e+00
2.007091000000000000e+07,5.030000000000000000e+02,5.030000000000000000e+02,4.852500000000000000e+02,4.857500000000000000e+02,0.000000000000000000e+00
2.007091700000000000e+07,4.975000000000000000e+02,4.995000000000000000e+02,4.832500000000000000e+02,4.885000000000000000e+02,0.000000000000000000e+00
2.007092400000000000e+07,4.897500000000000000e+02,5.230000000000000000e+02,4.897500000000000000e+02,5.230000000000000000e+02,0.000000000000000000e+00
2.007100100000000000e+07,5.250000000000000000e+02,5.495000000000000000e+02,5.250000000000000000e+02,5.495000000000000000e+02,0.000000000000000000e+00
2.007100800000000000e+07,5.475000000000000000e+02,5.625000000000000000e+02,5.475000000000000000e+02,5.550000000000000000e+02,0.000000000000000000e+00
2.007101500000000000e+07,5.525000000000000000e+02,5.525000000000000000e+02,5.415000000000000000e+02,5.455000000000000000e+02,0.000000000000000000e+00
2.007102200000000000e+07,5.425000000000000000e+02,5.650000000000000000e+02,5.395000000000000000e+02,5.650000000000000000e+02,0.000000000000000000e+00
2.007102900000000000e+07,5.825000000000000000e+02,5.925000000000000000e+02,5.725000000000000000e+02,5.925000000000000000e+02,0.000000000000000000e+00
2.007110500000000000e+07,5.890000000000000000e+02,5.890000000000000000e+02,5.620000000000000000e+02,5.725000000000000000e+02,0.000000000000000000e+00
2.007111200000000000e+07,5.665000000000000000e+02,5.665000000000000000e+02,5.330000000000000000e+02,5.340000000000000000e+02,0.000000000000000000e+00
2.007111900000000000e+07,5.225000000000000000e+02,5.300000000000000000e+02,5.150000000000000000e+02,5.150000000000000000e+02,0.000000000000000000e+00
2.007112600000000000e+07,5.235000000000000000e+02,5.235000000000000000e+02,5.115000000000000000e+02,5.195000000000000000e+02,0.000000000000000000e+00
2.007120300000000000e+07,5.230000000000000000e+02,5.230000000000000000e+02,5.190000000000000000e+02,5.225000000000000000e+02,0.000000000000000000e+00
2.007121000000000000e+07,5.245000000000000000e+02,5.245000000000000000e+02,5.055000000000000000e+02,5.150000000000000000e+02,0.000000000000000000e+00
2.007121700000000000e+07,5.075000000000000000e+02,5.125000000000000000e+02,5.050000000000000000e+02,5.075000000000000000e+02,0.000000000000000000e+00
2.007122400000000000e+07,5.175000000000000000e+02,5.175000000000000000e+02,5.175000190734863281e+00,5.110000000000000000e+02,0.000000000000000000e+00
2.007123100000000000e+07,5.150000000000000000e+02,5.150000000000000000e+02,5.150000095367431641e+00,5.095000000000000000e+02,0.000000000000000000e+00
2.008010700000000000e+07,5.045000000000000000e+02,5.095000000000000000e+02,4.902500000000000000e+02,4.902500000000000000e+02,0.000000000000000000e+00
2.008011400000000000e+07,4.995000000000000000e+02,4.997500000000000000e+02,4.712500000000000000e+02,4.935000000000000000e+02,0.000000000000000000e+00
2.008012100000000000e+07,4.680000000000000000e+02,4.680000000000000000e+02,4.542500000000000000e+02,4.545000000000000000e+02,0.000000000000000000e+00
2.008012800000000000e+07,4.800000000000000000e+02,4.995000000000000000e+02,4.800000000000000000e+02,4.925000000000000000e+02,0.000000000000000000e+00
2.008020400000000000e+07,4.900000000000000000e+02,4.922500000000000000e+02,4.885000000000000000e+02,4.885000000000000000e+02,0.000000000000000000e+00
2.008021100000000000e+07,4.895000000000000000e+02,4.975000000000000000e+02,4.780000000000000000e+02,4.780000000000000000e+02,0.000000000000000000e+00
2.008021800000000000e+07,4.985000000000000000e+02,4.985000000000000000e+02,4.890000000000000000e+02,4.905000000000000000e+02,0.000000000000000000e+00
2.008022500000000000e+07,4.902500000000000000e+02,4.902500000000000000e+02,4.787500000000000000e+02,4.875000000000000000e+02,0.000000000000000000e+00
2.008030300000000000e+07,4.840000000000000000e+02,4.840000000000000000e+02,4.725000000000000000e+02,4.795000000000000000e+02,0.000000000000000000e+00
2.008031000000000000e+07,4.700000000000000000e+02,4.845000000000000000e+02,4.700000000000000000e+02,4.845000000000000000e+02,0.000000000000000000e+00
2.008031700000000000e+07,4.695000000000000000e+02,4.695000000000000000e+02,4.494999885559082031e+00,4.495000000000000107e+00,0.000000000000000000e+00
2.008032400000000000e+07,4.495000000000000107e+00,4.727500000000000000e+02,4.494999885559082031e+00,4.727500000000000000e+02,0.000000000000000000e+00
2.008033100000000000e+07,4.595000000000000000e+02,4.645000000000000000e+02,4.595000000000000000e+02,4.602500000000000000e+02,0.000000000000000000e+00
2.008040700000000000e+07,4.645000000000000000e+02,4.720000000000000000e+02,4.602500000000000000e+02,4.720000000000000000e+02,0.000000000000000000e+00
2.008041400000000000e+07,4.595000000000000000e+02,4.855000000000000000e+02,4.595000000000000000e+02,4.855000000000000000e+02,0.000000000000000000e+00
2.008042100000000000e+07,4.600000000000000000e+02,4.675000000000000000e+02,4.537500000000000000e+02,4.587500000000000000e+02,0.000000000000000000e+00
2.008042800000000000e+07,4.495000000000000000e+02,4.800000000000000000e+02,4.495000000000000000e+02,4.677500000000000000e+02,0.000000000000000000e+00
2.008050500000000000e+07,4.677500000000000213e+00,4.595000000000000000e+02,4.677499771118164062e+00,4.595000000000000000e+02,0.000000000000000000e+00
2.008051200000000000e+07,4.590000000000000000e+02,4.595000000000000000e+02,4.525000000000000000e+02,4.595000000000000000e+02,0.000000000000000000e+00
2.008051900000000000e+07,4.615000000000000000e+02,4.632500000000000000e+02,4.555000000000000000e+02,4.557500000000000000e+02,0.000000000000000000e+00
2.008052600000000000e+07,4.557500000000000107e+00,4.800000000000000000e+02,4.557499885559082031e+00,4.800000000000000000e+02,0.000000000000000000e+00
2.008060200000000000e+07,4.740000000000000000e+02,4.740000000000000000e+02,4.537500000000000000e+02,4.545000000000000000e+02,0.000000000000000000e+00
2.008060900000000000e+07,4.545000000000000000e+02,4.550000000000000000e+02,4.507500000000000000e+02,4.507500000000000000e+02,0.000000000000000000e+00
2.008061600000000000e+07,4.485000000000000000e+02,4.495000000000000000e+02,4.447500000000000000e+02,4.485000000000000000e+02,0.000000000000000000e+00
2.008062300000000000e+07,4.445000000000000000e+02,4.445000000000000000e+02,4.120000000000000000e+02,4.120000000000000000e+02,0.000000000000000000e+00
2.008063000000000000e+07,4.315000000000000000e+02,4.450000000000000000e+02,4.245000000000000000e+02,4.245000000000000000e+02,0.000000000000000000e+00
2.008070700000000000e+07,4.295000000000000000e+02,4.295000000000000000e+02,4.057500000000000000e+02,4.057500000000000000e+02,0.000000000000000000e+00
2.008071400000000000e+07,4.122500000000000000e+02,4.122500000000000000e+02,3.857500000000000000e+02,3.875000000000000000e+02,0.000000000000000000e+00
2.008072100000000000e+07,3.867500000000000000e+02,3.887500000000000000e+02,2.995000000000000000e+02,2.995000000000000000e+02,0.000000000000000000e+00
2.008072800000000000e+07,2.890000000000000000e+02,2.890000000000000000e+02,2.715000000000000000e+02,2.765000000000000000e+02,0.000000000000000000e+00
2.008080400000000000e+07,2.745000000000000000e+02,2.755000000000000000e+02,2.670000000000000000e+02,2.670000000000000000e+02,0.000000000000000000e+00
2.008081100000000000e+07,2.687500000000000000e+02,2.697500000000000000e+02,2.635000000000000000e+02,2.635000000000000000e+02,0.000000000000000000e+00
2.008081800000000000e+07,2.645000000000000000e+02,2.645000000000000000e+02,2.572500000000000000e+02,2.645000000000000000e+02,0.000000000000000000e+00
2.008082500000000000e+07,2.645000000000000018e+00,2.472500000000000000e+02,2.644999980926513672e+00,2.355000000000000000e+02,0.000000000000000000e+00
2.008090100000000000e+07,2.375000000000000000e+02,2.495000000000000000e+02,2.375000000000000000e+02,2.495000000000000000e+02,0.000000000000000000e+00
2.008090800000000000e+07,2.535000000000000000e+02,2.850000000000000000e+02,2.535000000000000000e+02,2.850000000000000000e+02,0.000000000000000000e+00
2.008091500000000000e+07,2.872500000000000000e+02,2.872500000000000000e+02,2.417500000000000000e+02,2.417500000000000000e+02,0.000000000000000000e+00
2.008092200000000000e+07,2.515000000000000000e+02,2.515000000000000000e+02,1.990000000000000000e+02,1.990000000000000000e+02,0.000000000000000000e+00
2.008092900000000000e+07,1.955000000000000000e+02,1.980000000000000000e+02,1.795000000000000000e+02,1.807500000000000000e+02,0.000000000000000000e+00
2.008100600000000000e+07,1.645000000000000000e+02,1.645000000000000000e+02,8.950000000000000000e+01,8.950000000000000000e+01,0.000000000000000000e+00
2.008101300000000000e+07,9.175000000000000000e+01,9.700000000000000000e+01,8.850000000000000000e+01,8.850000000000000000e+01,0.000000000000000000e+00
2.008102000000000000e+07,9.075000000000000000e+01,9.175000000000000000e+01,8.750000000000000000e+01,8.750000000000000000e+01,0.000000000000000000e+00
2.008102700000000000e+07,8.000000000000000000e+01,8.150000000000000000e+01,7.750000000000000000e+01,7.975000000000000000e+01,0.000000000000000000e+00
2.008110300000000000e+07,7.850000000000000000e+01,8.250000000000000000e+01,7.850000000000000000e+01,8.250000000000000000e+01,0.000000000000000000e+00
2.008111000000000000e+07,7.800000000000000000e+01,8.000000000000000000e+01,7.750000000000000000e+01,7.975000000000000000e+01,0.000000000000000000e+00
2.008111700000000000e+07,7.800000000000000000e+01,7.800000000000000000e+01,4.600000000000000000e+01,5.200000000000000000e+01,0.000000000000000000e+00
2.008112400000000000e+07,4.500000000000000000e+01,4.700000000000000000e+01,3.700000000000000000e+01,4.125000000000000000e+01,0.000000000000000000e+00
2.008120100000000000e+07,3.875000000000000000e+01,4.450000000000000000e+01,3.850000000000000000e+01,3.850000000000000000e+01,0.000000000000000000e+00
2.008120800000000000e+07,4.650000000000000000e+01,4.650000000000000000e+01,3.875000000000000000e+01,3.875000000000000000e+01,0.000000000000000000e+00
2.008121500000000000e+07,3.850000000000000000e+01,3.925000000000000000e+01,3.400000000000000000e+01,3.725000000000000000e+01,0.000000000000000000e+00
2.008122200000000000e+07,3.725000000000000000e+01,3.925000000000000000e+01,3.824999928474426270e-01,3.825000000000000067e-01,0.000000000000000000e+00
2.008122900000000000e+07,3.800000000000000000e+01,3.800000000000000000e+01,3.474999964237213135e-01,3.325000000000000000e+01,0.000000000000000000e+00
2.009010500000000000e+07,3.550000000000000000e+01,3.700000000000000000e+01,3.500000000000000000e+01,3.525000000000000000e+01,5.034000000000000000e+05
2.009011200000000000e+07,3.400000000000000000e+01,3.900000000000000000e+01,3.375000000000000000e+01,3.625000000000000000e+01,1.164120000000000000e+07
2.009011900000000000e+07,3.800000000000000000e+01,4.575000000000000000e+01,3.800000000000000000e+01,4.575000000000000000e+01,1.296500000000000000e+06
2.009012600000000000e+07,4.700000000000000000e+01,5.300000000000000000e+01,4.450000000000000000e+01,4.950000000000000000e+01,8.420000000000000000e+04
2.009020200000000000e+07,5.200000000000000000e+01,6.612999725341796875e+01,4.725000000000000000e+01,6.350000000000000000e+01,3.740000000000000000e+04
2.009020900000000000e+07,6.450000000000000000e+01,6.800000000000000000e+01,5.925000000000000000e+01,6.025000000000000000e+01,1.900000000000000000e+04
2.009021600000000000e+07,6.025000000000000000e+01,6.025000000000000000e+01,5.400000000000000000e+01,5.600000000000000000e+01,3.620000000000000000e+04
2.009022300000000000e+07,5.500000000000000000e+01,5.700000000000000000e+01,5.379999923706054688e+01,5.700000000000000000e+01,2.767400000000000000e+06
2.009030200000000000e+07,5.700000000000000000e+01,6.100000000000000000e+01,5.050000000000000000e+01,5.050000000000000000e+01,1.119000000000000000e+05
2.009030900000000000e+07,4.975000000000000000e+01,5.300000000000000000e+01,4.975000000000000000e+01,5.300000000000000000e+01,1.000000000000000000e+02
2.009031600000000000e+07,4.800000000000000000e+01,5.250000000000000000e+01,4.800000000000000000e+01,4.825000000000000000e+01,3.250000000000000000e+04
2.009032300000000000e+07,5.200000000000000000e+01,5.250000000000000000e+01,4.450000000000000000e+01,4.900000000000000000e+01,1.050000000000000000e+04
2.009033000000000000e+07,5.100000000000000000e+01,5.450000000000000000e+01,4.800000000000000000e+01,4.900000000000000000e+01,5.590000000000000000e+04
2.009040600000000000e+07,5.000000000000000000e+01,5.300000000000000000e+01,4.900000095367431641e-01,4.899999999999999911e-01,2.270000000000000000e+04
2.009041300000000000e+07,4.899999999999999911e-01,5.500000000000000000e+01,4.900000095367431641e-01,5.050000000000000000e+01,4.200000000000000000e+04
2.009042000000000000e+07,5.000000000000000000e+01,5.000000000000000000e+01,4.900000000000000000e+01,5.000000000000000000e+01,0.000000000000000000e+00
2.009042700000000000e+07,5.000000000000000000e+01,5.200000000000000000e+01,4.900000000000000000e+01,4.900000000000000000e+01,3.000000000000000000e+04
2.009050400000000000e+07,4.899999999999999911e-01,6.550000000000000000e+01,4.900000095367431641e-01,6.400000000000000000e+01,2.106000000000000000e+05
2.009051100000000000e+07,6.550000000000000000e+01,8.274900054931640625e+01,6.550000000000000000e+01,7.275000000000000000e+01,1.371600000000000000e+06
2.009051800000000000e+07,7.350000000000000000e+01,8.500000000000000000e+01,7.300099945068359375e+01,8.500000000000000000e+01,2.670000000000000000e+04
2.009052500000000000e+07,8.499999999999999778e-01,8.600000000000000000e+01,8.500000238418579102e-01,8.600000000000000000e+01,1.750000000000000000e+04
2.009060100000000000e+07,8.700000000000000000e+01,1.200000000000000000e+02,8.700000000000000000e+01,1.140000000000000000e+02,2.445000000000000000e+05
2.009060800000000000e+07,1.080000000000000000e+02,1.447500000000000000e+02,8.900000000000000000e+01,1.140000000000000000e+02,6.640000000000000000e+04
2.009061500000000000e+07,1.150000000000000000e+02,1.185000000000000000e+02,1.000000000000000000e+02,1.185000000000000000e+02,2.360000000000000000e+04
2.009062200000000000e+07,1.140000000000000000e+02,1.245000000000000000e+02,1.095000000000000000e+02,1.095000000000000000e+02,1.660000000000000000e+04
2.009062900000000000e+07,1.100000000000000000e+02,1.150000000000000000e+02,1.080000000000000000e+02,1.145000000000000000e+02,3.200000000000000000e+04
2.009070600000000000e+07,1.130000000000000000e+02,1.140000000000000000e+02,1.120000000000000000e+02,1.140000000000000000e+02,5.000000000000000000e+03
2.009071300000000000e+07,1.265000000000000000e+02,1.290000000000000000e+02,1.085000000000000000e+02,1.085000000000000000e+02,1.700000000000000000e+03
2.009072000000000000e+07,1.050000000000000000e+02,1.260000000000000000e+02,1.050000000000000000e+02,1.240000000000000000e+02,1.007000000000000000e+05
2.009072700000000000e+07,1.200000000000000000e+02,1.240000000000000000e+02,1.150000000000000000e+02,1.225000000000000000e+02,5.770000000000000000e+04
2.009080300000000000e+07,1.200000000000000000e+02,1.280000000000000000e+02,1.200000000000000000e+02,1.280000000000000000e+02,6.970000000000000000e+04
2.009081000000000000e+07,1.340000000000000000e+02,1.340000000000000000e+02,1.150000000000000000e+02,1.290000000000000000e+02,3.610000000000000000e+04
2.009081700000000000e+07,1.260000000000000000e+02,1.312500000000000000e+02,1.150009994506835938e+02,1.245000000000000000e+02,9.960000000000000000e+04
2.009082400000000000e+07,1.290000000000000000e+02,1.337500000000000000e+02,1.260000000000000000e+02,1.267500000000000000e+02,3.273000000000000000e+05
2.009083100000000000e+07,1.267500000000000071e+00,1.255000000000000000e+02,1.267500042915344238e+00,1.255000000000000000e+02,2.510000000000000000e+04
2.009090700000000000e+07,1.200000000000000000e+02,1.350000000000000000e+02,1.150000000000000000e+02,1.175000000000000000e+02,2.385000000000000000e+05
2.009091400000000000e+07,1.170000000000000000e+02,1.572500000000000000e+02,1.017500000000000000e+02,1.572500000000000000e+02,8.400000000000000000e+04
2.009092100000000000e+07,1.500000000000000000e+02,1.650000000000000000e+02,1.220000000000000000e+02,1.327500000000000000e+02,1.756000000000000000e+05
2.009092800000000000e+07,1.340000000000000000e+02,1.557500000000000000e+02,1.340000000000000000e+02,1.515000000000000000e+02,8.096000000000000000e+05
2.009100500000000000e+07,1.577500000000000000e+02,2.175000000000000000e+02,1.530000000000000000e+02,1.845000000000000000e+02,1.606200000000000000e+06
2.009101200000000000e+07,1.915000000000000000e+02,2.030000000000000000e+02,1.800000000000000000e+02,1.895000000000000000e+02,3.047100000000000000e+06
2.009101900000000000e+07,1.900000000000000000e+02,1.900000000000000000e+02,1.727500000000000000e+02,1.750000000000000000e+02,2.026000000000000000e+05
2.009102600000000000e+07,1.760000000000000000e+02,1.765000000000000000e+02,1.652500000000000000e+02,1.652500000000000000e+02,1.500000000000000000e+03
2.009110200000000000e+07,1.600000000000000000e+02,1.735000000000000000e+02,1.500000000000000000e+02,1.600000000000000000e+02,2.020000000000000000e+04
2.009110900000000000e+07,1.660000000000000000e+02,1.660000000000000000e+02,1.500000000000000000e+02,1.570000000000000000e+02,2.350000000000000000e+04
2.009111600000000000e+07,1.570000000000000000e+02,1.635000000000000000e+02,1.545000000000000000e+02,1.620000000000000000e+02,1.600000000000000000e+03
2.009112300000000000e+07,1.500000000000000000e+02,1.640000000000000000e+02,1.450000000000000000e+02,1.545000000000000000e+02,1.700000000000000000e+04
2.009113000000000000e+07,1.620000000000000000e+02,1.780000000000000000e+02,1.600000000000000000e+02,1.780000000000000000e+02,2.150000000000000000e+04
2.009120700000000000e+07,1.770000000000000000e+02,1.770000000000000000e+02,1.645000000000000000e+02,1.770000000000000000e+02,3.850000000000000000e+04
2.009121400000000000e+07,1.650000000000000000e+02,1.735000000000000000e+02,1.450000000000000000e+02,1.600000000000000000e+02,4.553000000000000000e+05
2.009122100000000000e+07,1.670000000000000000e+02,1.690000000000000000e+02,1.597499966621398926e+00,1.597499999999999920e+00,6.730000000000000000e+04
2.009122800000000000e+07,1.597499999999999920e+00,1.680000000000000000e+02,1.597499966621398926e+00,1.600000000000000089e+00,0.000000000000000000e+00
2.010010400000000000e+07,1.695000000000000000e+02,1.782500000000000000e+02,1.650000000000000000e+02,1.782500000000000000e+02,1.740000000000000000e+04
2.010011100000000000e+07,1.750000000000000000e+02,1.977500000000000000e+02,1.750000000000000000e+02,1.975000000000000000e+02,6.890000000000000000e+04
2.010011800000000000e+07,1.897500000000000000e+02,2.157500000000000000e+02,1.897500000000000000e+02,2.117500000000000000e+02,1.017500000000000000e+06
2.010012500000000000e+07,2.100000000000000000e+02,2.100000000000000000e+02,1.752500000000000000e+02,1.782500000000000000e+02,3.150000000000000000e+04
2.010020100000000000e+07,1.810000000000000000e+02,2.150000000000000000e+02,1.800000000000000000e+02,2.142500000000000000e+02,1.847000000000000000e+05
2.010020800000000000e+07,2.142500000000000000e+02,2.197500000000000000e+02,2.070000000000000000e+02,2.180000000000000000e+02,1.860000000000000000e+04
2.010021500000000000e+07,2.195000000000000000e+02,2.197500000000000000e+02,2.070000000000000000e+02,2.182500000000000000e+02,3.000000000000000000e+03
2.010022200000000000e+07,2.185000000000000000e+02,2.317500000000000000e+02,2.180000000000000000e+02,2.317500000000000000e+02,3.360000000000000000e+04
2.010030100000000000e+07,2.325000000000000000e+02,2.500000000000000000e+02,2.305000000000000000e+02,2.455000000000000000e+02,1.720000000000000000e+04
2.010030800000000000e+07,2.250000000000000000e+02,2.430000000000000000e+02,2.250000000000000000e+02,2.380000000000000000e+02,3.650000000000000000e+04
2.010031500000000000e+07,2.382500000000000000e+02,2.385000000000000000e+02,2.100000000000000000e+02,2.277500000000000000e+02,5.300000000000000000e+03
2.010032200000000000e+07,2.255000000000000000e+02,2.330000000000000000e+02,2.000000000000000000e+02,2.045000000000000000e+02,5.770000000000000000e+04
2.010032900000000000e+07,2.100000000000000000e+02,2.195000000000000000e+02,2.190000057220458984e+00,2.189999999999999947e+00,4.110000000000000000e+04
2.010040500000000000e+07,2.189999999999999947e+00,2.510000000000000000e+02,2.190000057220458984e+00,2.475000000000000000e+02,2.734000000000000000e+05
2.010041200000000000e+07,2.545000000000000000e+02,2.545000000000000000e+02,2.300000000000000000e+02,2.400000000000000000e+02,8.600000000000000000e+03
2.010041900000000000e+07,2.300000000000000000e+02,2.395000000000000000e+02,2.295000000000000000e+02,2.395000000000000000e+02,6.000000000000000000e+03
2.010042600000000000e+07,2.400000000000000000e+02,2.400000000000000000e+02,2.250000000000000000e+02,2.395000000000000000e+02,1.500000000000000000e+04
2.010050300000000000e+07,2.395000000000000018e+00,2.395000000000000000e+02,2.394999980926513672e+00,2.095000000000000000e+02,3.820000000000000000e+04
2.010051000000000000e+07,2.100000000000000000e+02,2.297500000000000000e+02,2.100000000000000000e+02,2.200000000000000000e+02,1.990000000000000000e+04
2.010051700000000000e+07,2.245000000000000000e+02,2.245000000000000000e+02,2.075000000000000000e+02,2.075000000000000000e+02,0.000000000000000000e+00
2.010052400000000000e+07,2.150000000000000000e+02,2.150000000000000000e+02,1.900000000000000000e+02,1.950000000000000000e+02,3.770000000000000000e+04
2.010053100000000000e+07,1.949999999999999956e+00,1.950000000000000000e+02,1.950000047683715820e+00,1.950000000000000000e+02,1.709000000000000000e+05
2.010060700000000000e+07,1.950000000000000000e+02,1.995000000000000000e+02,1.900000000000000000e+02,1.995000000000000000e+02,5.000000000000000000e+03
2.010061400000000000e+07,1.900000000000000000e+02,2.022500000000000000e+02,1.900000000000000000e+02,1.997500000000000000e+02,0.000000000000000000e+00
2.010062100000000000e+07,2.000000000000000000e+02,2.000000000000000000e+02,1.850000000000000000e+02,1.925000000000000000e+02,2.038000000000000000e+05
2.010062800000000000e+07,1.925000000000000000e+02,1.995000000000000000e+02,1.925000000000000000e+02,1.950000000000000000e+02,0.000000000000000000e+00
2.010070500000000000e+07,1.925000000000000000e+02,1.995000000000000000e+02,1.850000000000000000e+02,1.850000000000000000e+02,3.400000000000000000e+03
2.010071200000000000e+07,1.995000000000000000e+02,1.995000000000000000e+02,1.900000000000000000e+02,1.995000000000000000e+02,1.200000000000000000e+03
2.010071900000000000e+07,1.875000000000000000e+02,1.875000000000000000e+02,1.825000000000000000e+02,1.825000000000000000e+02,0.000000000000000000e+00
2.010072600000000000e+07,1.825000000000000000e+02,1.900000000000000000e+02,1.650000000000000000e+02,1.800000000000000000e+02,1.116000000000000000e+06
2.010080200000000000e+07,1.800000000000000000e+02,1.900000000000000000e+02,1.800000000000000000e+02,1.872500000000000000e+02,7.540000000000000000e+04
2.010080900000000000e+07,1.810000000000000000e+02,1.900000000000000000e+02,1.810000000000000000e+02,1.855000000000000000e+02,4.800000000000000000e+03
2.010081600000000000e+07,1.855000000000000000e+02,1.900000000000000000e+02,1.850000000000000000e+02,1.885000000000000000e+02,2.530000000000000000e+05
2.010082300000000000e+07,1.885000000000000000e+02,1.885000000000000000e+02,1.745000000000000000e+02,1.820000000000000000e+02,9.000000000000000000e+03
2.010083000000000000e+07,1.820000000000000062e+00,1.835000000000000000e+02,1.820000052452087402e+00,1.835000000000000000e+02,0.000000000000000000e+00
2.010090600000000000e+07,1.797500000000000000e+02,1.920000000000000000e+02,1.750000000000000000e+02,1.815000000000000000e+02,1.453200000000000000e+06
2.010091300000000000e+07,1.865000000000000000e+02,1.865000000000000000e+02,1.770000000000000000e+02,1.775000000000000000e+02,3.870000000000000000e+04
2.010092000000000000e+07,1.775000000000000000e+02,1.800000000000000000e+02,1.710000000000000000e+02,1.755000000000000000e+02,2.400000000000000000e+03
2.010092700000000000e+07,1.800000000000000000e+02,1.800000000000000000e+02,1.710000000000000000e+02,1.750000000000000000e+02,3.500000000000000000e+03
2.010100400000000000e+07,1.700000000000000000e+02,1.800000000000000000e+02,1.700000000000000000e+02,1.750000000000000000e+02,8.860000000000000000e+04
2.010101100000000000e+07,1.670000000000000000e+02,1.800000000000000000e+02,1.670000000000000000e+02,1.767500000000000000e+02,2.803000000000000000e+05
2.010101800000000000e+07,1.702500000000000000e+02,1.800000000000000000e+02,1.700000000000000000e+02,1.780000000000000000e+02,1.630000000000000000e+04
2.010102500000000000e+07,1.800000000000000000e+02,1.800000000000000000e+02,1.767500000000000000e+02,1.790000000000000000e+02,8.500000000000000000e+04
2.010110100000000000e+07,1.780000000000000000e+02,2.230000000000000000e+02,1.780000000000000000e+02,2.215000000000000000e+02,2.618000000000000000e+05
2.010110800000000000e+07,2.300000000000000000e+02,2.470000000000000000e+02,2.250000000000000000e+02,2.250000000000000000e+02,3.666000000000000000e+05
2.010111500000000000e+07,2.200000000000000000e+02,2.400000000000000000e+02,2.100000000000000000e+02,2.185000000000000000e+02,1.270000000000000000e+04
2.010112200000000000e+07,2.300000000000000000e+02,2.300000000000000000e+02,2.150000000000000000e+02,2.225000000000000000e+02,4.830000000000000000e+04
2.010112900000000000e+07,2.225000000000000000e+02,2.345000000000000000e+02,2.205000000000000000e+02,2.345000000000000000e+02,1.463000000000000000e+05
2.010120600000000000e+07,2.345000000000000000e+02,2.640000000000000000e+02,2.250000000000000000e+02,2.640000000000000000e+02,9.700000000000000000e+03
2.010121300000000000e+07,2.450000000000000000e+02,2.780000000000000000e+02,2.450000000000000000e+02,2.750000000000000000e+02,1.689000000000000000e+05
2.010122000000000000e+07,2.800000000000000000e+02,2.890000000000000000e+02,2.550000000000000000e+02,2.870000000000000000e+02,3.690000000000000000e+04
2.010122700000000000e+07,2.870000000000000107e+00,2.950000000000000000e+02,2.869999885559082031e+00,2.800000000000000000e+02,2.560000000000000000e+04
2.011010300000000000e+07,2.799999999999999822e+00,3.122500000000000000e+02,2.799999952316284180e+00,3.122500000000000000e+02,5.810000000000000000e+04
2.011011000000000000e+07,3.000000000000000000e+02,3.097500000000000000e+02,2.990000000000000000e+02,3.097500000000000000e+02,4.900000000000000000e+03
2.011011700000000000e+07,3.097500000000000000e+02,3.200000000000000000e+02,2.900000000000000000e+02,3.200000000000000000e+02,1.165000000000000000e+05
2.011012400000000000e+07,3.197500000000000000e+02,3.387500000000000000e+02,3.000000000000000000e+02,3.387500000000000000e+02,2.020000000000000000e+04
2.011013100000000000e+07,3.300000000000000000e+02,3.480000000000000000e+02,3.247500000000000000e+02,3.480000000000000000e+02,6.260000000000000000e+04
2.011020700000000000e+07,3.450000000000000000e+02,3.480000000000000000e+02,3.000000000000000000e+02,3.145000000000000000e+02,1.417000000000000000e+06
2.011021400000000000e+07,3.102500000000000000e+02,3.147500000000000000e+02,2.950000000000000000e+02,3.050000000000000000e+02,8.018000000000000000e+05
2.011022100000000000e+07,3.002500000000000000e+02,3.071300048828125000e+02,2.950000000000000000e+02,3.048750000000000000e+02,5.060000000000000000e+04
2.011022800000000000e+07,2.952500000000000000e+02,3.050000000000000000e+02,2.925000000000000000e+02,2.925000000000000000e+02,8.560000000000000000e+04
2.011030700000000000e+07,2.950000000000000000e+02,2.950000000000000000e+02,2.898750000000000000e+02,2.925000000000000000e+02,5.700000000000000000e+04
2.011031400000000000e+07,2.950000000000000000e+02,2.950000000000000000e+02,2.800000000000000000e+02,2.875000000000000000e+02,1.650000000000000000e+04
2.011032100000000000e+07,2.997500000000000000e+02,3.000000000000000000e+02,2.750000000000000000e+02,3.000000000000000000e+02,9.570000000000000000e+05
2.011032800000000000e+07,2.900000000000000000e+02,2.965000000000000000e+02,2.850000000000000000e+02,2.965000000000000000e+02,9.670000000000000000e+04
2.011040400000000000e+07,2.866250000000000000e+02,2.962500000000000000e+02,2.857500000000000000e+02,2.960000000000000000e+02,1.600000000000000000e+03
2.011041100000000000e+07,2.848750000000000000e+02,2.848750000000000000e+02,2.700000000000000000e+02,2.760000000000000000e+02,3.581000000000000000e+05
2.011041800000000000e+07,2.750000000000000000e+02,2.820000000000000000e+02,2.761300086975097656e+00,2.761299999999999866e+00,1.380000000000000000e+04
2.011042500000000000e+07,2.761299999999999866e+00,2.770000000000000000e+02,2.722500085830688477e+00,2.722500000000000142e+00,6.460000000000000000e+04
2.011050200000000000e+07,2.722500000000000142e+00,2.850000000000000000e+02,2.722500085830688477e+00,2.823750000000000000e+02,1.840000000000000000e+04
2.011050900000000000e+07,2.760000000000000000e+02,2.760000000000000000e+02,2.677500000000000000e+02,2.677500000000000000e+02,1.000000000000000000e+04
2.011051600000000000e+07,2.695000000000000000e+02,2.925000000000000000e+02,2.620000000000000000e+02,2.925000000000000000e+02,1.778000000000000000e+05
2.011052300000000000e+07,2.923750000000000000e+02,2.967500000000000000e+02,2.870000000000000000e+02,2.940000000000000000e+02,1.180000000000000000e+04
2.011053000000000000e+07,2.939999999999999947e+00,3.150000000000000000e+02,2.940000057220458984e+00,3.150000000000000000e+02,5.990000000000000000e+04
2.011060600000000000e+07,3.100000000000000000e+02,3.320000000000000000e+02,3.100000000000000000e+02,3.250000000000000000e+02,7.570000000000000000e+04
2.011061300000000000e+07,3.273750000000000000e+02,3.297500000000000000e+02,3.150000000000000000e+02,3.227500000000000000e+02,2.360000000000000000e+04
2.011062000000000000e+07,3.297500000000000000e+02,3.300000000000000000e+02,3.125000000000000000e+02,3.147500000000000000e+02,2.706000000000000000e+05
2.011062700000000000e+07,3.052500000000000000e+02,3.215000000000000000e+02,3.050000000000000000e+02,3.126250000000000000e+02,1.314000000000000000e+05
2.011070400000000000e+07,3.062830000000000155e+02,3.197500000000000000e+02,3.062829895019531250e+02,3.126250000000000000e+02,8.500000000000000000e+03
2.011071100000000000e+07,3.100000000000000000e+02,3.297500000000000000e+02,3.100000000000000000e+02,3.297500000000000000e+02,0.000000000000000000e+00
2.011071800000000000e+07,3.126250000000000000e+02,3.250000000000000000e+02,3.066149902343750000e+02,3.151250000000000000e+02,7.300000000000000000e+03
2.011072500000000000e+07,3.151250000000000000e+02,3.151250000000000000e+02,3.075000000000000000e+02,3.101250000000000000e+02,5.000000000000000000e+02
2.011080100000000000e+07,3.195000000000000000e+02,3.200000000000000000e+02,2.967500000000000000e+02,3.050000000000000000e+02,8.800000000000000000e+03
2.011080800000000000e+07,2.900000000000000000e+02,2.900000000000000000e+02,2.686250000000000000e+02,2.700000000000000000e+02,8.200000000000000000e+03
2.011081500000000000e+07,2.650000000000000000e+02,2.750000000000000000e+02,2.350000000000000000e+02,2.350000000000000000e+02,6.440000000000000000e+04
2.011082200000000000e+07,2.350000000000000000e+02,2.350000000000000000e+02,2.100000000000000000e+02,2.162500000000000000e+02,3.202000000000000000e+05
2.011082900000000000e+07,2.162500000000000089e+00,2.300000000000000000e+02,2.162499904632568359e+00,2.275000000000000000e+02,6.430000000000000000e+04
2.011090500000000000e+07,2.275000000000000000e+02,2.275000000000000000e+02,2.275000000000000000e+02,2.275000000000000000e+02,0.000000000000000000e+00
2.011091200000000000e+07,2.125000000000000000e+02,2.275000000000000000e+02,2.125000000000000000e+02,2.125000000000000000e+02,0.000000000000000000e+00
2.011091900000000000e+07,2.125000000000000000e+02,2.125000000000000000e+02,2.085000000000000000e+02,2.085000000000000000e+02,0.000000000000000000e+00
2.011092600000000000e+07,2.125000000000000000e+02,2.150000000000000000e+02,2.070000000000000000e+02,2.075000000000000000e+02,1.300000000000000000e+03
2.011100300000000000e+07,2.085000000000000000e+02,2.125000000000000000e+02,2.050000000000000000e+02,2.102500000000000000e+02,2.860000000000000000e+04
2.011101000000000000e+07,2.000000000000000000e+02,2.065000000000000000e+02,1.902500000000000000e+02,1.912500000000000000e+02,5.000000000000000000e+03
2.011101700000000000e+07,2.100000000000000000e+02,2.100000000000000000e+02,1.900000000000000000e+02,1.950000000000000000e+02,1.360000000000000000e+04
2.011102400000000000e+07,1.950000000000000000e+02,1.950000000000000000e+02,1.900000000000000000e+02,1.902500000000000000e+02,4.800000000000000000e+03
2.011103100000000000e+07,1.902500000000000000e+02,1.925000000000000000e+02,1.800000000000000000e+02,1.857500000000000000e+02,3.000000000000000000e+03
2.011110700000000000e+07,1.857500000000000000e+02,1.857500000000000000e+02,1.775000000000000000e+02,1.775000000000000000e+02,4.000000000000000000e+06
2.011111400000000000e+07,1.750000000000000000e+02,2.212500000000000000e+02,1.600000000000000000e+02,2.200000000000000000e+02,2.597000000000000000e+05
2.011112100000000000e+07,2.200000000000000000e+02,2.300000000000000000e+02,1.940000000000000000e+02,2.045000000000000000e+02,1.620000000000000000e+04
2.011112800000000000e+07,2.050000000000000000e+02,2.050000000000000000e+02,1.900000000000000000e+02,2.000000000000000000e+02,1.960000000000000000e+04
2.011120500000000000e+07,1.910000000000000000e+02,2.000000000000000000e+02,1.830000000000000000e+02,1.890000000000000000e+02,1.500000000000000000e+03
2.011121200000000000e+07,1.875000000000000000e+02,2.000000000000000000e+02,1.875000000000000000e+02,1.935000000000000000e+02,1.320000000000000000e+04
2.011121900000000000e+07,1.915000000000000000e+02,1.915000000000000000e+02,1.800000000000000000e+02,1.850000000000000000e+02,3.500000000000000000e+04
2.011122600000000000e+07,1.850000000000000000e+02,1.850000000000000000e+02,1.450000000000000000e+02,1.450000000000000000e+02,1.360000000000000000e+04
2.012010200000000000e+07,1.450000000000000000e+02,1.455000000000000000e+02,1.300000000000000000e+02,1.450000000000000000e+02,3.510000000000000000e+04
2.012010900000000000e+07,1.460000000000000000e+02,1.540000000000000000e+02,1.460000000000000000e+02,1.530000000000000000e+02,7.200000000000000000e+03
2.012011600000000000e+07,1.540000000000000000e+02,1.700000000000000000e+02,1.540000000000000000e+02,1.650000000000000000e+02,4.000000000000000000e+03
2.012012300000000000e+07,1.700000000000000000e+02,1.720000000000000000e+02,1.660000000000000000e+02,1.660000000000000000e+02,2.000000000000000000e+03
2.012013000000000000e+07,1.650000000000000000e+02,1.650000000000000000e+02,1.650000000000000000e+02,1.650000000000000000e+02,0.000000000000000000e+00
2.012020600000000000e+07,1.680000000000000000e+02,1.680000000000000000e+02,1.650000000000000000e+02,1.650000000000000000e+02,2.000000000000000000e+02
2.012021300000000000e+07,1.650000000000000000e+02,1.675000000000000000e+02,1.650000000000000000e+02,1.675000000000000000e+02,0.000000000000000000e+00
2.012022000000000000e+07,1.725000000000000000e+02,1.725000000000000000e+02,1.400000000000000000e+02,1.460000000000000000e+02,9.200000000000000000e+03
2.012022700000000000e+07,1.460000000000000000e+02,1.500000000000000000e+02,1.400000000000000000e+02,1.470000000000000000e+02,6.900000000000000000e+03
2.012030500000000000e+07,1.445000000000000000e+02,1.496999969482421875e+02,1.440000000000000000e+02,1.470000000000000000e+02,2.800000000000000000e+03
2.012031200000000000e+07,1.470000000000000000e+02,1.700000000000000000e+02,1.457500000000000000e+02,1.673750000000000000e+02,5.267000000000000000e+05
2.012031900000000000e+07,1.675000000000000000e+02,1.797500000000000000e+02,1.675000000000000000e+02,1.775000000000000000e+02,2.490000000000000000e+04
2.012032600000000000e+07,1.750000000000000000e+02,1.800000000000000000e+02,1.675000000000000000e+02,1.700000000000000000e+02,2.510000000000000000e+04
2.012040200000000000e+07,1.725000000000000000e+02,1.725000000000000000e+02,1.685000000000000000e+02,1.700000000000000000e+02,6.000000000000000000e+02
2.012040900000000000e+07,1.700000000000000000e+02,1.775000000000000000e+02,1.700000000000000000e+02,1.775000000000000000e+02,3.100000000000000000e+03
2.012041600000000000e+07,1.800000000000000000e+02,1.820000000000000000e+02,1.700000000000000000e+02,1.725000000000000000e+02,2.310000000000000000e+04
2.012042300000000000e+07,1.725000000000000000e+02,1.730000000000000000e+02,1.550000000000000000e+02,1.580000000000000000e+02,1.440000000000000000e+04
2.012043000000000000e+07,1.578750000000000000e+02,1.600000000000000000e+02,1.535000000000000000e+02,1.535000000000000000e+02,1.210000000000000000e+04
2.012050700000000000e+07,1.535000000000000000e+02,1.600000000000000000e+02,1.520000000000000000e+02,1.570000000000000000e+02,2.200000000000000000e+03
2.012051400000000000e+07,1.520000000000000000e+02,1.520000000000000000e+02,1.350000000000000000e+02,1.350000000000000000e+02,1.520000000000000000e+04
2.012052100000000000e+07,1.340000000000000000e+02,1.340000000000000000e+02,1.275000000000000000e+02,1.275000000000000000e+02,1.000000000000000000e+03
2.012052800000000000e+07,1.275000000000000000e+02,1.275000000000000000e+02,1.160000000000000000e+02,1.160000000000000000e+02,2.000000000000000000e+03
2.012060400000000000e+07,1.160000000000000000e+02,1.200000000000000000e+02,1.150000000000000000e+02,1.160000000000000000e+02,2.340000000000000000e+04
2.012061100000000000e+07,1.150000000000000000e+02,1.200000000000000000e+02,1.150000000000000000e+02,1.150000000000000000e+02,1.000000000000000000e+03
2.012061800000000000e+07,1.120000000000000000e+02,1.130000000000000000e+02,1.020000000000000000e+02,1.040000000000000000e+02,2.330000000000000000e+04
2.012062500000000000e+07,1.030000000000000000e+02,1.055000000000000000e+02,1.030000000000000000e+02,1.040000000000000000e+02,3.000000000000000000e+03
2.012070200000000000e+07,1.000000000000000000e+02,1.008750000000000000e+02,9.300000000000000000e+01,9.500000000000000000e+01,8.079000000000000000e+05
2.012070900000000000e+07,9.400000000000000000e+01,1.000000000000000000e+02,9.400000000000000000e+01,9.700000000000000000e+01,1.380000000000000000e+04
2.012071600000000000e+07,9.700000000000000000e+01,9.700000000000000000e+01,9.300000000000000000e+01,9.300000000000000000e+01,6.200000000000000000e+03
2.012072300000000000e+07,9.300000000000000000e+01,9.300000000000000000e+01,6.900000000000000000e+01,8.700000000000000000e+01,2.526000000000000000e+05
2.012073000000000000e+07,8.700000000000000000e+01,8.800000000000000000e+01,8.600000000000000000e+01,8.600000000000000000e+01,5.500000000000000000e+03
2.012080600000000000e+07,8.700000000000000000e+01,8.700000000000000000e+01,8.100000000000000000e+01,8.100000000000000000e+01,2.160000000000000000e+04
2.012081300000000000e+07,8.250000000000000000e+01,8.800000000000000000e+01,8.250000000000000000e+01,8.600000000000000000e+01,1.733000000000000000e+05
2.012082000000000000e+07,8.200000000000000000e+01,9.500000000000000000e+01,8.050000000000000000e+01,9.450000000000000000e+01,9.060000000000000000e+04
2.012082700000000000e+07,9.450000000000000000e+01,9.850000000000000000e+01,9.400000000000000000e+01,9.850000000000000000e+01,3.270000000000000000e+04
2.012090300000000000e+07,9.850000000000000000e+01,1.020000000000000000e+02,9.800000000000000000e+01,1.010000000000000000e+02,4.750000000000000000e+04
2.012091000000000000e+07,1.011250000000000000e+02,1.100000000000000000e+02,1.011250000000000000e+02,1.100000000000000000e+02,5.550000000000000000e+04
2.012091700000000000e+07,1.085000000000000000e+02,1.155000000000000000e+02,1.085000000000000000e+02,1.155000000000000000e+02,5.820000000000000000e+04
2.012092400000000000e+07,1.112500000000000000e+02,1.210000000000000000e+02,1.070000000000000000e+02,1.165000000000000000e+02,5.520000000000000000e+04
2.012100100000000000e+07,1.180000000000000000e+02,1.197500000000000000e+02,1.120000000000000000e+02,1.175000000000000000e+02,1.133000000000000000e+05
2.012100800000000000e+07,1.200000000000000000e+02,1.215000000000000000e+02,1.150000000000000000e+02,1.205000000000000000e+02,1.650000000000000000e+04
2.012101500000000000e+07,1.165000000000000000e+02,1.200000000000000000e+02,1.165000000000000000e+02,1.195000000000000000e+02,1.000000000000000000e+03
2.012102200000000000e+07,1.175000000000000000e+02,1.200000000000000000e+02,1.125000000000000000e+02,1.175000000000000000e+02,4.500000000000000000e+03
2.012102900000000000e+07,1.195000000000000000e+02,1.195000000000000000e+02,1.100000000000000000e+02,1.150000000000000000e+02,1.766000000000000000e+05
2.012110500000000000e+07,1.150000000000000000e+02,1.150000000000000000e+02,1.100000000000000000e+02,1.125000000000000000e+02,1.229000000000000000e+05
2.012111200000000000e+07,1.200000000000000000e+02,1.200000000000000000e+02,1.125000000000000000e+02,1.125000000000000000e+02,2.059000000000000000e+05
2.012111900000000000e+07,1.125000000000000000e+02,1.150000000000000000e+02,1.122500000000000000e+02,1.125000000000000000e+02,7.700000000000000000e+03
2.012112600000000000e+07,1.150000000000000000e+02,1.150000000000000000e+02,1.100000000000000000e+02,1.125000000000000000e+02,1.510000000000000000e+04
2.012120300000000000e+07,1.100000000000000000e+02,1.140000000000000000e+02,1.080000000000000000e+02,1.135000000000000000e+02,1.430000000000000000e+04
2.012121000000000000e+07,1.135000000000000000e+02,1.185000000000000000e+02,1.130000000000000000e+02,1.175000000000000000e+02,3.332000000000000000e+05
2.012121700000000000e+07,1.160000000000000000e+02,1.200000000000000000e+02,1.142500000000000000e+02,1.195000000000000000e+02,6.930000000000000000e+04
2.012122400000000000e+07,1.162500000000000000e+02,1.275000000000000000e+02,1.120000000000000000e+02,1.275000000000000000e+02,1.466000000000000000e+05
2.012123100000000000e+07,1.160000000000000000e+02,1.300000000000000000e+02,1.150000000000000000e+02,1.250000000000000000e+02,4.229000000000000000e+05
2.013010700000000000e+07,1.220000000000000000e+02,1.275000000000000000e+02,1.220000000000000000e+02,1.260000000000000000e+02,2.700000000000000000e+03
2.013011400000000000e+07,1.300000000000000000e+02,1.425000000000000000e+02,1.280000000000000000e+02,1.330000000000000000e+02,2.025000000000000000e+05
2.013012100000000000e+07,1.300000000000000000e+02,1.400000000000000000e+02,1.300000000000000000e+02,1.325000000000000000e+02,2.140000000000000000e+04
2.013012800000000000e+07,1.325000000000000000e+02,1.405000000000000000e+02,1.325000000000000000e+02,1.405000000000000000e+02,9.332000000000000000e+05
2.013020400000000000e+07,1.440000000000000000e+02,1.490000000000000000e+02,1.425000000000000000e+02,1.445000000000000000e+02,1.670000000000000000e+04
2.013021100000000000e+07,1.450000000000000000e+02,1.450000000000000000e+02,1.410000000000000000e+02,1.435000000000000000e+02,4.700000000000000000e+04
2.013021800000000000e+07,1.400000000000000000e+02,1.445000000000000000e+02,1.400000000000000000e+02,1.400000000000000000e+02,6.996000000000000000e+05
2.013022500000000000e+07,1.400000000000000000e+02,1.400000000000000000e+02,1.350000000000000000e+02,1.350000000000000000e+02,0.000000000000000000e+00
2.013030400000000000e+07,1.345000000000000000e+02,1.395000000000000000e+02,1.300000000000000000e+02,1.322500000000000000e+02,2.964000000000000000e+05
2.013031100000000000e+07,1.255000000000000000e+02,1.350000000000000000e+02,1.255000000000000000e+02,1.335000000000000000e+02,9.250000000000000000e+04
2.013031800000000000e+07,1.300000000000000000e+02,1.325000000000000000e+02,1.300000000000000000e+02,1.325000000000000000e+02,0.000000000000000000e+00
2.013032500000000000e+07,1.325000000000000000e+02,1.325000000000000000e+02,1.250000000000000000e+02,1.250000000000000000e+02,1.380000000000000000e+05
2.013040800000000000e+07,1.275000000000000000e+02,1.275000000000000000e+02,1.250000000000000000e+02,1.275000000000000000e+02,1.900000000000000000e+03
2.013041500000000000e+07,1.275000000000000000e+02,1.300000000000000000e+02,1.250000000000000000e+02,1.275000000000000000e+02,1.100000000000000000e+03
2.013042200000000000e+07,1.250000000000000000e+02,1.250000000000000000e+02,1.215000000000000000e+02,1.215000000000000000e+02,1.980000000000000000e+04
2.013042900000000000e+07,1.210000000000000000e+02,1.300000000000000000e+02,1.200000000000000000e+02,1.275000000000000000e+02,3.230000000000000000e+04
2.013051300000000000e+07,1.300000000000000000e+02,1.400000000000000000e+02,1.250000000000000000e+02,1.400000000000000000e+02,4.410000000000000000e+04
2.013052000000000000e+07,1.400000000000000000e+02,1.400000000000000000e+02,1.347500000000000000e+02,1.390000000000000000e+02,2.240000000000000000e+05
2.013060300000000000e+07,1.337500000000000000e+02,1.400000000000000000e+02,1.337500000000000000e+02,1.370000000000000000e+02,1.120000000000000000e+05
2.013061000000000000e+07,1.370000000000000000e+02,1.500000000000000000e+02,1.340000000000000000e+02,1.490000000000000000e+02,5.640000000000000000e+04
2.013061700000000000e+07,1.450000000000000000e+02,1.525000000000000000e+02,1.450000000000000000e+02,1.525000000000000000e+02,4.390000000000000000e+04
2.013062400000000000e+07,1.500000000000000000e+02,1.527500000000000000e+02,1.460000000000000000e+02,1.500000000000000000e+02,7.100000000000000000e+03
2.013070100000000000e+07,1.500000000000000000e+02,1.550000000000000000e+02,1.500000000000000000e+02,1.550000000000000000e+02,1.839000000000000000e+05
2.013070800000000000e+07,1.600000000000000000e+02,1.660000000000000000e+02,1.550000000000000000e+02,1.660000000000000000e+02,8.800000000000000000e+03
2.013071500000000000e+07,1.610000000000000000e+02,1.715000000000000000e+02,1.610000000000000000e+02,1.715000000000000000e+02,2.100000000000000000e+03
2.013072200000000000e+07,1.715000000000000000e+02,1.785000000000000000e+02,1.715000000000000000e+02,1.785000000000000000e+02,2.000000000000000000e+03
2.013072900000000000e+07,1.770000000000000000e+02,1.840000000000000000e+02,1.745000000000000000e+02,1.745000000000000000e+02,5.950000000000000000e+04
2.013080500000000000e+07,1.790000000000000000e+02,1.805000000000000000e+02,1.700000000000000000e+02,1.735000000000000000e+02,2.250000000000000000e+04
2.013081200000000000e+07,1.750000000000000000e+02,1.860000000000000000e+02,1.730000000000000000e+02,1.840000000000000000e+02,2.016000000000000000e+05
2.013081900000000000e+07,1.802500000000000000e+02,1.850000000000000000e+02,1.800000000000000000e+02,1.850000000000000000e+02,6.970000000000000000e+04
2.013090200000000000e+07,1.870000000000000000e+02,2.003750000000000000e+02,1.870000000000000000e+02,2.000000000000000000e+02,7.000000000000000000e+03
2.013090900000000000e+07,2.000000000000000000e+02,2.000000000000000000e+02,1.900000000000000000e+02,1.925000000000000000e+02,5.000000000000000000e+03
2.013091600000000000e+07,1.925000000000000000e+02,1.925000000000000000e+02,1.815000000000000000e+02,1.882500000000000000e+02,6.000000000000000000e+03
2.013092300000000000e+07,1.882500000000000000e+02,1.945000000000000000e+02,1.857500000000000000e+02,1.875000000000000000e+02,0.000000000000000000e+00
2.013093000000000000e+07,1.870000000000000000e+02,1.902500000000000000e+02,1.850000000000000000e+02,1.870000000000000000e+02,1.120000000000000000e+05
2.013100700000000000e+07,1.847500000000000000e+02,1.895000000000000000e+02,1.847500000000000000e+02,1.855000000000000000e+02,2.000000000000000000e+02
2.013101400000000000e+07,1.877500000000000000e+02,1.895000000000000000e+02,1.860000000000000000e+02,1.860000000000000000e+02,0.000000000000000000e+00
2.013102100000000000e+07,1.877500000000000000e+02,1.895000000000000000e+02,1.850000000000000000e+02,1.895000000000000000e+02,1.000000000000000000e+04
2.013102800000000000e+07,1.895000000000000000e+02,1.895000000000000000e+02,1.850000000000000000e+02,1.882500000000000000e+02,1.200000000000000000e+04
2.013110400000000000e+07,1.900000000000000000e+02,1.950189971923828125e+02,1.875000000000000000e+02,1.900000000000000000e+02,2.000000000000000000e+02
2.013111100000000000e+07,1.950000000000000000e+02,2.252500000000000000e+02,1.950000000000000000e+02,2.250000000000000000e+02,6.330000000000000000e+04
2.013111800000000000e+07,2.250000000000000000e+02,2.250000000000000000e+02,2.150000000000000000e+02,2.175000000000000000e+02,8.950000000000000000e+04
2.013112500000000000e+07,2.250000000000000000e+02,2.250000000000000000e+02,2.100000000000000000e+02,2.200000000000000000e+02,2.600000000000000000e+03
2.013120200000000000e+07,2.285000000000000000e+02,2.470000000000000000e+02,2.200000000000000000e+02,2.470000000000000000e+02,8.930000000000000000e+04
2.013120900000000000e+07,2.425000000000000000e+02,2.425000000000000000e+02,2.175000000000000000e+02,2.210000000000000000e+02,6.000000000000000000e+03
2.013121600000000000e+07,2.210000000000000000e+02,2.250000000000000000e+02,2.170000000000000000e+02,2.225000000000000000e+02,3.500000000000000000e+03
2.013122300000000000e+07,2.250000000000000000e+02,2.460000000000000000e+02,2.250000000000000000e+02,2.395000000000000000e+02,4.900000000000000000e+04
2.013123000000000000e+07,2.300000000000000000e+02,2.480000000000000000e+02,2.300000000000000000e+02,2.480000000000000000e+02,6.000000000000000000e+02
2.014010600000000000e+07,2.480000000000000000e+02,2.541250000000000000e+02,2.445000000000000000e+02,2.445000000000000000e+02,5.000000000000000000e+03
2.014011300000000000e+07,2.445000000000000000e+02,2.500000000000000000e+02,2.432500000000000000e+02,2.445000000000000000e+02,3.100000000000000000e+03
2.014012000000000000e+07,2.490000000000000000e+02,2.490000000000000000e+02,2.375000000000000000e+02,2.375000000000000000e+02,3.800000000000000000e+03
2.014012700000000000e+07,2.400000000000000000e+02,2.420000000000000000e+02,2.395000000000000000e+02,2.420000000000000000e+02,0.000000000000000000e+00
2.014020300000000000e+07,2.395000000000000000e+02,2.490000000000000000e+02,2.395000000000000000e+02,2.400000000000000000e+02,3.000000000000000000e+02
2.014021000000000000e+07,2.395000000000000000e+02,2.450000000000000000e+02,2.330000000000000000e+02,2.450000000000000000e+02,2.700000000000000000e+03
2.014021700000000000e+07,2.400000000000000000e+02,2.400000000000000000e+02,2.400000000000000000e+02,2.400000000000000000e+02,2.000000000000000000e+03
2.014022400000000000e+07,2.400000000000000000e+02,2.420000000000000000e+02,2.275000000000000000e+02,2.400000000000000000e+02,4.000000000000000000e+03
2.014030300000000000e+07,2.375000000000000000e+02,2.415000000000000000e+02,2.200000000000000000e+02,2.218750000000000000e+02,1.000000000000000000e+04
2.014031000000000000e+07,2.350000000000000000e+02,2.500000000000000000e+02,2.300000000000000000e+02,2.300000000000000000e+02,8.150000000000000000e+04
2.014031700000000000e+07,2.200000000000000000e+02,2.250000000000000000e+02,2.100000000000000000e+02,2.215000000000000000e+02,1.300000000000000000e+04
2.014032400000000000e+07,2.250000000000000000e+02,2.455000000000000000e+02,2.200000000000000000e+02,2.455000000000000000e+02,7.770000000000000000e+04
2.014033100000000000e+07,2.400000000000000000e+02,2.400000000000000000e+02,2.250000000000000000e+02,2.275000000000000000e+02,4.950000000000000000e+04
2.014040700000000000e+07,2.275000000000000000e+02,2.550000000000000000e+02,2.275000000000000000e+02,2.450000000000000000e+02,7.050000000000000000e+04
2.014041400000000000e+07,2.500000000000000000e+02,2.700000000000000000e+02,2.200000000000000000e+02,2.350000000000000000e+02,1.661700000000000000e+06
2.014042800000000000e+07,2.355000000000000000e+02,2.355000000000000000e+02,2.272500000000000000e+02,2.328750000000000000e+02,0.000000000000000000e+00
2.014051200000000000e+07,2.270000000000000000e+02,2.345000000000000000e+02,2.050000000000000000e+02,2.110000000000000000e+02,9.700000000000000000e+03
2.014051900000000000e+07,2.200000000000000000e+02,2.330000000000000000e+02,2.100000000000000000e+02,2.225000000000000000e+02,1.280000000000000000e+04
2.014060200000000000e+07,2.223750000000000000e+02,2.347500000000000000e+02,2.223750000000000000e+02,2.225000000000000000e+02,1.000000000000000000e+03
2.014060900000000000e+07,2.300000000000000000e+02,2.325000000000000000e+02,2.173750000000000000e+02,2.173750000000000000e+02,2.290000000000000000e+04
2.014061600000000000e+07,2.245000000000000000e+02,2.400000000000000000e+02,2.173750000000000000e+02,2.400000000000000000e+02,1.700000000000000000e+04
2.014062300000000000e+07,2.350000000000000000e+02,2.400000000000000000e+02,2.250000000000000000e+02,2.305000000000000000e+02,5.350000000000000000e+04
2.014063000000000000e+07,2.250000000000000000e+02,2.400000000000000000e+02,2.250000000000000000e+02,2.400000000000000000e+02,9.450000000000000000e+04
2.014070700000000000e+07,2.400000000000000000e+02,2.450000000000000000e+02,2.350000000000000000e+02,2.400000000000000000e+02,4.240000000000000000e+04
2.014071400000000000e+07,2.400000000000000000e+02,2.400000000000000000e+02,2.350000000000000000e+02,2.400000000000000000e+02,1.200000000000000000e+03
2.014072100000000000e+07,2.375000000000000000e+02,2.400000000000000000e+02,2.350000000000000000e+02,2.375000000000000000e+02,1.390000000000000000e+04
2.014072800000000000e+07,2.375000000000000000e+02,2.390000000000000000e+02,2.375000000000000000e+02,2.390000000000000000e+02,0.000000000000000000e+00
2.014080400000000000e+07,2.400000000000000000e+02,2.400000000000000000e+02,2.325000000000000000e+02,2.325000000000000000e+02,0.000000000000000000e+00
2.014081100000000000e+07,2.375000000000000000e+02,2.375000000000000000e+02,2.340000000000000000e+02,2.365000000000000000e+02,0.000000000000000000e+00
2.014081800000000000e+07,2.350000000000000000e+02,2.350000000000000000e+02,2.175000000000000000e+02,2.200000000000000000e+02,5.900000000000000000e+03
2.014090100000000000e+07,2.225000000000000000e+02,2.340000000000000000e+02,2.100000000000000000e+02,2.175000000000000000e+02,9.700000000000000000e+03
2.014090800000000000e+07,2.200000000000000000e+02,2.200000000000000000e+02,2.175000000000000000e+02,2.200000000000000000e+02,0.000000000000000000e+00
2.014091500000000000e+07,2.210000000000000000e+02,2.350000000000000000e+02,2.155000000000000000e+02,2.300000000000000000e+02,3.970000000000000000e+04
2.014092200000000000e+07,2.300000000000000000e+02,2.337500000000000000e+02,2.240000000000000000e+02,2.275000000000000000e+02,4.800000000000000000e+03
2.014092900000000000e+07,2.275000000000000000e+02,2.325000000000000000e+02,2.250000000000000000e+02,2.250000000000000000e+02,0.000000000000000000e+00
2.014100600000000000e+07,2.250000000000000000e+02,2.250000000000000000e+02,2.225000000000000000e+02,2.225000000000000000e+02,0.000000000000000000e+00
2.014101300000000000e+07,2.225000000000000000e+02,2.225000000000000000e+02,2.200000000000000000e+02,2.225000000000000000e+02,0.000000000000000000e+00
2.014102000000000000e+07,2.150000000000000000e+02,2.160000000000000000e+02,1.950000000000000000e+02,2.007500000000000000e+02,6.200000000000000000e+03
2.014102700000000000e+07,1.937500000000000000e+02,1.962500000000000000e+02,1.937500000000000000e+02,1.962500000000000000e+02,0.000000000000000000e+00
2.014110300000000000e+07,1.950000000000000000e+02,1.950000000000000000e+02,1.925000000000000000e+02,1.925000000000000000e+02,0.000000000000000000e+00
2.014111000000000000e+07,1.950000000000000000e+02,1.995000000000000000e+02,1.850000000000000000e+02,1.925000000000000000e+02,5.700000000000000000e+03
2.014111700000000000e+07,1.925000000000000000e+02,2.045000000000000000e+02,1.870000000000000000e+02,2.045000000000000000e+02,1.214000000000000000e+05
2.014112400000000000e+07,2.000000000000000000e+02,2.000000000000000000e+02,1.940000000000000000e+02,1.950000000000000000e+02,3.500000000000000000e+03
2.014120100000000000e+07,1.900000000000000000e+02,1.900000000000000000e+02,1.550000000000000000e+02,1.615000000000000000e+02,3.180000000000000000e+05
2.014120800000000000e+07,1.450000000000000000e+02,1.450000000000000000e+02,1.250000000000000000e+02,1.285000000000000000e+02,2.110000000000000000e+04
2.014121500000000000e+07,1.265000000000000000e+02,1.265000000000000000e+02,7.750000000000000000e+01,7.750000000000000000e+01,2.830000000000000000e+04
2.014122200000000000e+07,7.500000000000000000e+01,7.550000000000000000e+01,7.300000000000000000e+01,7.550000000000000000e+01,3.000000000000000000e+03
2.014122900000000000e+07,7.550000000000000000e+01,8.000000000000000000e+01,7.550000000000000000e+01,7.950000000000000000e+01,1.500000000000000000e+03
2.015010500000000000e+07,8.000000000000000000e+01,8.400000000000000000e+01,7.950000000000000000e+01,7.950000000000000000e+01,2.300000000000000000e+03
2.015011200000000000e+07,7.950000000000000000e+01,7.950000000000000000e+01,7.250000000000000000e+01,7.250000000000000000e+01,1.500000000000000000e+03
2.015011900000000000e+07,7.250000000000000000e+01,7.500000000000000000e+01,6.650000000000000000e+01,6.650000000000000000e+01,4.500000000000000000e+03
2.015012600000000000e+07,6.400000000000000000e+01,6.450000000000000000e+01,6.100000000000000000e+01,6.450000000000000000e+01,3.200000000000000000e+03
2.015020200000000000e+07,6.450000000000000000e+01,6.450000000000000000e+01,6.400000000000000000e+01,6.400000000000000000e+01,0.000000000000000000e+00
2.015020900000000000e+07,6.400000000000000000e+01,6.595999908447265625e+01,6.400000000000000000e+01,6.500000000000000000e+01,4.000000000000000000e+03
2.015021600000000000e+07,6.500000000000000000e+01,7.000000000000000000e+01,6.500000000000000000e+01,6.550000000000000000e+01,6.500000000000000000e+03
2.015022300000000000e+07,6.600000000000000000e+01,6.600000000000000000e+01,6.600000000000000000e+01,6.600000000000000000e+01,0.000000000000000000e+00
2.015030200000000000e+07,5.750000000000000000e+01,5.750000000000000000e+01,5.750000000000000000e+01,5.750000000000000000e+01,0.000000000000000000e+00
2.015030900000000000e+07,6.000000000000000000e+01,6.200000000000000000e+01,5.500000000000000000e+01,5.650000000000000000e+01,8.630000000000000000e+04
2.015031600000000000e+07,5.650000000000000000e+01,5.650000000000000000e+01,5.100000000000000000e+01,5.100000000000000000e+01,4.000000000000000000e+03
2.015032300000000000e+07,5.000000000000000000e+01,5.500000000000000000e+01,5.000000000000000000e+01,5.500000000000000000e+01,1.710000000000000000e+04
2.015033000000000000e+07,5.400000000000000000e+01,5.400000000000000000e+01,5.300000000000000000e+01,5.400000000000000000e+01,5.000000000000000000e+03
2.015040600000000000e+07,5.400000000000000000e+01,5.500000000000000000e+01,5.200000000000000000e+01,5.200000000000000000e+01,3.700000000000000000e+03
2.015041300000000000e+07,5.500000000000000000e+01,5.500000000000000000e+01,5.300000000000000000e+01,5.400000000000000000e+01,4.000000000000000000e+02
2.015042000000000000e+07,5.400000000000000000e+01,5.400000000000000000e+01,5.400000000000000000e+01,5.400000000000000000e+01,0.000000000000000000e+00
2.015042700000000000e+07,5.400000000000000000e+01,5.550000000000000000e+01,5.400000000000000000e+01,5.550000000000000000e+01,0.000000000000000000e+00
2.015050400000000000e+07,5.550000000000000000e+01,5.550000000000000000e+01,5.200000000000000000e+01,5.400000000000000000e+01,0.000000000000000000e+00
2.015051100000000000e+07,5.200000000000000000e+01,5.400000000000000000e+01,5.200000000000000000e+01,5.200000000000000000e+01,0.000000000000000000e+00
2.015051800000000000e+07,5.550000000000000000e+01,5.575000000000000000e+01,5.550000000000000000e+01,5.575000000000000000e+01,0.000000000000000000e+00
2.015052500000000000e+07,5.575000000000000000e+01,5.575000000000000000e+01,5.575000000000000000e+01,5.575000000000000000e+01,0.000000000000000000e+00
2.015060100000000000e+07,5.425000000000000000e+01,5.425000000000000000e+01,4.950000000000000000e+01,5.400000000000000000e+01,1.708000000000000000e+05
2.015060800000000000e+07,5.400000000000000000e+01,5.400000000000000000e+01,5.112500000000000000e+01,5.400000000000000000e+01,7.500000000000000000e+04
2.015061500000000000e+07,5.300000000000000000e+01,5.400000000000000000e+01,5.100000000000000000e+01,5.400000000000000000e+01,2.091000000000000000e+05
2.015062200000000000e+07,5.400000000000000000e+01,5.475000000000000000e+01,5.100000000000000000e+01,5.100000000000000000e+01,2.260000000000000000e+04
2.015062900000000000e+07,5.300000000000000000e+01,5.400000000000000000e+01,5.300000000000000000e+01,5.400000000000000000e+01,5.000000000000000000e+02
2.015070600000000000e+07,5.400000000000000000e+01,5.400000000000000000e+01,5.100000000000000000e+01,5.400000000000000000e+01,0.000000000000000000e+00
2.015071300000000000e+07,5.400000000000000000e+01,5.400000000000000000e+01,5.100000000000000000e+01,5.100000000000000000e+01,0.000000000000000000e+00
2.015072000000000000e+07,5.400000000000000000e+01,5.400000000000000000e+01,5.300000000000000000e+01,5.400000000000000000e+01,2.000000000000000000e+03
2.015072700000000000e+07,5.400000000000000000e+01,5.400000000000000000e+01,5.100000000000000000e+01,5.400000000000000000e+01,0.000000000000000000e+00
2.015080300000000000e+07,5.112500000000000000e+01,5.400000000000000000e+01,5.112500000000000000e+01,5.400000000000000000e+01,3.546000000000000000e+05
2.015081000000000000e+07,5.400000000000000000e+01,5.400000000000000000e+01,5.250000000000000000e+01,5.250000000000000000e+01,0.000000000000000000e+00
2.015081700000000000e+07,5.400000000000000000e+01,5.400000000000000000e+01,5.250000000000000000e+01,5.400000000000000000e+01,0.000000000000000000e+00
2.015082400000000000e+07,5.400000000000000000e+01,5.400000000000000000e+01,5.400000000000000000e+01,5.400000000000000000e+01,0.000000000000000000e+00
2.015083100000000000e+07,5.400000000000000000e+01,5.550000000000000000e+01,5.400000000000000000e+01,5.550000000000000000e+01,0.000000000000000000e+00
2.015090700000000000e+07,5.800000000000000000e+01,5.850000000000000000e+01,5.700000000000000000e+01,5.700000000000000000e+01,3.400000000000000000e+03
2.015091400000000000e+07,5.700000000000000000e+01,5.950000000000000000e+01,5.700000000000000000e+01,5.950000000000000000e+01,0.000000000000000000e+00
2.015092100000000000e+07,5.700000000000000000e+01,6.150000000000000000e+01,5.700000000000000000e+01,6.150000000000000000e+01,3.200000000000000000e+03
2.015092800000000000e+07,6.600000000000000000e+01,6.600000000000000000e+01,5.950000000000000000e+01,5.950000000000000000e+01,2.000000000000000000e+02
2.015100500000000000e+07,5.950000000000000000e+01,5.950000000000000000e+01,5.950000000000000000e+01,5.950000000000000000e+01,0.000000000000000000e+00
2.015101200000000000e+07,5.950000000000000000e+01,7.650000000000000000e+01,5.950000000000000000e+01,7.650000000000000000e+01,1.830000000000000000e+04
2.015101900000000000e+07,7.650000000000000000e+01,8.000000000000000000e+01,7.425000000000000000e+01,7.525000000000000000e+01,7.000000000000000000e+03
2.015102600000000000e+07,7.525000000000000000e+01,7.525000000000000000e+01,7.031500244140625000e+01,7.500000000000000000e+01,6.600000000000000000e+03
2.015110200000000000e+07,7.250000000000000000e+01,7.500000000000000000e+01,7.000000000000000000e+01,7.500000000000000000e+01,7.900000000000000000e+03
2.015110900000000000e+07,7.175000000000000000e+01,7.500000000000000000e+01,7.000000000000000000e+01,7.425000000000000000e+01,2.700000000000000000e+03
2.015111600000000000e+07,7.500000000000000000e+01,7.650000000000000000e+01,7.000000000000000000e+01,7.650000000000000000e+01,5.000000000000000000e+03
2.015112300000000000e+07,7.650000000000000000e+01,7.650000000000000000e+01,7.650000000000000000e+01,7.650000000000000000e+01,0.000000000000000000e+00
2.015113000000000000e+07,7.650000000000000000e+01,8.275000000000000000e+01,7.000000000000000000e+01,7.575000000000000000e+01,3.000000000000000000e+03
2.015120700000000000e+07,7.575000000000000000e+01,7.575000000000000000e+01,6.800000000000000000e+01,7.550000000000000000e+01,4.000000000000000000e+02
2.015121400000000000e+07,7.550000000000000000e+01,7.775000000000000000e+01,6.800000000000000000e+01,7.450000000000000000e+01,1.290000000000000000e+04
2.015122100000000000e+07,6.700000000000000000e+01,7.500000000000000000e+01,6.600000000000000000e+01,7.250000000000000000e+01,6.700000000000000000e+03
2.016010400000000000e+07,7.250000000000000000e+01,7.250000000000000000e+01,7.250000000000000000e+01,7.250000000000000000e+01,0.000000000000000000e+00
2.016011100000000000e+07,7.250000000000000000e+01,7.250000000000000000e+01,7.250000000000000000e+01,7.250000000000000000e+01,0.000000000000000000e+00
2.016011800000000000e+07,7.250000000000000000e+01,7.250000000000000000e+01,7.000000000000000000e+01,7.000000000000000000e+01,0.000000000000000000e+00
2.016012500000000000e+07,7.000000000000000000e+01,7.250000000000000000e+01,6.500000000000000000e+01,7.250000000000000000e+01,3.000000000000000000e+02
2.016020100000000000e+07,7.500000000000000000e+01,7.500000000000000000e+01,7.450000000000000000e+01,7.450000000000000000e+01,0.000000000000000000e+00
2.016020800000000000e+07,7.450000000000000000e+01,7.450000000000000000e+01,7.150000000000000000e+01,7.450000000000000000e+01,0.000000000000000000e+00
2.016021500000000000e+07,7.450000000000000000e+01,7.450000000000000000e+01,7.000000000000000000e+01,7.450000000000000000e+01,2.000000000000000000e+02
2.016022200000000000e+07,7.000000000000000000e+01,7.750000000000000000e+01,7.000000000000000000e+01,7.750000000000000000e+01,2.300000000000000000e+04
