2.007070200000000000e+07,5.475000000000000000e+02,5.580000000000000000e+02,4.570000000000000000e+02,4.600000000000000000e+02,1.279244960000000000e+08
2.007070900000000000e+07,4.600000000000000000e+02,5.000000000000000000e+02,4.590000000000000000e+02,4.740000000000000000e+02,6.347580000000000000e+07
2.007071600000000000e+07,4.702500000000000000e+02,4.850000000000000000e+02,4.472500000000000000e+02,4.725000000000000000e+02,2.570090000000000000e+07
2.007072300000000000e+07,4.600000000000000000e+02,4.770000000000000000e+02,4.105000000000000000e+02,4.330000000000000000e+02,3.389670000000000000e+07
2.007073000000000000e+07,4.265000000000000000e+02,4.750000000000000000e+02,4.080000000000000000e+02,4.687500000000000000e+02,4.261950000000000000e+07
2.007080600000000000e+07,4.622500000000000000e+02,4.850000000000000000e+02,4.412500000000000000e+02,4.500000000000000000e+02,3.212620000000000000e+07
2.007081300000000000e+07,4.567500000000000000e+02,4.735000000000000000e+02,3.900000000000000000e+02,4.150000000000000000e+02,3.030940000000000000e+07
2.007082000000000000e+07,4.210000000000000000e+02,4.700000000000000000e+02,4.210000000000000000e+02,4.547500000000000000e+02,2.397310000000000000e+07
2.007090300000000000e+07,4.670000000000000000e+02,4.930000000000000000e+02,4.602500000000000000e+02,4.742500000000000000e+02,1.553550000000000000e+07
2.007091000000000000e+07,4.812500000000000000e+02,4.927500000000000000e+02,4.680000000000000000e+02,4.802500000000000000e+02,1.110910000000000000e+07
2.007091700000000000e+07,4.760000000000000000e+02,4.920000000000000000e+02,4.370000000000000000e+02,4.777500000000000000e+02,1.670810000000000000e+07
2.007092400000000000e+07,4.700000000000000000e+02,4.832500000000000000e+02,4.530000000000000000e+02,4.650000000000000000e+02,1.819520000000000000e+07
2.007100100000000000e+07,4.700000000000000000e+02,4.700000000000000000e+02,4.195000000000000000e+02,4.225000000000000000e+02,2.256270000000000000e+07
2.007100800000000000e+07,4.250000000000000000e+02,4.577500000000000000e+02,4.145000000000000000e+02,4.500000000000000000e+02,2.625870000000000000e+07
2.007101500000000000e+07,4.475000000000000000e+02,4.600000000000000000e+02,4.177500000000000000e+02,4.425000000000000000e+02,1.581210000000000000e+07
2.007102200000000000e+07,4.377500000000000000e+02,4.505000000000000000e+02,4.125000000000000000e+02,4.405000000000000000e+02,1.002420000000000000e+07
2.007102900000000000e+07,4.520000000000000000e+02,4.520000000000000000e+02,4.220000000000000000e+02,4.370000000000000000e+02,7.338100000000000000e+06
2.007110500000000000e+07,4.210000000000000000e+02,4.380000000000000000e+02,3.920000000000000000e+02,3.980000000000000000e+02,7.470800000000000000e+06
2.007111200000000000e+07,3.990000000000000000e+02,4.227500000000000000e+02,3.880000000000000000e+02,4.120000000000000000e+02,1.341060000000000000e+07
2.007111900000000000e+07,4.102500000000000000e+02,4.180000000000000000e+02,3.650000000000000000e+02,3.940000000000000000e+02,8.920500000000000000e+06
2.007112600000000000e+07,4.000000000000000000e+02,4.132500000000000000e+02,3.762500000000000000e+02,3.882500000000000000e+02,1.134230000000000000e+07
2.007120300000000000e+07,3.892500000000000000e+02,4.410000000000000000e+02,3.800000000000000000e+02,4.380000000000000000e+02,8.923100000000000000e+06
2.007121000000000000e+07,4.280000000000000000e+02,4.372500000000000000e+02,3.905000000000000000e+02,4.100000000000000000e+02,7.676600000000000000e+06
2.007121700000000000e+07,4.050000000000000000e+02,4.327500000000000000e+02,3.900000000000000000e+02,4.207500000000000000e+02,7.693800000000000000e+06
2.007122400000000000e+07,4.167500000000000000e+02,4.400000000000000000e+02,4.167500000000000000e+02,4.222500000000000000e+02,2.883800000000000000e+06
2.007123100000000000e+07,4.205000000000000000e+02,4.400000000000000000e+02,3.997500000000000000e+02,4.015000000000000000e+02,6.260300000000000000e+06
2.008010700000000000e+07,4.187500000000000000e+02,4.190000000000000000e+02,3.752500000000000000e+02,3.805000000000000000e+02,1.362140000000000000e+07
2.008011400000000000e+07,3.767500000000000000e+02,4.022500000000000000e+02,3.717500000000000000e+02,3.832500000000000000e+02,1.054690000000000000e+07
2.008012100000000000e+07,3.795000000000000000e+02,3.845000000000000000e+02,3.232500000000000000e+02,3.680000000000000000e+02,1.312930000000000000e+07
2.008012800000000000e+07,3.700000000000000000e+02,3.970000000000000000e+02,3.477500000000000000e+02,3.787500000000000000e+02,9.376900000000000000e+06
2.008020400000000000e+07,3.795000000000000000e+02,3.892500000000000000e+02,3.517500000000000000e+02,3.577500000000000000e+02,6.357500000000000000e+06
2.008021100000000000e+07,3.525000000000000000e+02,3.760000000000000000e+02,3.437500000000000000e+02,3.590000000000000000e+02,8.191500000000000000e+06
2.008021800000000000e+07,3.637500000000000000e+02,3.775000000000000000e+02,3.572500000000000000e+02,3.635000000000000000e+02,1.268050000000000000e+07
2.008022500000000000e+07,3.680000000000000000e+02,4.067500000000000000e+02,3.622500000000000000e+02,3.910000000000000000e+02,1.693610000000000000e+07
2.008030300000000000e+07,3.877500000000000000e+02,4.157500000000000000e+02,3.830000000000000000e+02,4.000000000000000000e+02,2.053000000000000000e+07
2.008031000000000000e+07,4.000000000000000000e+02,4.230000000000000000e+02,3.830000000000000000e+02,3.935000000000000000e+02,1.419430000000000000e+07
2.008031700000000000e+07,3.815000000000000000e+02,4.140000000000000000e+02,3.720000000000000000e+02,4.005000000000000000e+02,1.412140000000000000e+07
2.008033100000000000e+07,4.050000000000000000e+02,4.382500000000000000e+02,4.047500000000000000e+02,4.107500000000000000e+02,1.003840000000000000e+07
2.008040700000000000e+07,4.167500000000000000e+02,4.397500000000000000e+02,4.002500000000000000e+02,4.295000000000000000e+02,1.097520000000000000e+07
2.008041400000000000e+07,4.280000000000000000e+02,4.465000000000000000e+02,4.140000000000000000e+02,4.190000000000000000e+02,1.224450000000000000e+07
2.008042100000000000e+07,4.227500000000000000e+02,4.287500000000000000e+02,4.057500000000000000e+02,4.250000000000000000e+02,0.000000000000000000e+00
2.008042800000000000e+07,4.260000000000000000e+02,4.320000000000000000e+02,3.860000000000000000e+02,3.982500000000000000e+02,0.000000000000000000e+00
2.008051200000000000e+07,4.095000000000000000e+02,4.175000000000000000e+02,3.940000000000000000e+02,4.037500000000000000e+02,0.000000000000000000e+00
2.008051900000000000e+07,4.045000000000000000e+02,4.090000000000000000e+02,3.840000000000000000e+02,3.880000000000000000e+02,0.000000000000000000e+00
2.008060200000000000e+07,3.650000000000000000e+02,3.650000000000000000e+02,3.440000000000000000e+02,3.527500000000000000e+02,0.000000000000000000e+00
2.008060900000000000e+07,3.522500000000000000e+02,3.547500000000000000e+02,3.122500000000000000e+02,3.245000000000000000e+02,0.000000000000000000e+00
2.008061600000000000e+07,3.245000000000000000e+02,3.282500000000000000e+02,2.997500000000000000e+02,3.172500000000000000e+02,0.000000000000000000e+00
2.008062300000000000e+07,3.185000000000000000e+02,3.222500000000000000e+02,2.885000000000000000e+02,2.920000000000000000e+02,0.000000000000000000e+00
2.008063000000000000e+07,2.937500000000000000e+02,2.985000000000000000e+02,2.560000000000000000e+02,2.595000000000000000e+02,0.000000000000000000e+00
2.008070700000000000e+07,2.632500000000000000e+02,2.657500000000000000e+02,2.455000000000000000e+02,2.462500000000000000e+02,5.449000000000000000e+06
2.008071400000000000e+07,2.497500000000000000e+02,2.550000000000000000e+02,2.247500000000000000e+02,2.452500000000000000e+02,1.554070000000000000e+07
2.008072100000000000e+07,2.442500000000000000e+02,2.630000000000000000e+02,2.372500000000000000e+02,2.510000000000000000e+02,2.622510000000000000e+07
2.008072800000000000e+07,2.535000000000000000e+02,2.597500000000000000e+02,2.410000000000000000e+02,2.500000000000000000e+02,2.364920000000000000e+07
2.008080400000000000e+07,2.517500000000000000e+02,3.062500000000000000e+02,2.502500000000000000e+02,3.010000000000000000e+02,2.319490000000000000e+07
2.008081100000000000e+07,3.032500000000000000e+02,3.223299865722656250e+02,2.940000000000000000e+02,3.152500000000000000e+02,1.188010000000000000e+07
2.008081800000000000e+07,3.155000000000000000e+02,3.282500000000000000e+02,2.992500000000000000e+02,3.250000000000000000e+02,1.252250000000000000e+07
2.008082500000000000e+07,3.250000000000000000e+02,3.300000000000000000e+02,3.082500000000000000e+02,3.267500000000000000e+02,7.923500000000000000e+06
2.008090100000000000e+07,3.227500000000000000e+02,3.345000000000000000e+02,3.015000000000000000e+02,3.037500000000000000e+02,1.459750000000000000e+07
2.008090800000000000e+07,3.157500000000000000e+02,3.534129943847656250e+02,2.922500000000000000e+02,3.040000000000000000e+02,1.118190000000000000e+07
2.008091500000000000e+07,3.037500000000000000e+02,3.065000000000000000e+02,2.630000000000000000e+02,2.880000000000000000e+02,2.512930000000000000e+07
2.008092200000000000e+07,2.850000000000000000e+02,2.877500000000000000e+02,2.477500000000000000e+02,2.675000000000000000e+02,1.493460000000000000e+07
2.008092900000000000e+07,2.682500000000000000e+02,2.780000000000000000e+02,2.410000000000000000e+02,2.575000000000000000e+02,1.767720000000000000e+07
2.008100600000000000e+07,2.475000000000000000e+02,2.655000000000000000e+02,2.235000000000000000e+02,2.297500000000000000e+02,1.730910000000000000e+07
2.008101300000000000e+07,2.385000000000000000e+02,2.422500000000000000e+02,1.970000000000000000e+02,2.135000000000000000e+02,1.921400000000000000e+07
2.008102000000000000e+07,2.225000000000000000e+02,2.225000000000000000e+02,1.750000000000000000e+02,1.942500000000000000e+02,9.883900000000000000e+06
2.008102700000000000e+07,1.852500000000000000e+02,2.270000000000000000e+02,1.765000000000000000e+02,2.245000000000000000e+02,7.722600000000000000e+06
2.008110300000000000e+07,2.257500000000000000e+02,2.400000000000000000e+02,2.207500000000000000e+02,2.332500000000000000e+02,1.072490000000000000e+07
2.008111000000000000e+07,2.405000000000000000e+02,2.512500000000000000e+02,1.875000000000000000e+02,1.905000000000000000e+02,1.355050000000000000e+07
2.008111700000000000e+07,1.915000000000000000e+02,1.917500000000000000e+02,1.490000000000000000e+02,1.537500000000000000e+02,1.944320000000000000e+07
2.008112400000000000e+07,1.560000000000000000e+02,1.800000000000000000e+02,1.250000000000000000e+02,1.660000000000000000e+02,3.328020000000000000e+07
2.008120100000000000e+07,1.667500000000000000e+02,1.787500000000000000e+02,1.537500000000000000e+02,1.687500000000000000e+02,1.125960000000000000e+07
2.008120800000000000e+07,1.765000000000000000e+02,1.962500000000000000e+02,1.740000000000000000e+02,1.797500000000000000e+02,1.003290000000000000e+07
2.008121500000000000e+07,1.797500000000000000e+02,2.067500000000000000e+02,1.710000000000000000e+02,1.972500000000000000e+02,1.390460000000000000e+07
2.008122200000000000e+07,1.940000000000000000e+02,2.072500000000000000e+02,1.915000000000000000e+02,1.915000000000000000e+02,3.583600000000000000e+06
2.008122900000000000e+07,1.917500000000000000e+02,2.182500000000000000e+02,1.882500000000000000e+02,2.160000000000000000e+02,3.347100000000000000e+06
2.009010500000000000e+07,2.200000000000000000e+02,2.230000000000000000e+02,1.980000000000000000e+02,2.097500000000000000e+02,1.089100000000000000e+07
2.009011200000000000e+07,2.070000000000000000e+02,2.112500000000000000e+02,1.837500000000000000e+02,1.862500000000000000e+02,7.228600000000000000e+06
2.009011900000000000e+07,1.907500000000000000e+02,1.995000000000000000e+02,1.720000000000000000e+02,1.927500000000000000e+02,8.016900000000000000e+06
2.009012600000000000e+07,1.960000000000000000e+02,2.067500000000000000e+02,1.797500000000000000e+02,1.832500000000000000e+02,1.375390000000000000e+07
2.009020200000000000e+07,1.840000000000000000e+02,1.867500000000000000e+02,1.710000000000000000e+02,1.732500000000000000e+02,6.354300000000000000e+06
2.009020900000000000e+07,1.740000000000000000e+02,1.760000000000000000e+02,1.595000000000000000e+02,1.630000000000000000e+02,7.929000000000000000e+06
2.009021600000000000e+07,1.570000000000000000e+02,1.570000000000000000e+02,1.327500000000000000e+02,1.372500000000000000e+02,1.066240000000000000e+07
2.009022300000000000e+07,1.400000000000000000e+02,1.437500000000000000e+02,1.195000000000000000e+02,1.235000000000000000e+02,1.580600000000000000e+07
2.009030200000000000e+07,1.197500000000000000e+02,1.312500000000000000e+02,1.182500000000000000e+02,1.255000000000000000e+02,1.006170000000000000e+07
2.009030900000000000e+07,1.260000000000000000e+02,1.662500000000000000e+02,1.190000000000000000e+02,1.645000000000000000e+02,1.170830000000000000e+07
2.009031600000000000e+07,1.677500000000000000e+02,1.770000000000000000e+02,1.535000000000000000e+02,1.622500000000000000e+02,1.645570000000000000e+07
2.009032300000000000e+07,1.660000000000000000e+02,1.722500000000000000e+02,1.565000000000000000e+02,1.597500000000000000e+02,1.493760000000000000e+07
2.009033000000000000e+07,1.555000000000000000e+02,1.697500000000000000e+02,1.435000000000000000e+02,1.667500000000000000e+02,1.035360000000000000e+07
2.009040600000000000e+07,1.670000000000000000e+02,1.777500000000000000e+02,1.492500000000000000e+02,1.605000000000000000e+02,1.299480000000000000e+07
2.009041300000000000e+07,1.605000000000000000e+02,1.670000000000000000e+02,1.500000000000000000e+02,1.587500000000000000e+02,1.372090000000000000e+07
2.009042000000000000e+07,1.600000000000000000e+02,1.627500000000000000e+02,1.490000000000000000e+02,1.610000000000000000e+02,1.284380000000000000e+07
2.009042700000000000e+07,1.605000000000000000e+02,1.815000000000000000e+02,1.502500000000000000e+02,1.762500000000000000e+02,8.736000000000000000e+06
2.009050400000000000e+07,1.762500000000000000e+02,2.115000000000000000e+02,1.762500000000000000e+02,1.985000000000000000e+02,1.054280000000000000e+07
2.009051100000000000e+07,1.972500000000000000e+02,2.010000000000000000e+02,1.647500000000000000e+02,1.782500000000000000e+02,8.908400000000000000e+06
2.009051800000000000e+07,1.787500000000000000e+02,2.000000000000000000e+02,1.762500000000000000e+02,1.962500000000000000e+02,8.056700000000000000e+06
2.009052500000000000e+07,1.962500000000000000e+02,2.230000000000000000e+02,1.940000000000000000e+02,2.165000000000000000e+02,7.534500000000000000e+06
2.009060100000000000e+07,2.195000000000000000e+02,2.367500000000000000e+02,2.117500000000000000e+02,2.250000000000000000e+02,9.314000000000000000e+06
2.009060800000000000e+07,2.225000000000000000e+02,2.307500000000000000e+02,2.177500000000000000e+02,2.270000000000000000e+02,7.586000000000000000e+06
2.009061500000000000e+07,2.240000000000000000e+02,2.262500000000000000e+02,1.952500000000000000e+02,1.990000000000000000e+02,7.583100000000000000e+06
2.009062200000000000e+07,2.002500000000000000e+02,2.090000000000000000e+02,1.820000000000000000e+02,2.057500000000000000e+02,8.747200000000000000e+06
2.009062900000000000e+07,2.072500000000000000e+02,2.140000000000000000e+02,1.940000000000000000e+02,2.020000000000000000e+02,7.261400000000000000e+06
2.009070600000000000e+07,1.990000000000000000e+02,2.055000000000000000e+02,1.905000000000000000e+02,1.905000000000000000e+02,7.200400000000000000e+06
2.009071300000000000e+07,1.890000000000000000e+02,2.097500000000000000e+02,1.875000000000000000e+02,2.065000000000000000e+02,5.717300000000000000e+06
2.009072000000000000e+07,2.077500000000000000e+02,2.485000000000000000e+02,2.077500000000000000e+02,2.470000000000000000e+02,1.125370000000000000e+07
2.009072700000000000e+07,2.495000000000000000e+02,2.687500000000000000e+02,2.387500000000000000e+02,2.650000000000000000e+02,8.297200000000000000e+06
2.009080300000000000e+07,2.620000000000000000e+02,2.850000000000000000e+02,2.582999877929687500e+02,2.790000000000000000e+02,1.164530000000000000e+07
2.009081000000000000e+07,2.786999999999999886e+02,2.852000122070312500e+02,2.622500000000000000e+02,2.738000000000000114e+02,1.077720000000000000e+07
2.009081700000000000e+07,2.713000000000000114e+02,2.911000061035156250e+02,2.635000000000000000e+02,2.896000000000000227e+02,4.900400000000000000e+06
2.009082400000000000e+07,2.901000000000000227e+02,2.997999877929687500e+02,2.801000061035156250e+02,2.936000000000000227e+02,6.423800000000000000e+06
2.009083100000000000e+07,2.936000000000000227e+02,2.936000061035156250e+02,2.780000000000000000e+02,2.896000000000000227e+02,6.438600000000000000e+06
2.009090700000000000e+07,2.906000000000000227e+02,3.042000122070312500e+02,2.903999938964843750e+02,3.011999999999999886e+02,6.505100000000000000e+06
2.009091400000000000e+07,2.961999999999999886e+02,3.302000122070312500e+02,2.912999877929687500e+02,3.216999999999999886e+02,7.436400000000000000e+06
2.009092100000000000e+07,3.215000000000000000e+02,3.342000122070312500e+02,3.116000061035156250e+02,3.211000000000000227e+02,9.578700000000000000e+06
2.009092800000000000e+07,3.235000000000000000e+02,3.240000000000000000e+02,3.007000122070312500e+02,3.081000000000000227e+02,8.155200000000000000e+06
2.009100500000000000e+07,3.110000000000000000e+02,3.410000000000000000e+02,3.038999938964843750e+02,3.333000000000000114e+02,6.017900000000000000e+06
2.009101200000000000e+07,3.376999999999999886e+02,3.617999877929687500e+02,3.371000061035156250e+02,3.446999999999999886e+02,5.788300000000000000e+06
2.009101900000000000e+07,3.486999999999999886e+02,3.546000061035156250e+02,3.336000061035156250e+02,3.510000000000000000e+02,4.487000000000000000e+06
2.009102600000000000e+07,3.516000000000000227e+02,3.545000000000000000e+02,3.140000000000000000e+02,3.373000000000000114e+02,5.830600000000000000e+06
2.009110200000000000e+07,3.355000000000000000e+02,3.525000000000000000e+02,3.286000061035156250e+02,3.451999999999999886e+02,5.085800000000000000e+06
2.009110900000000000e+07,3.498999999999999773e+02,3.545000000000000000e+02,3.297000122070312500e+02,3.470000000000000000e+02,5.642900000000000000e+06
2.009111600000000000e+07,3.506000000000000227e+02,3.526000061035156250e+02,3.242000122070312500e+02,3.273999999999999773e+02,5.552600000000000000e+06
2.009112300000000000e+07,3.343999999999999773e+02,3.430000000000000000e+02,3.047000122070312500e+02,3.280000000000000000e+02,5.508600000000000000e+06
2.009113000000000000e+07,3.301999999999999886e+02,3.487999877929687500e+02,3.290000000000000000e+02,3.428000000000000114e+02,5.777000000000000000e+06
2.009120700000000000e+07,3.420000000000000000e+02,3.463999938964843750e+02,3.205000000000000000e+02,3.365000000000000000e+02,6.254900000000000000e+06
2.009121400000000000e+07,3.371000000000000227e+02,3.416000061035156250e+02,3.252000122070312500e+02,3.265000000000000000e+02,4.915400000000000000e+06
2.009122100000000000e+07,3.266000000000000227e+02,3.298999938964843750e+02,3.213999938964843750e+02,3.270000000000000000e+02,1.844500000000000000e+06
2.009122800000000000e+07,3.270000000000000000e+02,3.408999938964843750e+02,3.245000000000000000e+02,3.350000000000000000e+02,1.265300000000000000e+06
2.010010400000000000e+07,3.350000000000000000e+02,3.818999938964843750e+02,3.350000000000000000e+02,3.791000000000000227e+02,4.816200000000000000e+06
2.010011100000000000e+07,3.790000000000000000e+02,3.842999877929687500e+02,3.502999877929687500e+02,3.641000000000000227e+02,6.161400000000000000e+06
2.010011800000000000e+07,3.601999999999999886e+02,3.763999938964843750e+02,3.591000061035156250e+02,3.686000000000000227e+02,5.643500000000000000e+06
2.010012500000000000e+07,3.636999999999999886e+02,3.682999877929687500e+02,3.476000061035156250e+02,3.570000000000000000e+02,6.705100000000000000e+06
2.010020100000000000e+07,3.570000000000000000e+02,4.691000061035156250e+02,3.373999938964843750e+02,3.391000000000000227e+02,7.056200000000000000e+06
2.010020800000000000e+07,3.415000000000000000e+02,3.467000122070312500e+02,3.341000061035156250e+02,3.396000000000000227e+02,6.124000000000000000e+06
2.010021500000000000e+07,3.411000000000000227e+02,3.591000061035156250e+02,3.397000122070312500e+02,3.590000000000000000e+02,4.835300000000000000e+06
2.010022200000000000e+07,3.605000000000000000e+02,3.942000122070312500e+02,3.590000000000000000e+02,3.806000000000000227e+02,1.013840000000000000e+07
2.010030100000000000e+07,3.816999999999999886e+02,4.450000000000000000e+02,3.816000061035156250e+02,4.450000000000000000e+02,8.219600000000000000e+06
2.010030800000000000e+07,4.356999999999999886e+02,4.662000122070312500e+02,4.266000061035156250e+02,4.560000000000000000e+02,7.387300000000000000e+06
2.010031500000000000e+07,4.546000000000000227e+02,4.880000000000000000e+02,4.522000122070312500e+02,4.698999999999999773e+02,7.819800000000000000e+06
2.010032200000000000e+07,4.666000000000000227e+02,4.840000000000000000e+02,4.606000061035156250e+02,4.640000000000000000e+02,7.310900000000000000e+06
2.010032900000000000e+07,4.686000000000000227e+02,4.720000000000000000e+02,4.573999938964843750e+02,4.691000000000000227e+02,7.360700000000000000e+06
2.010040500000000000e+07,4.691000000000000227e+02,4.762999877929687500e+02,4.585000000000000000e+02,4.650000000000000000e+02,6.594900000000000000e+06
2.010041200000000000e+07,4.685000000000000000e+02,4.708999938964843750e+02,4.492999877929687500e+02,4.513999999999999773e+02,6.299900000000000000e+06
2.010041900000000000e+07,4.503999999999999773e+02,4.713999938964843750e+02,4.432999877929687500e+02,4.570000000000000000e+02,6.750300000000000000e+06
2.010042600000000000e+07,4.620000000000000000e+02,4.667999877929687500e+02,4.397999877929687500e+02,4.450000000000000000e+02,7.178500000000000000e+06
2.010050300000000000e+07,4.450000000000000000e+02,4.691000061035156250e+02,3.932999877929687500e+02,3.978999999999999773e+02,8.731400000000000000e+06
2.010051000000000000e+07,4.128999999999999773e+02,4.535000000000000000e+02,4.128999938964843750e+02,4.220000000000000000e+02,9.048600000000000000e+06
2.010051700000000000e+07,4.163999999999999773e+02,4.460000000000000000e+02,3.861000061035156250e+02,3.998000000000000114e+02,9.904300000000000000e+06
2.010052400000000000e+07,4.001999999999999886e+02,4.283999938964843750e+02,3.696000061035156250e+02,4.185000000000000000e+02,1.077340000000000000e+07
2.010053100000000000e+07,4.185000000000000000e+02,4.185000000000000000e+02,3.945000000000000000e+02,3.963999999999999773e+02,7.785400000000000000e+06
2.010060700000000000e+07,3.948999999999999773e+02,4.103999938964843750e+02,3.781000061035156250e+02,4.070000000000000000e+02,7.524600000000000000e+06
2.010061400000000000e+07,4.135000000000000000e+02,4.258999938964843750e+02,4.071000061035156250e+02,4.196999999999999886e+02,8.522600000000000000e+06
2.010062100000000000e+07,4.258999999999999773e+02,4.371000061035156250e+02,3.922999877929687500e+02,3.925000000000000000e+02,6.670600000000000000e+06
2.010062800000000000e+07,3.960000000000000000e+02,4.055000000000000000e+02,3.678999938964843750e+02,3.710000000000000000e+02,9.697800000000000000e+06
2.010070500000000000e+07,3.713000000000000114e+02,4.098999938964843750e+02,3.662999877929687500e+02,4.083999999999999773e+02,5.985400000000000000e+06
2.010071200000000000e+07,4.073000000000000114e+02,4.161000061035156250e+02,4.012999877929687500e+02,4.031000000000000227e+02,8.471500000000000000e+06
2.010071900000000000e+07,4.040000000000000000e+02,4.500000000000000000e+02,3.941000061035156250e+02,4.483000000000000114e+02,9.541100000000000000e+06
2.010072600000000000e+07,4.501999999999999886e+02,4.582999877929687500e+02,4.432000122070312500e+02,4.505000000000000000e+02,7.468100000000000000e+06
2.010080200000000000e+07,4.580000000000000000e+02,4.773999938964843750e+02,4.551000061035156250e+02,4.695000000000000000e+02,6.117500000000000000e+06
2.010080900000000000e+07,4.756000000000000227e+02,4.823999938964843750e+02,4.501000061035156250e+02,4.643000000000000114e+02,5.662600000000000000e+06
2.010081600000000000e+07,4.696999999999999886e+02,4.912999877929687500e+02,4.626000061035156250e+02,4.726000000000000227e+02,4.572500000000000000e+06
2.010082300000000000e+07,4.696999999999999886e+02,4.787999877929687500e+02,4.420000000000000000e+02,4.608999999999999773e+02,5.766300000000000000e+06
2.010083000000000000e+07,4.608999999999999773e+02,5.030000000000000000e+02,4.555000000000000000e+02,4.981999999999999886e+02,5.877700000000000000e+06
2.010090600000000000e+07,4.956999999999999886e+02,5.015000000000000000e+02,4.843999938964843750e+02,4.996999999999999886e+02,3.601900000000000000e+06
2.010091300000000000e+07,5.085000000000000000e+02,5.190000000000000000e+02,5.035000000000000000e+02,5.110000000000000000e+02,4.297800000000000000e+06
2.010092000000000000e+07,5.105000000000000000e+02,5.140000000000000000e+02,4.970000000000000000e+02,5.095000000000000000e+02,3.866000000000000000e+06
2.010092700000000000e+07,5.090000000000000000e+02,5.330000000000000000e+02,5.020000000000000000e+02,5.240000000000000000e+02,3.321600000000000000e+06
2.010100400000000000e+07,5.260000000000000000e+02,5.430000000000000000e+02,5.135000000000000000e+02,5.365000000000000000e+02,3.820100000000000000e+06
2.010101100000000000e+07,5.355000000000000000e+02,5.500000000000000000e+02,5.320000000000000000e+02,5.460000000000000000e+02,2.680300000000000000e+06
2.010101800000000000e+07,5.400000000000000000e+02,5.620000000000000000e+02,5.375000000000000000e+02,5.425000000000000000e+02,2.545000000000000000e+06
2.010102500000000000e+07,5.455000000000000000e+02,5.520000000000000000e+02,5.025000000000000000e+02,5.200000000000000000e+02,3.455000000000000000e+06
2.010110100000000000e+07,5.290000000000000000e+02,5.385000000000000000e+02,5.065000000000000000e+02,5.160000000000000000e+02,3.683800000000000000e+06
2.010110800000000000e+07,5.145000000000000000e+02,5.350000000000000000e+02,4.860000000000000000e+02,4.980000000000000000e+02,5.080400000000000000e+06
2.010111500000000000e+07,4.951000000000000227e+02,5.150000000000000000e+02,4.892000122070312500e+02,4.948000000000000114e+02,4.076500000000000000e+06
2.010112200000000000e+07,5.020000000000000000e+02,5.045000000000000000e+02,4.591000061035156250e+02,4.861000000000000227e+02,7.659800000000000000e+06
2.010112900000000000e+07,4.873000000000000114e+02,5.061799926757812500e+02,4.587000122070312500e+02,5.015000000000000000e+02,6.975600000000000000e+06
2.010120600000000000e+07,5.030000000000000000e+02,5.045000000000000000e+02,4.838999938964843750e+02,4.948999999999999773e+02,4.251200000000000000e+06
2.010121300000000000e+07,4.975000000000000000e+02,5.005000000000000000e+02,4.757000122070312500e+02,4.835000000000000000e+02,5.490700000000000000e+06
2.010122000000000000e+07,4.861000000000000227e+02,5.230000000000000000e+02,4.815000000000000000e+02,5.060000000000000000e+02,2.897900000000000000e+06
2.010122700000000000e+07,5.060000000000000000e+02,5.300000000000000000e+02,5.000000000000000000e+02,5.275000000000000000e+02,1.866000000000000000e+06
2.011011000000000000e+07,5.140000000000000000e+02,5.315000000000000000e+02,5.025000000000000000e+02,5.290000000000000000e+02,3.053900000000000000e+06
2.011011700000000000e+07,5.290000000000000000e+02,5.335000000000000000e+02,4.897999877929687500e+02,4.898000000000000114e+02,3.521600000000000000e+06
2.011012400000000000e+07,4.925000000000000000e+02,5.300000000000000000e+02,4.837999877929687500e+02,5.100000000000000000e+02,7.125100000000000000e+06
2.011013100000000000e+07,5.085000000000000000e+02,5.275000000000000000e+02,4.947000122070312500e+02,5.250000000000000000e+02,4.322700000000000000e+06
2.011020700000000000e+07,5.265000000000000000e+02,5.370000000000000000e+02,5.115000000000000000e+02,5.280000000000000000e+02,5.174800000000000000e+06
2.011021400000000000e+07,5.320000000000000000e+02,5.440000000000000000e+02,5.280000000000000000e+02,5.350000000000000000e+02,2.900500000000000000e+06
2.011022100000000000e+07,5.350000000000000000e+02,5.520000000000000000e+02,5.300000000000000000e+02,5.475000000000000000e+02,5.275000000000000000e+06
2.011022800000000000e+07,5.475000000000000000e+02,5.675000000000000000e+02,5.300000000000000000e+02,5.675000000000000000e+02,4.097700000000000000e+06
2.011030700000000000e+07,5.655000000000000000e+02,5.750000000000000000e+02,5.445000000000000000e+02,5.530000000000000000e+02,4.632800000000000000e+06
2.011031400000000000e+07,5.510000000000000000e+02,5.615000000000000000e+02,5.275000000000000000e+02,5.510000000000000000e+02,5.635000000000000000e+06
2.011032100000000000e+07,5.590000000000000000e+02,5.870000000000000000e+02,5.510000000000000000e+02,5.820000000000000000e+02,3.396400000000000000e+06
2.011032800000000000e+07,5.810000000000000000e+02,6.085000000000000000e+02,5.785000000000000000e+02,6.085000000000000000e+02,3.601800000000000000e+06
2.011040400000000000e+07,6.040000000000000000e+02,6.130000000000000000e+02,5.960000000000000000e+02,6.078809999999999718e+02,3.100300000000000000e+06
2.011041100000000000e+07,6.115000000000000000e+02,6.181870117187500000e+02,5.650000000000000000e+02,5.725000000000000000e+02,3.492600000000000000e+06
2.011041800000000000e+07,5.735000000000000000e+02,5.940000000000000000e+02,5.580000000000000000e+02,5.880000000000000000e+02,3.370300000000000000e+06
2.011050900000000000e+07,6.030000000000000000e+02,6.180000000000000000e+02,5.980000000000000000e+02,6.060000000000000000e+02,7.184400000000000000e+06
2.011051600000000000e+07,6.045000000000000000e+02,6.140000000000000000e+02,5.920000000000000000e+02,6.025000000000000000e+02,3.971600000000000000e+06
2.011052300000000000e+07,5.935000000000000000e+02,6.055000000000000000e+02,5.815000000000000000e+02,6.040000000000000000e+02,7.038900000000000000e+06
2.011060600000000000e+07,5.990000000000000000e+02,6.355000000000000000e+02,5.965000000000000000e+02,6.090000000000000000e+02,4.499400000000000000e+06
2.011061300000000000e+07,6.100000000000000000e+02,6.216630249023437500e+02,5.885000000000000000e+02,5.995000000000000000e+02,5.511200000000000000e+06
2.011062000000000000e+07,5.945000000000000000e+02,6.130000000000000000e+02,5.865000000000000000e+02,5.890000000000000000e+02,4.059300000000000000e+06
2.011062700000000000e+07,5.865000000000000000e+02,6.415000000000000000e+02,5.835000000000000000e+02,6.390000000000000000e+02,4.358200000000000000e+06
2.011070400000000000e+07,6.370000000000000000e+02,6.685000000000000000e+02,6.370000000000000000e+02,6.550000000000000000e+02,3.734400000000000000e+06
2.011071100000000000e+07,6.460000000000000000e+02,6.534749755859375000e+02,6.155000000000000000e+02,6.235000000000000000e+02,6.290600000000000000e+06
2.011071800000000000e+07,6.195000000000000000e+02,6.405000000000000000e+02,5.920000000000000000e+02,6.175000000000000000e+02,6.616000000000000000e+06
2.011072500000000000e+07,6.120000000000000000e+02,6.316939697265625000e+02,5.960000000000000000e+02,5.990000000000000000e+02,6.061900000000000000e+06
2.011080100000000000e+07,6.105000000000000000e+02,6.150000000000000000e+02,5.055000000000000000e+02,5.225000000000000000e+02,8.877800000000000000e+06
2.011080800000000000e+07,5.175000000000000000e+02,5.405000000000000000e+02,4.727999877929687500e+02,5.355000000000000000e+02,9.758100000000000000e+06
2.011081500000000000e+07,5.460000000000000000e+02,5.460000000000000000e+02,3.537999877929687500e+02,4.921000000000000227e+02,7.170700000000000000e+06
2.011082200000000000e+07,4.833999999999999773e+02,5.155000000000000000e+02,4.833999938964843750e+02,5.070000000000000000e+02,4.931300000000000000e+06
2.011090500000000000e+07,5.235000000000000000e+02,5.380000000000000000e+02,5.080000000000000000e+02,5.225000000000000000e+02,4.563300000000000000e+06
2.011091200000000000e+07,5.105000000000000000e+02,5.510000000000000000e+02,5.010000000000000000e+02,5.510000000000000000e+02,5.911400000000000000e+06
2.011091900000000000e+07,5.345000000000000000e+02,5.395000000000000000e+02,4.600000000000000000e+02,4.770000000000000000e+02,6.157300000000000000e+06
2.011092600000000000e+07,4.666999999999999886e+02,5.045000000000000000e+02,4.612999877929687500e+02,4.736999999999999886e+02,5.497200000000000000e+06
2.011100300000000000e+07,4.613000000000000114e+02,4.932000122070312500e+02,4.467000122070312500e+02,4.850000000000000000e+02,7.580200000000000000e+06
2.011101000000000000e+07,4.856999999999999886e+02,5.290000000000000000e+02,4.830000000000000000e+02,4.961000000000000227e+02,4.361800000000000000e+06
2.011101700000000000e+07,5.015000000000000000e+02,5.110000000000000000e+02,4.442000122070312500e+02,4.531999999999999886e+02,6.838800000000000000e+06
2.011102400000000000e+07,4.591000000000000227e+02,4.932999877929687500e+02,4.547000122070312500e+02,4.883999999999999773e+02,6.915500000000000000e+06
2.011103100000000000e+07,4.650000000000000000e+02,5.260999755859375000e+02,4.461000061035156250e+02,4.655000000000000000e+02,8.767900000000000000e+06
2.011110700000000000e+07,4.581999999999999886e+02,4.743999938964843750e+02,4.418999938964843750e+02,4.630000000000000000e+02,6.528100000000000000e+06
2.011111400000000000e+07,4.635000000000000000e+02,4.643999938964843750e+02,4.370000000000000000e+02,4.446999999999999886e+02,5.946400000000000000e+06
2.011112100000000000e+07,4.428999999999999773e+02,4.428999938964843750e+02,4.072000122070312500e+02,4.150000000000000000e+02,8.966200000000000000e+06
2.011112800000000000e+07,4.200000000000000000e+02,4.661000061035156250e+02,4.200000000000000000e+02,4.636000000000000227e+02,6.990000000000000000e+06
2.011120500000000000e+07,4.676999999999999886e+02,4.777000122070312500e+02,4.442000122070312500e+02,4.571999999999999886e+02,5.999900000000000000e+06
2.011121200000000000e+07,4.556999999999999886e+02,4.597000122070312500e+02,4.261000061035156250e+02,4.391999999999999886e+02,6.688500000000000000e+06
2.011121900000000000e+07,4.358999999999999773e+02,4.540000000000000000e+02,4.295000000000000000e+02,4.500000000000000000e+02,3.399200000000000000e+06
2.011122600000000000e+07,4.500000000000000000e+02,4.595000000000000000e+02,4.470000000000000000e+02,4.550000000000000000e+02,1.173800000000000000e+06
2.012010200000000000e+07,4.550000000000000000e+02,4.798999938964843750e+02,4.550000000000000000e+02,4.728999999999999773e+02,2.787900000000000000e+06
2.012010900000000000e+07,4.736999999999999886e+02,4.977000122070312500e+02,4.626000061035156250e+02,4.868000000000000114e+02,3.894800000000000000e+06
2.012011600000000000e+07,4.843000000000000114e+02,5.110000000000000000e+02,4.822999877929687500e+02,5.045000000000000000e+02,3.791300000000000000e+06
2.012012300000000000e+07,5.060000000000000000e+02,5.430000000000000000e+02,4.948999938964843750e+02,5.165000000000000000e+02,4.392700000000000000e+06
2.012013000000000000e+07,5.105000000000000000e+02,5.405000000000000000e+02,5.040000000000000000e+02,5.355000000000000000e+02,4.490100000000000000e+06
2.012020600000000000e+07,5.320000000000000000e+02,5.410000000000000000e+02,5.205000000000000000e+02,5.300000000000000000e+02,3.831100000000000000e+06
2.012021300000000000e+07,5.340000000000000000e+02,5.755000000000000000e+02,5.325000000000000000e+02,5.540000000000000000e+02,5.005000000000000000e+06
2.012022000000000000e+07,5.585000000000000000e+02,5.890000000000000000e+02,5.515000000000000000e+02,5.805000000000000000e+02,4.521000000000000000e+06
2.012022700000000000e+07,5.790000000000000000e+02,6.030000000000000000e+02,5.715000000000000000e+02,5.960000000000000000e+02,6.054800000000000000e+06
2.012030500000000000e+07,5.920000000000000000e+02,6.140000000000000000e+02,5.770000000000000000e+02,6.100000000000000000e+02,6.976900000000000000e+06
2.012031200000000000e+07,6.085000000000000000e+02,6.245000000000000000e+02,5.990000000000000000e+02,6.175000000000000000e+02,6.705700000000000000e+06
2.012031900000000000e+07,6.160000000000000000e+02,6.180000000000000000e+02,5.785000000000000000e+02,5.890000000000000000e+02,6.012000000000000000e+06
2.012032600000000000e+07,5.900000000000000000e+02,6.225000000000000000e+02,5.775000000000000000e+02,5.895000000000000000e+02,5.084200000000000000e+06
2.012040200000000000e+07,5.940000000000000000e+02,5.945000000000000000e+02,5.540000000000000000e+02,5.635000000000000000e+02,4.932000000000000000e+06
2.012040900000000000e+07,5.635000000000000000e+02,5.635000000000000000e+02,5.345000000000000000e+02,5.505000000000000000e+02,4.474800000000000000e+06
2.012041600000000000e+07,5.500000000000000000e+02,5.810000000000000000e+02,5.485000000000000000e+02,5.640000000000000000e+02,6.711800000000000000e+06
2.012042300000000000e+07,5.560000000000000000e+02,5.830000000000000000e+02,5.490000000000000000e+02,5.825000000000000000e+02,5.795000000000000000e+06
2.012043000000000000e+07,5.840000000000000000e+02,5.875000000000000000e+02,5.450000000000000000e+02,5.475000000000000000e+02,4.782600000000000000e+06
2.012050700000000000e+07,5.475000000000000000e+02,5.490000000000000000e+02,5.210000000000000000e+02,5.365000000000000000e+02,6.168700000000000000e+06
2.012051400000000000e+07,5.300000000000000000e+02,5.340000000000000000e+02,4.957000122070312500e+02,5.015000000000000000e+02,6.571100000000000000e+06
2.012052100000000000e+07,5.010000000000000000e+02,5.235000000000000000e+02,4.982999877929687500e+02,5.000000000000000000e+02,5.631200000000000000e+06
2.012052800000000000e+07,5.065000000000000000e+02,5.255000000000000000e+02,4.942000122070312500e+02,5.015000000000000000e+02,5.807800000000000000e+06
2.012060400000000000e+07,5.015000000000000000e+02,5.400000000000000000e+02,5.015000000000000000e+02,5.230000000000000000e+02,3.895300000000000000e+06
2.012061100000000000e+07,5.375000000000000000e+02,5.420000000000000000e+02,5.155000000000000000e+02,5.320000000000000000e+02,6.422300000000000000e+06
2.012061800000000000e+07,5.400000000000000000e+02,5.805000000000000000e+02,5.295000000000000000e+02,5.450000000000000000e+02,6.616700000000000000e+06
2.012062500000000000e+07,5.425000000000000000e+02,5.465000000000000000e+02,5.195000000000000000e+02,5.450000000000000000e+02,5.470100000000000000e+06
2.012070200000000000e+07,5.445000000000000000e+02,5.775000000000000000e+02,5.425000000000000000e+02,5.620000000000000000e+02,4.457900000000000000e+06
2.012070900000000000e+07,5.595000000000000000e+02,5.645000000000000000e+02,5.440000000000000000e+02,5.515000000000000000e+02,3.850700000000000000e+06
2.012071600000000000e+07,5.545000000000000000e+02,5.815000000000000000e+02,5.520000000000000000e+02,5.630000000000000000e+02,2.739300000000000000e+06
2.012072300000000000e+07,5.585000000000000000e+02,5.585000000000000000e+02,5.370000000000000000e+02,5.510000000000000000e+02,3.621400000000000000e+06
2.012073000000000000e+07,5.525000000000000000e+02,5.550000000000000000e+02,5.350000000000000000e+02,5.535000000000000000e+02,4.056200000000000000e+06
2.012080600000000000e+07,5.520000000000000000e+02,5.785000000000000000e+02,5.520000000000000000e+02,5.755000000000000000e+02,2.983300000000000000e+06
2.012081300000000000e+07,5.765000000000000000e+02,5.765000000000000000e+02,5.592429809570312500e+02,5.700000000000000000e+02,2.266600000000000000e+06
2.012082000000000000e+07,5.690000000000000000e+02,5.765000000000000000e+02,5.435000000000000000e+02,5.490000000000000000e+02,2.695900000000000000e+06
2.012082700000000000e+07,5.490000000000000000e+02,5.650000000000000000e+02,5.410000000000000000e+02,5.545000000000000000e+02,3.034300000000000000e+06
2.012090300000000000e+07,5.515000000000000000e+02,5.935000000000000000e+02,5.475000000000000000e+02,5.895000000000000000e+02,3.826900000000000000e+06
2.012091000000000000e+07,5.890000000000000000e+02,6.535000000000000000e+02,5.825000000000000000e+02,6.310000000000000000e+02,3.338700000000000000e+06
2.012091700000000000e+07,6.185000000000000000e+02,6.305000000000000000e+02,6.080000000000000000e+02,6.160000000000000000e+02,5.807800000000000000e+06
2.012092400000000000e+07,6.140000000000000000e+02,6.335000000000000000e+02,6.050000000000000000e+02,6.300000000000000000e+02,4.833300000000000000e+06
2.012100100000000000e+07,6.290000000000000000e+02,6.385000000000000000e+02,6.150000000000000000e+02,6.385000000000000000e+02,4.644200000000000000e+06
2.012100800000000000e+07,6.390000000000000000e+02,6.622100219726562500e+02,6.305000000000000000e+02,6.585000000000000000e+02,4.889500000000000000e+06
2.012101500000000000e+07,6.560000000000000000e+02,6.750000000000000000e+02,6.500000000000000000e+02,6.705000000000000000e+02,4.101300000000000000e+06
2.012102200000000000e+07,6.715000000000000000e+02,6.780000000000000000e+02,6.565000000000000000e+02,6.715000000000000000e+02,3.413500000000000000e+06
2.012102900000000000e+07,6.675000000000000000e+02,6.835000000000000000e+02,6.585000000000000000e+02,6.700000000000000000e+02,3.767500000000000000e+06
2.012110500000000000e+07,6.685000000000000000e+02,6.765000000000000000e+02,6.515000000000000000e+02,6.545000000000000000e+02,3.937100000000000000e+06
2.012111200000000000e+07,6.535000000000000000e+02,6.600000000000000000e+02,6.250000000000000000e+02,6.250000000000000000e+02,5.621700000000000000e+06
2.012111900000000000e+07,6.320000000000000000e+02,6.470000000000000000e+02,6.310000000000000000e+02,6.435000000000000000e+02,4.768900000000000000e+06
2.012112600000000000e+07,6.415000000000000000e+02,6.505000000000000000e+02,6.325000000000000000e+02,6.415000000000000000e+02,4.325700000000000000e+06
2.012120300000000000e+07,6.395000000000000000e+02,6.605000000000000000e+02,6.355000000000000000e+02,6.580000000000000000e+02,4.509200000000000000e+06
2.012121000000000000e+07,6.510000000000000000e+02,6.700000000000000000e+02,6.435000000000000000e+02,6.655000000000000000e+02,5.495600000000000000e+06
2.012121700000000000e+07,6.630000000000000000e+02,6.770000000000000000e+02,6.535000000000000000e+02,6.685000000000000000e+02,4.493400000000000000e+06
2.012122400000000000e+07,6.685000000000000000e+02,6.770000000000000000e+02,6.630000000000000000e+02,6.695000000000000000e+02,8.552000000000000000e+05
2.012123100000000000e+07,6.630000000000000000e+02,7.005000000000000000e+02,6.630000000000000000e+02,7.005000000000000000e+02,2.779200000000000000e+06
2.013010700000000000e+07,6.995000000000000000e+02,7.075000000000000000e+02,6.905000000000000000e+02,6.960000000000000000e+02,4.131000000000000000e+06
2.013011400000000000e+07,6.965000000000000000e+02,7.215720214843750000e+02,6.955000000000000000e+02,7.175000000000000000e+02,5.290400000000000000e+06
2.013012100000000000e+07,7.195000000000000000e+02,7.320000000000000000e+02,7.115000000000000000e+02,7.320000000000000000e+02,9.506000000000000000e+06
2.013012800000000000e+07,7.350000000000000000e+02,7.750000000000000000e+02,7.285000000000000000e+02,7.735000000000000000e+02,6.881700000000000000e+06
2.013020400000000000e+07,7.735000000000000000e+02,7.785000000000000000e+02,7.550000000000000000e+02,7.745000000000000000e+02,8.696700000000000000e+06
2.013021100000000000e+07,7.790000000000000000e+02,8.285000000000000000e+02,7.725000000000000000e+02,8.255000000000000000e+02,7.857500000000000000e+06
2.013021800000000000e+07,8.265000000000000000e+02,8.620859985351562500e+02,8.200000000000000000e+02,8.620000000000000000e+02,9.078200000000000000e+06
2.013022500000000000e+07,8.500000000000000000e+02,8.600000000000000000e+02,8.260000000000000000e+02,8.540000000000000000e+02,8.805200000000000000e+06
2.013030400000000000e+07,8.450000000000000000e+02,8.960000000000000000e+02,8.420000000000000000e+02,8.900000000000000000e+02,5.881600000000000000e+06
2.013031100000000000e+07,8.915000000000000000e+02,8.940000000000000000e+02,8.705000000000000000e+02,8.770000000000000000e+02,5.411100000000000000e+06
2.013031800000000000e+07,8.665000000000000000e+02,8.835000000000000000e+02,8.625000000000000000e+02,8.775000000000000000e+02,4.918600000000000000e+06
2.013032500000000000e+07,8.835000000000000000e+02,9.040000000000000000e+02,8.790000000000000000e+02,8.940000000000000000e+02,4.074300000000000000e+06
2.013040100000000000e+07,8.940000000000000000e+02,9.095000000000000000e+02,8.275000000000000000e+02,8.370000000000000000e+02,6.253200000000000000e+06
2.013040800000000000e+07,8.370000000000000000e+02,8.735000000000000000e+02,8.215000000000000000e+02,8.715000000000000000e+02,5.154100000000000000e+06
2.013041500000000000e+07,8.680000000000000000e+02,8.680000000000000000e+02,8.265729980468750000e+02,8.500000000000000000e+02,8.443600000000000000e+06
2.013042200000000000e+07,8.515000000000000000e+02,8.785000000000000000e+02,8.445000000000000000e+02,8.605000000000000000e+02,7.112400000000000000e+06
2.013042900000000000e+07,8.620000000000000000e+02,8.690000000000000000e+02,8.410000000000000000e+02,8.515000000000000000e+02,7.600600000000000000e+06
2.013050600000000000e+07,8.515000000000000000e+02,8.995000000000000000e+02,8.490000000000000000e+02,8.970000000000000000e+02,4.750700000000000000e+06
2.013051300000000000e+07,9.000000000000000000e+02,9.200000000000000000e+02,8.915000000000000000e+02,9.175000000000000000e+02,3.180700000000000000e+06
2.013052000000000000e+07,9.190000000000000000e+02,9.395000000000000000e+02,9.010000000000000000e+02,9.025000000000000000e+02,4.433900000000000000e+06
2.013052700000000000e+07,9.025000000000000000e+02,9.255000000000000000e+02,8.670000000000000000e+02,8.715000000000000000e+02,5.199300000000000000e+06
2.013060300000000000e+07,8.685000000000000000e+02,8.725000000000000000e+02,7.985000000000000000e+02,8.235000000000000000e+02,6.182300000000000000e+06
2.013061000000000000e+07,8.215000000000000000e+02,8.215000000000000000e+02,7.455000000000000000e+02,8.055000000000000000e+02,6.324500000000000000e+06
2.013061700000000000e+07,8.080000000000000000e+02,8.280000000000000000e+02,7.795000000000000000e+02,7.795000000000000000e+02,4.450600000000000000e+06
2.013062400000000000e+07,7.775000000000000000e+02,8.235000000000000000e+02,7.550000000000000000e+02,8.180000000000000000e+02,5.210600000000000000e+06
2.013070100000000000e+07,8.230000000000000000e+02,8.645000000000000000e+02,8.065000000000000000e+02,8.420000000000000000e+02,5.139500000000000000e+06
2.013070800000000000e+07,8.465000000000000000e+02,9.140000000000000000e+02,8.415000000000000000e+02,9.035000000000000000e+02,3.875800000000000000e+06
2.013071500000000000e+07,8.910000000000000000e+02,9.245000000000000000e+02,8.820000000000000000e+02,9.125000000000000000e+02,4.101600000000000000e+06
2.013072200000000000e+07,9.110000000000000000e+02,9.335000000000000000e+02,9.080000000000000000e+02,9.120000000000000000e+02,2.602900000000000000e+06
2.013072900000000000e+07,9.125000000000000000e+02,1.000000000000000000e+03,9.090000000000000000e+02,9.810000000000000000e+02,5.634100000000000000e+06
2.013080500000000000e+07,9.815000000000000000e+02,1.056000000000000000e+03,9.763599853515625000e+02,1.053000000000000000e+03,5.424500000000000000e+06
2.013081200000000000e+07,1.055000000000000000e+03,1.055000000000000000e+03,1.015500000000000000e+03,1.035000000000000000e+03,3.648400000000000000e+06
2.013081900000000000e+07,1.034000000000000000e+03,1.061000000000000000e+03,1.007000000000000000e+03,1.058000000000000000e+03,2.761200000000000000e+06
2.013082600000000000e+07,1.058000000000000000e+03,1.058000000000000000e+03,9.870000000000000000e+02,9.945000000000000000e+02,6.454700000000000000e+06
2.013090200000000000e+07,1.008000000000000000e+03,1.075000000000000000e+03,1.008000000000000000e+03,1.070000000000000000e+03,4.186300000000000000e+06
2.013090900000000000e+07,1.068000000000000000e+03,1.117000000000000000e+03,1.059000000000000000e+03,1.093000000000000000e+03,5.658200000000000000e+06
2.013091600000000000e+07,1.100000000000000000e+03,1.114000000000000000e+03,1.051000000000000000e+03,1.055000000000000000e+03,1.468080000000000000e+07
2.013092300000000000e+07,1.058000000000000000e+03,1.088000000000000000e+03,1.038660034179687500e+03,1.048000000000000000e+03,3.884100000000000000e+06
2.013093000000000000e+07,1.037000000000000000e+03,1.063000000000000000e+03,1.029000000000000000e+03,1.061000000000000000e+03,5.885600000000000000e+06
2.013100700000000000e+07,1.055000000000000000e+03,1.071000000000000000e+03,1.017000000000000000e+03,1.052000000000000000e+03,4.321800000000000000e+06
2.013101400000000000e+07,1.044000000000000000e+03,1.104000000000000000e+03,1.043000000000000000e+03,1.096000000000000000e+03,4.650200000000000000e+06
2.013102100000000000e+07,1.094000000000000000e+03,1.131000000000000000e+03,1.090000000000000000e+03,1.115000000000000000e+03,6.975400000000000000e+06
2.013102800000000000e+07,1.120000000000000000e+03,1.128000000000000000e+03,1.094000000000000000e+03,1.108000000000000000e+03,3.891900000000000000e+06
2.013110400000000000e+07,1.115000000000000000e+03,1.128000000000000000e+03,1.009000000000000000e+03,1.019000000000000000e+03,9.404400000000000000e+06
2.013111100000000000e+07,1.028000000000000000e+03,1.050000000000000000e+03,9.870000000000000000e+02,1.019000000000000000e+03,8.094200000000000000e+06
2.013111800000000000e+07,1.016000000000000000e+03,1.027000000000000000e+03,9.940000000000000000e+02,9.960000000000000000e+02,4.136100000000000000e+06
2.013112500000000000e+07,1.003000000000000000e+03,1.024000000000000000e+03,9.805000000000000000e+02,1.005000000000000000e+03,4.935800000000000000e+06
2.013120200000000000e+07,1.007000000000000000e+03,1.008000000000000000e+03,9.355000000000000000e+02,9.565000000000000000e+02,9.380600000000000000e+06
2.013120900000000000e+07,9.575000000000000000e+02,9.795000000000000000e+02,8.950000000000000000e+02,9.080000000000000000e+02,9.322100000000000000e+06
2.013121600000000000e+07,9.105000000000000000e+02,9.910000000000000000e+02,9.035000000000000000e+02,9.870000000000000000e+02,1.132310000000000000e+07
2.013122300000000000e+07,9.915000000000000000e+02,1.029000000000000000e+03,9.855000000000000000e+02,1.026000000000000000e+03,1.632500000000000000e+06
2.013123000000000000e+07,1.027000000000000000e+03,1.056000000000000000e+03,1.025000000000000000e+03,1.026000000000000000e+03,3.646400000000000000e+06
2.014010600000000000e+07,1.022000000000000000e+03,1.032000000000000000e+03,9.775000000000000000e+02,1.002000000000000000e+03,6.422300000000000000e+06
2.014011300000000000e+07,1.005000000000000000e+03,1.047000000000000000e+03,1.003000000000000000e+03,1.012000000000000000e+03,8.192600000000000000e+06
2.014012000000000000e+07,1.009000000000000000e+03,1.013000000000000000e+03,9.355000000000000000e+02,9.360000000000000000e+02,9.146100000000000000e+06
2.014012700000000000e+07,9.345000000000000000e+02,9.390000000000000000e+02,9.040000000000000000e+02,9.230000000000000000e+02,1.261800000000000000e+07
2.014020300000000000e+07,9.225000000000000000e+02,9.670000000000000000e+02,9.060000000000000000e+02,9.605000000000000000e+02,1.053350000000000000e+07
2.014021000000000000e+07,9.615000000000000000e+02,1.030000000000000000e+03,9.560000000000000000e+02,1.028000000000000000e+03,1.150230000000000000e+07
2.014021700000000000e+07,1.032000000000000000e+03,1.056000000000000000e+03,1.009000000000000000e+03,1.048000000000000000e+03,1.359500000000000000e+07
2.014022400000000000e+07,1.043000000000000000e+03,1.099000000000000000e+03,1.018000000000000000e+03,1.096000000000000000e+03,1.091830000000000000e+07
2.014030300000000000e+07,1.077000000000000000e+03,1.113000000000000000e+03,1.071000000000000000e+03,1.091000000000000000e+03,1.230680000000000000e+07
2.014031000000000000e+07,1.100000000000000000e+03,1.125000000000000000e+03,1.048000000000000000e+03,1.070000000000000000e+03,9.130800000000000000e+06
2.014031700000000000e+07,1.070000000000000000e+03,1.097000000000000000e+03,1.034900024414062500e+03,1.035000000000000000e+03,1.023820000000000000e+07
2.014032400000000000e+07,1.033000000000000000e+03,1.095000000000000000e+03,1.013000000000000000e+03,1.026000000000000000e+03,8.452500000000000000e+06
2.014033100000000000e+07,1.028000000000000000e+03,1.090000000000000000e+03,1.028000000000000000e+03,1.083000000000000000e+03,7.740600000000000000e+06
2.014040700000000000e+07,1.073000000000000000e+03,1.078000000000000000e+03,9.895000000000000000e+02,9.985000000000000000e+02,8.392700000000000000e+06
2.014041400000000000e+07,9.905000000000000000e+02,1.007000000000000000e+03,9.620000000000000000e+02,1.004000000000000000e+03,4.934800000000000000e+06
2.014042100000000000e+07,1.004000000000000000e+03,1.019000000000000000e+03,9.750000000000000000e+02,9.785000000000000000e+02,5.068900000000000000e+06
2.014042800000000000e+07,9.845000000000000000e+02,9.895000000000000000e+02,9.595000000000000000e+02,9.735000000000000000e+02,5.358000000000000000e+06
2.014050500000000000e+07,9.735000000000000000e+02,1.020000000000000000e+03,9.687319946289062500e+02,1.016000000000000000e+03,5.212900000000000000e+06
2.014051200000000000e+07,1.022000000000000000e+03,1.075000000000000000e+03,9.790000000000000000e+02,9.950000000000000000e+02,6.822500000000000000e+06
2.014051900000000000e+07,9.980000000000000000e+02,1.085000000000000000e+03,9.920000000000000000e+02,1.072099999999999909e+03,6.031000000000000000e+06
2.014052600000000000e+07,1.072099999999999909e+03,1.093000000000000000e+03,1.069000000000000000e+03,1.071000000000000000e+03,3.894800000000000000e+06
2.014060200000000000e+07,1.073000000000000000e+03,1.126000000000000000e+03,1.066000000000000000e+03,1.123000000000000000e+03,6.768200000000000000e+06
2.014060900000000000e+07,1.125000000000000000e+03,1.140000000000000000e+03,1.034000000000000000e+03,1.058000000000000000e+03,8.476300000000000000e+06
2.014061600000000000e+07,1.052000000000000000e+03,1.105000000000000000e+03,1.042000000000000000e+03,1.097000000000000000e+03,5.603300000000000000e+06
2.014062300000000000e+07,1.103000000000000000e+03,1.106000000000000000e+03,1.061000000000000000e+03,1.072000000000000000e+03,4.733600000000000000e+06
2.014063000000000000e+07,1.068000000000000000e+03,1.081000000000000000e+03,1.057000000000000000e+03,1.059000000000000000e+03,5.491500000000000000e+06
2.014070700000000000e+07,1.057000000000000000e+03,1.060000000000000000e+03,9.995000000000000000e+02,1.024000000000000000e+03,6.636600000000000000e+06
2.014071400000000000e+07,1.031000000000000000e+03,1.060000000000000000e+03,1.019000000000000000e+03,1.039000000000000000e+03,6.470700000000000000e+06
2.014072100000000000e+07,1.038000000000000000e+03,1.062000000000000000e+03,1.025000000000000000e+03,1.057000000000000000e+03,6.025800000000000000e+06
2.014072800000000000e+07,1.061000000000000000e+03,1.088000000000000000e+03,1.012000000000000000e+03,1.031000000000000000e+03,4.692600000000000000e+06
2.014080400000000000e+07,1.040000000000000000e+03,1.046000000000000000e+03,9.780000000000000000e+02,1.001000000000000000e+03,4.942600000000000000e+06
2.014081100000000000e+07,1.010000000000000000e+03,1.027000000000000000e+03,1.004000000000000000e+03,1.006000000000000000e+03,3.601800000000000000e+06
2.014081800000000000e+07,1.018000000000000000e+03,1.031000000000000000e+03,9.955000000000000000e+02,1.007000000000000000e+03,3.369900000000000000e+06
2.014082500000000000e+07,1.007000000000000000e+03,1.044000000000000000e+03,1.007000000000000000e+03,1.033000000000000000e+03,3.511900000000000000e+06
2.014090100000000000e+07,1.032000000000000000e+03,1.061000000000000000e+03,1.007000000000000000e+03,1.045000000000000000e+03,5.414600000000000000e+06
2.014090800000000000e+07,1.043000000000000000e+03,1.069000000000000000e+03,1.035000000000000000e+03,1.063000000000000000e+03,5.381000000000000000e+06
2.014091500000000000e+07,1.063000000000000000e+03,1.103099975585937500e+03,1.054000000000000000e+03,1.093000000000000000e+03,5.396200000000000000e+06
2.014092200000000000e+07,1.087000000000000000e+03,1.092000000000000000e+03,1.001000000000000000e+03,1.028000000000000000e+03,5.524800000000000000e+06
2.014092900000000000e+07,1.026000000000000000e+03,1.032000000000000000e+03,9.760000000000000000e+02,9.925000000000000000e+02,6.224100000000000000e+06
2.014100600000000000e+07,9.955000000000000000e+02,1.009000000000000000e+03,9.315000000000000000e+02,9.565000000000000000e+02,6.995800000000000000e+06
2.014101300000000000e+07,9.500000000000000000e+02,9.925000000000000000e+02,9.190000000000000000e+02,9.920000000000000000e+02,1.128270000000000000e+07
2.014102000000000000e+07,9.855000000000000000e+02,1.016000000000000000e+03,9.615000000000000000e+02,1.003000000000000000e+03,6.165600000000000000e+06
2.014102700000000000e+07,1.013000000000000000e+03,1.062000000000000000e+03,9.865000000000000000e+02,1.053000000000000000e+03,5.561500000000000000e+06
2.014110300000000000e+07,1.052000000000000000e+03,1.074000000000000000e+03,1.042000000000000000e+03,1.058000000000000000e+03,6.275400000000000000e+06
2.014111000000000000e+07,1.064000000000000000e+03,1.079000000000000000e+03,1.051000000000000000e+03,1.069000000000000000e+03,3.881300000000000000e+06
2.014111700000000000e+07,1.066000000000000000e+03,1.102000000000000000e+03,1.052000000000000000e+03,1.093000000000000000e+03,5.140700000000000000e+06
2.014112400000000000e+07,1.093000000000000000e+03,1.101000000000000000e+03,1.063000000000000000e+03,1.095000000000000000e+03,4.879700000000000000e+06
2.014120100000000000e+07,1.070000000000000000e+03,1.108000000000000000e+03,1.056000000000000000e+03,1.102000000000000000e+03,6.269300000000000000e+06
2.014120800000000000e+07,1.094000000000000000e+03,1.094000000000000000e+03,1.030000000000000000e+03,1.033000000000000000e+03,7.794600000000000000e+06
2.014121500000000000e+07,1.028000000000000000e+03,1.064000000000000000e+03,9.855000000000000000e+02,1.059000000000000000e+03,1.291340000000000000e+07
2.014122200000000000e+07,1.062000000000000000e+03,1.073099975585937500e+03,1.047000000000000000e+03,1.062000000000000000e+03,2.233000000000000000e+06
2.014122900000000000e+07,1.068000000000000000e+03,1.075000000000000000e+03,1.041000000000000000e+03,1.049000000000000000e+03,2.302200000000000000e+06
2.015010500000000000e+07,1.042000000000000000e+03,1.068000000000000000e+03,1.006000000000000000e+03,1.049000000000000000e+03,6.012800000000000000e+06
2.015011200000000000e+07,1.055000000000000000e+03,1.089000000000000000e+03,1.035000000000000000e+03,1.063000000000000000e+03,6.027300000000000000e+06
2.015011900000000000e+07,1.065000000000000000e+03,1.174359985351562500e+03,1.061000000000000000e+03,1.150000000000000000e+03,5.967400000000000000e+06
2.015012600000000000e+07,1.138000000000000000e+03,1.209000000000000000e+03,1.135000000000000000e+03,1.189000000000000000e+03,7.553400000000000000e+06
2.015020200000000000e+07,1.195000000000000000e+03,1.227000000000000000e+03,1.177000000000000000e+03,1.217000000000000000e+03,5.249100000000000000e+06
2.015020900000000000e+07,1.215000000000000000e+03,1.275430053710937500e+03,1.191000000000000000e+03,1.257000000000000000e+03,6.175200000000000000e+06
2.015021600000000000e+07,1.252000000000000000e+03,1.276000000000000000e+03,1.235000000000000000e+03,1.271000000000000000e+03,5.828000000000000000e+06
2.015022300000000000e+07,1.272000000000000000e+03,1.351000000000000000e+03,1.265000000000000000e+03,1.330000000000000000e+03,7.603600000000000000e+06
2.015030200000000000e+07,1.332000000000000000e+03,1.364000000000000000e+03,1.301099975585937500e+03,1.347000000000000000e+03,8.590500000000000000e+06
2.015030900000000000e+07,1.344000000000000000e+03,1.346000000000000000e+03,1.309000000000000000e+03,1.340000000000000000e+03,7.448800000000000000e+06
2.015031600000000000e+07,1.342000000000000000e+03,1.369000000000000000e+03,1.326000000000000000e+03,1.348000000000000000e+03,7.365400000000000000e+06
2.015032300000000000e+07,1.342000000000000000e+03,1.365000000000000000e+03,1.291000000000000000e+03,1.303000000000000000e+03,6.553500000000000000e+06
2.015033000000000000e+07,1.316000000000000000e+03,1.323000000000000000e+03,1.285280029296875000e+03,1.306000000000000000e+03,5.748800000000000000e+06
2.015040600000000000e+07,1.306000000000000000e+03,1.417000000000000000e+03,1.306000000000000000e+03,1.416000000000000000e+03,7.582100000000000000e+06
2.015041300000000000e+07,1.411000000000000000e+03,1.417000000000000000e+03,1.353000000000000000e+03,1.358000000000000000e+03,9.147600000000000000e+06
2.015042000000000000e+07,1.367000000000000000e+03,1.391000000000000000e+03,1.313000000000000000e+03,1.354000000000000000e+03,8.519400000000000000e+06
2.015042700000000000e+07,1.349000000000000000e+03,1.372000000000000000e+03,1.296000000000000000e+03,1.322000000000000000e+03,6.739100000000000000e+06
2.015050400000000000e+07,1.322000000000000000e+03,1.353000000000000000e+03,1.279000000000000000e+03,1.347000000000000000e+03,7.196200000000000000e+06
2.015051100000000000e+07,1.347000000000000000e+03,1.471000000000000000e+03,1.292000000000000000e+03,1.451000000000000000e+03,1.050010000000000000e+07
2.015051800000000000e+07,1.456000000000000000e+03,1.523000000000000000e+03,1.443000000000000000e+03,1.515000000000000000e+03,8.394000000000000000e+06
2.015052500000000000e+07,1.515000000000000000e+03,1.534000000000000000e+03,1.462000000000000000e+03,1.476000000000000000e+03,3.076760000000000000e+07
2.015060100000000000e+07,1.478000000000000000e+03,1.488000000000000000e+03,1.370000000000000000e+03,1.381000000000000000e+03,1.249980000000000000e+07
2.015060800000000000e+07,1.381000000000000000e+03,1.434000000000000000e+03,1.362000000000000000e+03,1.400000000000000000e+03,1.128720000000000000e+07
2.015061500000000000e+07,1.390000000000000000e+03,1.418000000000000000e+03,1.351000000000000000e+03,1.410000000000000000e+03,1.087100000000000000e+07
2.015062200000000000e+07,1.435000000000000000e+03,1.445000000000000000e+03,1.411000000000000000e+03,1.429000000000000000e+03,7.186300000000000000e+06
2.015062900000000000e+07,1.382000000000000000e+03,1.406000000000000000e+03,1.363000000000000000e+03,1.385000000000000000e+03,6.657200000000000000e+06
2.015070600000000000e+07,1.364000000000000000e+03,1.460000000000000000e+03,1.341000000000000000e+03,1.454000000000000000e+03,9.406400000000000000e+06
2.015071300000000000e+07,1.472000000000000000e+03,1.519000000000000000e+03,1.467000000000000000e+03,1.518000000000000000e+03,6.326500000000000000e+06
2.015072000000000000e+07,1.519000000000000000e+03,1.531599975585937500e+03,1.489000000000000000e+03,1.493000000000000000e+03,7.088100000000000000e+06
2.015072700000000000e+07,1.487000000000000000e+03,1.552000000000000000e+03,1.468000000000000000e+03,1.540000000000000000e+03,7.468900000000000000e+06
2.015080300000000000e+07,1.530000000000000000e+03,1.606000000000000000e+03,1.526000000000000000e+03,1.597000000000000000e+03,8.520300000000000000e+06
2.015081000000000000e+07,1.605000000000000000e+03,1.614359985351562500e+03,1.526000000000000000e+03,1.570000000000000000e+03,8.290000000000000000e+06
2.015081700000000000e+07,1.576000000000000000e+03,1.585000000000000000e+03,1.445000000000000000e+03,1.445000000000000000e+03,9.435900000000000000e+06
2.015082400000000000e+07,1.388000000000000000e+03,1.480000000000000000e+03,1.313000000000000000e+03,1.478000000000000000e+03,1.138190000000000000e+07
2.015083100000000000e+07,1.478000000000000000e+03,1.497000000000000000e+03,1.408000000000000000e+03,1.465000000000000000e+03,6.970300000000000000e+06
2.015090700000000000e+07,1.477000000000000000e+03,1.524000000000000000e+03,1.446000000000000000e+03,1.467000000000000000e+03,6.553600000000000000e+06
2.015091400000000000e+07,1.475000000000000000e+03,1.493000000000000000e+03,1.367000000000000000e+03,1.380000000000000000e+03,9.363900000000000000e+06
2.015092100000000000e+07,1.373000000000000000e+03,1.409000000000000000e+03,1.327729980468750000e+03,1.397000000000000000e+03,7.594900000000000000e+06
2.015092800000000000e+07,1.399000000000000000e+03,1.409000000000000000e+03,1.329000000000000000e+03,1.386000000000000000e+03,7.317900000000000000e+06
2.015100500000000000e+07,1.419000000000000000e+03,1.514000000000000000e+03,1.416000000000000000e+03,1.484000000000000000e+03,8.288400000000000000e+06
2.015101200000000000e+07,1.487000000000000000e+03,1.499000000000000000e+03,1.416000000000000000e+03,1.452000000000000000e+03,5.111600000000000000e+06
2.015101900000000000e+07,1.448000000000000000e+03,1.500000000000000000e+03,1.441000000000000000e+03,1.477000000000000000e+03,5.868500000000000000e+06
2.015102600000000000e+07,1.476000000000000000e+03,1.519000000000000000e+03,1.462000000000000000e+03,1.504000000000000000e+03,4.397300000000000000e+06
2.015110200000000000e+07,1.496000000000000000e+03,1.523000000000000000e+03,1.486000000000000000e+03,1.507000000000000000e+03,4.684400000000000000e+06
2.015110900000000000e+07,1.501000000000000000e+03,1.503000000000000000e+03,1.413000000000000000e+03,1.424000000000000000e+03,5.848600000000000000e+06
2.015111600000000000e+07,1.405000000000000000e+03,1.515000000000000000e+03,1.405000000000000000e+03,1.510000000000000000e+03,4.959200000000000000e+06
2.015112300000000000e+07,1.492000000000000000e+03,1.533000000000000000e+03,1.491000000000000000e+03,1.524000000000000000e+03,5.241700000000000000e+06
2.015113000000000000e+07,1.526000000000000000e+03,1.577000000000000000e+03,1.459000000000000000e+03,1.490000000000000000e+03,7.997000000000000000e+06
2.015120700000000000e+07,1.494000000000000000e+03,1.511000000000000000e+03,1.263000000000000000e+03,1.275000000000000000e+03,1.172110000000000000e+07
2.015121400000000000e+07,1.290000000000000000e+03,1.377000000000000000e+03,1.275000000000000000e+03,1.324000000000000000e+03,8.855900000000000000e+06
2.015122100000000000e+07,1.327000000000000000e+03,1.368000000000000000e+03,1.319000000000000000e+03,1.359000000000000000e+03,2.911700000000000000e+06
2.015122800000000000e+07,1.359000000000000000e+03,1.362000000000000000e+03,1.288000000000000000e+03,1.294000000000000000e+03,2.795500000000000000e+06
2.016010400000000000e+07,1.312000000000000000e+03,1.315000000000000000e+03,1.218000000000000000e+03,1.223000000000000000e+03,6.214800000000000000e+06
2.016011100000000000e+07,1.199000000000000000e+03,1.283000000000000000e+03,1.181000000000000000e+03,1.186000000000000000e+03,8.149400000000000000e+06
2.016011800000000000e+07,1.186000000000000000e+03,1.238000000000000000e+03,1.161000000000000000e+03,1.222000000000000000e+03,7.077300000000000000e+06
2.016012500000000000e+07,1.236000000000000000e+03,1.236000000000000000e+03,1.112000000000000000e+03,1.136000000000000000e+03,9.345800000000000000e+06
2.016020100000000000e+07,1.151000000000000000e+03,1.187000000000000000e+03,1.108000000000000000e+03,1.166000000000000000e+03,1.029550000000000000e+07
2.016020800000000000e+07,1.166000000000000000e+03,1.222000000000000000e+03,1.122000000000000000e+03,1.221000000000000000e+03,9.973100000000000000e+06
2.016021500000000000e+07,1.240000000000000000e+03,1.321000000000000000e+03,1.236000000000000000e+03,1.321000000000000000e+03,5.799700000000000000e+06
2.016022200000000000e+07,1.325000000000000000e+03,1.345000000000000000e+03,1.253000000000000000e+03,1.282000000000000000e+03,6.821000000000000000e+06
