2.007073000000000000e+07,1.577500000000000000e+02,1.700000000000000000e+02,1.577500000000000000e+02,1.612500000000000000e+02,7.648200000000000000e+06
2.007080600000000000e+07,1.602500000000000000e+02,1.660000000000000000e+02,1.600000000000000000e+02,1.602500000000000000e+02,3.997600000000000000e+06
2.007081300000000000e+07,1.605000000000000000e+02,1.630000000000000000e+02,1.407500000000000000e+02,1.467500000000000000e+02,5.176300000000000000e+06
2.007082000000000000e+07,1.467500000000000000e+02,1.542500000000000000e+02,1.467500000000000000e+02,1.540000000000000000e+02,7.119800000000000000e+06
2.007090300000000000e+07,1.520000000000000000e+02,1.617500000000000000e+02,1.520000000000000000e+02,1.530000000000000000e+02,1.119610000000000000e+07
2.007091000000000000e+07,1.540000000000000000e+02,1.600000000000000000e+02,1.480000000000000000e+02,1.572500000000000000e+02,1.137090000000000000e+07
2.007091700000000000e+07,1.522500000000000000e+02,1.780000000000000000e+02,1.502500000000000000e+02,1.660000000000000000e+02,2.954470000000000000e+07
2.007092400000000000e+07,1.670000000000000000e+02,1.825000000000000000e+02,1.580000000000000000e+02,1.760000000000000000e+02,2.216240000000000000e+07
2.007100100000000000e+07,1.747500000000000000e+02,1.897500000000000000e+02,1.747500000000000000e+02,1.895000000000000000e+02,1.052040000000000000e+07
2.007100800000000000e+07,1.895000000000000000e+02,1.910000000000000000e+02,1.800000000000000000e+02,1.910000000000000000e+02,9.547600000000000000e+06
2.007101500000000000e+07,1.920000000000000000e+02,1.930000000000000000e+02,1.835000000000000000e+02,1.900000000000000000e+02,9.802800000000000000e+06
2.007102200000000000e+07,1.865000000000000000e+02,2.050000000000000000e+02,1.830000000000000000e+02,2.022500000000000000e+02,1.316930000000000000e+07
2.007102900000000000e+07,2.050000000000000000e+02,2.232500000000000000e+02,2.020000000000000000e+02,2.050000000000000000e+02,1.869100000000000000e+07
2.007110500000000000e+07,2.032500000000000000e+02,2.150000000000000000e+02,2.012500000000000000e+02,2.070000000000000000e+02,4.008300000000000000e+06
2.007111200000000000e+07,2.050000000000000000e+02,2.077500000000000000e+02,1.820000000000000000e+02,1.820000000000000000e+02,1.928500000000000000e+06
2.007111900000000000e+07,1.847500000000000000e+02,1.880000000000000000e+02,1.572500000000000000e+02,1.572500000000000000e+02,3.539300000000000000e+06
2.007112600000000000e+07,1.595000000000000000e+02,1.805000000000000000e+02,1.520000000000000000e+02,1.805000000000000000e+02,2.657900000000000000e+06
2.007120300000000000e+07,1.752500000000000000e+02,1.817500000000000000e+02,1.555000000000000000e+02,1.587500000000000000e+02,2.088600000000000000e+06
2.007121000000000000e+07,1.570000000000000000e+02,1.620000000000000000e+02,1.417500000000000000e+02,1.420000000000000000e+02,1.963100000000000000e+06
2.007121700000000000e+07,1.400000000000000000e+02,1.527500000000000000e+02,1.220000000000000000e+02,1.380000000000000000e+02,5.359000000000000000e+06
2.007122400000000000e+07,1.420000000000000000e+02,1.420000000000000000e+02,1.350000000000000000e+02,1.390000000000000000e+02,8.061000000000000000e+05
2.007123100000000000e+07,1.357500000000000000e+02,1.400000000000000000e+02,1.190000000000000000e+02,1.207500000000000000e+02,6.479600000000000000e+06
2.008010700000000000e+07,1.240000000000000000e+02,1.255000000000000000e+02,9.425000000000000000e+01,1.050000000000000000e+02,5.911300000000000000e+06
2.008011400000000000e+07,1.057500000000000000e+02,1.230000000000000000e+02,1.037500000000000000e+02,1.120000000000000000e+02,2.994400000000000000e+06
2.008012100000000000e+07,1.100000000000000000e+02,1.110000000000000000e+02,9.800000000000000000e+01,1.050000000000000000e+02,3.029700000000000000e+06
2.008012800000000000e+07,1.030000000000000000e+02,1.132500000000000000e+02,1.010000000000000000e+02,1.132500000000000000e+02,2.423000000000000000e+06
2.008020400000000000e+07,1.115000000000000000e+02,1.125000000000000000e+02,1.020000000000000000e+02,1.062500000000000000e+02,2.164200000000000000e+06
2.008021100000000000e+07,1.050000000000000000e+02,1.140000000000000000e+02,1.050000000000000000e+02,1.117500000000000000e+02,2.338200000000000000e+06
2.008021800000000000e+07,1.130000000000000000e+02,1.365000000000000000e+02,1.130000000000000000e+02,1.325000000000000000e+02,2.725800000000000000e+06
2.008022500000000000e+07,1.330000000000000000e+02,1.380000000000000000e+02,1.280000000000000000e+02,1.380000000000000000e+02,2.511000000000000000e+06
2.008030300000000000e+07,1.340000000000000000e+02,1.360000000000000000e+02,1.240000000000000000e+02,1.252500000000000000e+02,1.701600000000000000e+06
2.008031000000000000e+07,1.270000000000000000e+02,1.270000000000000000e+02,1.150000000000000000e+02,1.172500000000000000e+02,2.077800000000000000e+06
2.008031700000000000e+07,1.160000000000000000e+02,1.280000000000000000e+02,1.130000000000000000e+02,1.280000000000000000e+02,4.602900000000000000e+06
2.008033100000000000e+07,1.250000000000000000e+02,1.317500000000000000e+02,1.182500000000000000e+02,1.250000000000000000e+02,2.415600000000000000e+06
2.008040700000000000e+07,1.250000000000000000e+02,1.260000000000000000e+02,1.150000000000000000e+02,1.187500000000000000e+02,3.809700000000000000e+06
2.008041400000000000e+07,1.160000000000000000e+02,1.200000000000000000e+02,1.037500000000000000e+02,1.087500000000000000e+02,2.383400000000000000e+06
2.008042100000000000e+07,1.080000000000000000e+02,1.180000000000000000e+02,9.750000000000000000e+01,1.150000000000000000e+02,0.000000000000000000e+00
2.008042800000000000e+07,1.160000000000000000e+02,1.205000000000000000e+02,1.140000000000000000e+02,1.162500000000000000e+02,0.000000000000000000e+00
2.008051200000000000e+07,1.145000000000000000e+02,1.295000000000000000e+02,1.110000000000000000e+02,1.272500000000000000e+02,0.000000000000000000e+00
2.008051900000000000e+07,1.270000000000000000e+02,1.300000000000000000e+02,1.195000000000000000e+02,1.280000000000000000e+02,0.000000000000000000e+00
2.008060200000000000e+07,1.382500000000000000e+02,1.385000000000000000e+02,1.235000000000000000e+02,1.282500000000000000e+02,0.000000000000000000e+00
2.008060900000000000e+07,1.295000000000000000e+02,1.295000000000000000e+02,1.157500000000000000e+02,1.270000000000000000e+02,0.000000000000000000e+00
2.008061600000000000e+07,1.270000000000000000e+02,1.337500000000000000e+02,1.190000000000000000e+02,1.200000000000000000e+02,0.000000000000000000e+00
2.008062300000000000e+07,1.200000000000000000e+02,1.222500000000000000e+02,9.750000000000000000e+01,9.850000000000000000e+01,0.000000000000000000e+00
2.008063000000000000e+07,1.010000000000000000e+02,1.010000000000000000e+02,8.050000000000000000e+01,8.500000000000000000e+01,0.000000000000000000e+00
2.008070700000000000e+07,8.600000000000000000e+01,8.875000000000000000e+01,4.800000000000000000e+01,6.050000000000000000e+01,2.540200000000000000e+06
2.008071400000000000e+07,6.050000000000000000e+01,6.625000000000000000e+01,5.250000000000000000e+01,6.250000000000000000e+01,4.406400000000000000e+06
2.008072100000000000e+07,6.300000000000000000e+01,1.025000000000000000e+02,6.150000000000000000e+01,8.400000000000000000e+01,8.140100000000000000e+06
2.008072800000000000e+07,8.325000000000000000e+01,9.700000000000000000e+01,7.475000000000000000e+01,9.475000000000000000e+01,3.434500000000000000e+06
2.008080400000000000e+07,9.500000000000000000e+01,1.020000000000000000e+02,8.700000000000000000e+01,8.950000000000000000e+01,3.028200000000000000e+06
2.008081100000000000e+07,9.100000000000000000e+01,9.150000000000000000e+01,7.675000000000000000e+01,8.150000000000000000e+01,2.960100000000000000e+06
2.008081800000000000e+07,8.175000000000000000e+01,8.400000000000000000e+01,7.200000000000000000e+01,8.300000000000000000e+01,2.933600000000000000e+06
2.008082500000000000e+07,8.300000000000000000e+01,8.500000000000000000e+01,7.025000000000000000e+01,7.700000000000000000e+01,2.894400000000000000e+06
2.008090100000000000e+07,7.700000000000000000e+01,7.800000000000000000e+01,6.600000000000000000e+01,6.825000000000000000e+01,7.861800000000000000e+06
2.008090800000000000e+07,7.025000000000000000e+01,7.300000000000000000e+01,6.350000000000000000e+01,6.675000000000000000e+01,6.578100000000000000e+06
2.008091500000000000e+07,6.525000000000000000e+01,6.700000000000000000e+01,5.150000000000000000e+01,5.775000000000000000e+01,1.197650000000000000e+07
2.008092200000000000e+07,6.000000000000000000e+01,6.000000000000000000e+01,5.050000000000000000e+01,5.150000000000000000e+01,3.038600000000000000e+06
2.008092900000000000e+07,5.225000000000000000e+01,6.325000000000000000e+01,5.000000000000000000e+01,6.200000000000000000e+01,7.694200000000000000e+06
2.008100600000000000e+07,6.000000000000000000e+01,6.200000000000000000e+01,5.125000000000000000e+01,5.375000000000000000e+01,4.254100000000000000e+06
2.008101300000000000e+07,5.500000000000000000e+01,6.450000000000000000e+01,4.900000000000000000e+01,5.425000000000000000e+01,4.433200000000000000e+06
2.008102000000000000e+07,5.275000000000000000e+01,5.600000000000000000e+01,4.850000000000000000e+01,4.925000000000000000e+01,4.325400000000000000e+06
2.008102700000000000e+07,4.900000000000000000e+01,5.850000000000000000e+01,4.700000000000000000e+01,5.700000000000000000e+01,2.394200000000000000e+06
2.008110300000000000e+07,5.700000000000000000e+01,5.750000000000000000e+01,4.800000000000000000e+01,5.000000000000000000e+01,3.547600000000000000e+06
2.008111000000000000e+07,5.075000000000000000e+01,5.200000000000000000e+01,4.275000000000000000e+01,4.950000000000000000e+01,2.014400000000000000e+06
2.008111700000000000e+07,4.850000000000000000e+01,4.900000000000000000e+01,4.425000000000000000e+01,4.425000000000000000e+01,2.016500000000000000e+06
2.008112400000000000e+07,4.500000000000000000e+01,5.250000000000000000e+01,4.450000000000000000e+01,4.750000000000000000e+01,1.102600000000000000e+06
2.008120100000000000e+07,4.800000000000000000e+01,4.800000000000000000e+01,4.025000000000000000e+01,4.650000000000000000e+01,1.651600000000000000e+06
2.008120800000000000e+07,4.750000000000000000e+01,6.300000000000000000e+01,4.025000000000000000e+01,4.500000000000000000e+01,5.416700000000000000e+06
2.008121500000000000e+07,4.500000000000000000e+01,5.325000000000000000e+01,4.150000000000000000e+01,5.150000000000000000e+01,1.408900000000000000e+06
2.008122200000000000e+07,5.150000000000000000e+01,5.475000000000000000e+01,5.150000000000000000e+01,5.350000000000000000e+01,4.838000000000000000e+05
2.008122900000000000e+07,5.375000000000000000e+01,5.500000000000000000e+01,5.200000000000000000e+01,5.425000000000000000e+01,8.073000000000000000e+05
2.009010500000000000e+07,5.600000000000000000e+01,6.100000000000000000e+01,5.525000000000000000e+01,5.700000000000000000e+01,2.521300000000000000e+06
2.009011200000000000e+07,5.700000000000000000e+01,5.750000000000000000e+01,5.350000000000000000e+01,5.500000000000000000e+01,3.766100000000000000e+06
2.009011900000000000e+07,5.550000000000000000e+01,5.950000000000000000e+01,5.500000000000000000e+01,5.800000000000000000e+01,3.046600000000000000e+06
2.009012600000000000e+07,5.700000000000000000e+01,6.075000000000000000e+01,5.500000000000000000e+01,5.500000000000000000e+01,1.421200000000000000e+06
2.009020200000000000e+07,5.500000000000000000e+01,5.700000000000000000e+01,5.375000000000000000e+01,5.575000000000000000e+01,3.098000000000000000e+05
2.009020900000000000e+07,5.600000000000000000e+01,5.850000000000000000e+01,5.500000000000000000e+01,5.750000000000000000e+01,2.752400000000000000e+06
2.009021600000000000e+07,5.650000000000000000e+01,5.800000000000000000e+01,5.325000000000000000e+01,5.400000000000000000e+01,1.093300000000000000e+06
2.009022300000000000e+07,5.400000000000000000e+01,5.400000000000000000e+01,4.200000000000000000e+01,4.325000000000000000e+01,4.387700000000000000e+06
2.009030200000000000e+07,4.300000000000000000e+01,4.300000000000000000e+01,3.700000000000000000e+01,3.900000000000000000e+01,5.461400000000000000e+06
2.009030900000000000e+07,3.800000000000000000e+01,4.000000000000000000e+01,3.450000000000000000e+01,3.875000000000000000e+01,7.631900000000000000e+06
2.009031600000000000e+07,3.975000000000000000e+01,4.500000000000000000e+01,3.840900039672851562e+01,4.450000000000000000e+01,4.966300000000000000e+06
2.009032300000000000e+07,4.350000000000000000e+01,4.500000000000000000e+01,4.200000000000000000e+01,4.275000000000000000e+01,1.739000000000000000e+06
2.009033000000000000e+07,4.325000000000000000e+01,5.190000152587890625e+01,4.200000000000000000e+01,4.950000000000000000e+01,1.512800000000000000e+06
2.009040600000000000e+07,4.950000000000000000e+01,5.525000000000000000e+01,4.950000000000000000e+01,5.300000000000000000e+01,1.597200000000000000e+06
2.009041300000000000e+07,5.300000000000000000e+01,5.725000000000000000e+01,5.100000000000000000e+01,5.500000000000000000e+01,5.367500000000000000e+06
2.009042000000000000e+07,5.375000000000000000e+01,5.850000000000000000e+01,5.125000000000000000e+01,5.550000000000000000e+01,1.683800000000000000e+06
2.009042700000000000e+07,5.400000000000000000e+01,5.700000000000000000e+01,5.127500152587890625e+01,5.300000000000000000e+01,2.305500000000000000e+06
2.009050400000000000e+07,5.300000000000000000e+01,6.600000000000000000e+01,5.250000000000000000e+01,6.300000000000000000e+01,5.461800000000000000e+06
2.009051100000000000e+07,6.225000000000000000e+01,6.400000000000000000e+01,5.500000000000000000e+01,5.700000000000000000e+01,3.052500000000000000e+06
2.009051800000000000e+07,5.475000000000000000e+01,6.075000000000000000e+01,5.325000000000000000e+01,5.375000000000000000e+01,3.084200000000000000e+06
2.009052500000000000e+07,5.375000000000000000e+01,5.400000000000000000e+01,4.912500000000000000e+01,5.100000000000000000e+01,1.682500000000000000e+06
2.009060100000000000e+07,5.175000000000000000e+01,5.400000000000000000e+01,4.975000000000000000e+01,4.975000000000000000e+01,1.751800000000000000e+06
2.009060800000000000e+07,4.975000000000000000e+01,5.325000000000000000e+01,4.950299835205078125e+01,5.175000000000000000e+01,1.801600000000000000e+06
2.009061500000000000e+07,5.100000000000000000e+01,5.250000000000000000e+01,4.850000000000000000e+01,5.150000000000000000e+01,2.688600000000000000e+06
2.009062200000000000e+07,4.900000000000000000e+01,5.200000000000000000e+01,4.850000000000000000e+01,4.850000000000000000e+01,1.760800000000000000e+06
2.009062900000000000e+07,5.000000000000000000e+01,5.200000000000000000e+01,4.700000000000000000e+01,4.800000000000000000e+01,1.376000000000000000e+06
2.009070600000000000e+07,4.750000000000000000e+01,5.050000000000000000e+01,4.650000000000000000e+01,4.675000000000000000e+01,6.949900000000000000e+06
2.009071300000000000e+07,4.750000000000000000e+01,5.525000000000000000e+01,4.725000000000000000e+01,5.500000000000000000e+01,3.529900000000000000e+06
2.009072000000000000e+07,5.425000000000000000e+01,6.914199829101562500e+01,5.375000000000000000e+01,6.400000000000000000e+01,2.915800000000000000e+06
2.009072700000000000e+07,6.525000000000000000e+01,7.275000000000000000e+01,6.109999847412109375e+01,7.225000000000000000e+01,1.778900000000000000e+06
2.009080300000000000e+07,7.300000000000000000e+01,7.800000000000000000e+01,6.850000000000000000e+01,7.400000000000000000e+01,9.369300000000000000e+06
2.009081000000000000e+07,7.315000000000000568e+01,7.450000000000000000e+01,7.038500213623046875e+01,7.400000000000000000e+01,2.676600000000000000e+06
2.009081700000000000e+07,7.400000000000000000e+01,8.019999694824218750e+01,7.005000305175781250e+01,8.000000000000000000e+01,4.397200000000000000e+06
2.009082400000000000e+07,8.000000000000000000e+01,8.800000000000000000e+01,7.869400024414062500e+01,8.525000000000000000e+01,1.490300000000000000e+06
2.009083100000000000e+07,8.525000000000000000e+01,8.794999694824218750e+01,8.000000000000000000e+01,8.709999999999999432e+01,1.017700000000000000e+06
2.009090700000000000e+07,8.800000000000000000e+01,9.150000000000000000e+01,8.509999847412109375e+01,8.800000000000000000e+01,2.936700000000000000e+06
2.009091400000000000e+07,8.800000000000000000e+01,8.994999694824218750e+01,8.059999847412109375e+01,8.250000000000000000e+01,7.366400000000000000e+06
2.009092100000000000e+07,8.295000000000000284e+01,8.409999847412109375e+01,7.151499938964843750e+01,7.459999999999999432e+01,2.807700000000000000e+06
2.009092800000000000e+07,7.559999999999999432e+01,8.400000000000000000e+01,7.149600219726562500e+01,7.409999999999999432e+01,2.720200000000000000e+06
2.009100500000000000e+07,7.475000000000000000e+01,7.900000000000000000e+01,7.005000305175781250e+01,7.650000000000000000e+01,2.227800000000000000e+06
2.009101200000000000e+07,7.600000000000000000e+01,8.600000000000000000e+01,7.305000305175781250e+01,8.370000000000000284e+01,3.204400000000000000e+06
2.009101900000000000e+07,8.479999999999999716e+01,8.600000000000000000e+01,7.834999847412109375e+01,8.445000000000000284e+01,1.784700000000000000e+06
2.009102600000000000e+07,8.250000000000000000e+01,8.550000000000000000e+01,7.304299926757812500e+01,7.750000000000000000e+01,3.083200000000000000e+06
2.009110200000000000e+07,7.600000000000000000e+01,8.000000000000000000e+01,7.544999694824218750e+01,7.865000000000000568e+01,5.063500000000000000e+06
2.009110900000000000e+07,7.850000000000000000e+01,8.094999694824218750e+01,7.600000000000000000e+01,8.000000000000000000e+01,4.130000000000000000e+06
2.009111600000000000e+07,8.120000000000000284e+01,8.594999694824218750e+01,7.505000305175781250e+01,7.825000000000000000e+01,2.553000000000000000e+06
2.009112300000000000e+07,7.954999999999999716e+01,8.300000000000000000e+01,7.375000000000000000e+01,7.965000000000000568e+01,1.694000000000000000e+06
2.009113000000000000e+07,7.650000000000000000e+01,7.994999694824218750e+01,7.291100311279296875e+01,7.720000000000000284e+01,1.242400000000000000e+06
2.009120700000000000e+07,7.300000000000000000e+01,8.000000000000000000e+01,6.865000152587890625e+01,7.384999999999999432e+01,7.414000000000000000e+05
2.009121400000000000e+07,7.534999999999999432e+01,7.700000000000000000e+01,6.955000305175781250e+01,7.400000000000000000e+01,1.626300000000000000e+06
2.009122100000000000e+07,7.179999999999999716e+01,7.794999694824218750e+01,7.180000305175781250e+01,7.465000000000000568e+01,1.076400000000000000e+06
2.009122800000000000e+07,7.465000000000000568e+01,7.900000000000000000e+01,7.400000000000000000e+01,7.400000000000000000e+01,3.839000000000000000e+05
2.010010400000000000e+07,7.600000000000000000e+01,7.750000000000000000e+01,7.309999847412109375e+01,7.500000000000000000e+01,1.181800000000000000e+06
2.010011100000000000e+07,7.745000000000000284e+01,7.744999694824218750e+01,7.200000000000000000e+01,7.375000000000000000e+01,5.177000000000000000e+05
2.010011800000000000e+07,7.340000000000000568e+01,7.576300048828125000e+01,7.200000000000000000e+01,7.200000000000000000e+01,4.658000000000000000e+05
2.010012500000000000e+07,7.200000000000000000e+01,7.600000000000000000e+01,7.065000152587890625e+01,7.300000000000000000e+01,4.507000000000000000e+05
2.010020100000000000e+07,7.600000000000000000e+01,7.700000000000000000e+01,6.900000000000000000e+01,7.250000000000000000e+01,9.482000000000000000e+05
2.010020800000000000e+07,7.100000000000000000e+01,7.509999847412109375e+01,6.700000000000000000e+01,6.850000000000000000e+01,8.797000000000000000e+05
2.010021500000000000e+07,6.779999999999999716e+01,7.150000000000000000e+01,6.409999847412109375e+01,6.800000000000000000e+01,2.732400000000000000e+06
2.010022200000000000e+07,7.000000000000000000e+01,7.400000000000000000e+01,6.700000000000000000e+01,7.400000000000000000e+01,3.926900000000000000e+06
2.010030100000000000e+07,7.400000000000000000e+01,7.727400207519531250e+01,6.555000305175781250e+01,7.429999999999999716e+01,2.902200000000000000e+06
2.010030800000000000e+07,6.929999999999999716e+01,7.140000152587890625e+01,6.700000000000000000e+01,6.845000000000000284e+01,1.405000000000000000e+06
2.010031500000000000e+07,6.825000000000000000e+01,6.869999694824218750e+01,6.488700103759765625e+01,6.645000000000000284e+01,1.224800000000000000e+06
2.010032200000000000e+07,6.875000000000000000e+01,6.914499664306640625e+01,6.413999938964843750e+01,6.729999999999999716e+01,1.539600000000000000e+07
2.010032900000000000e+07,6.879999999999999716e+01,7.000000000000000000e+01,6.525000000000000000e+01,6.900000000000000000e+01,1.342700000000000000e+06
2.010040500000000000e+07,6.900000000000000000e+01,7.942600250244140625e+01,6.900000000000000000e+01,7.600000000000000000e+01,2.281500000000000000e+06
2.010041200000000000e+07,7.790000000000000568e+01,7.940000152587890625e+01,7.400000000000000000e+01,7.500000000000000000e+01,1.637300000000000000e+06
2.010041900000000000e+07,7.270000000000000284e+01,7.630500030517578125e+01,7.125000000000000000e+01,7.550000000000000000e+01,3.345700000000000000e+06
2.010042600000000000e+07,7.200000000000000000e+01,7.675000000000000000e+01,6.981500244140625000e+01,7.429999999999999716e+01,1.228200000000000000e+06
2.010050300000000000e+07,7.429999999999999716e+01,7.430000305175781250e+01,6.550000000000000000e+01,6.845000000000000284e+01,2.769100000000000000e+06
2.010051000000000000e+07,6.990000000000000568e+01,7.309999847412109375e+01,6.688999938964843750e+01,6.984999999999999432e+01,5.588800000000000000e+06
2.010051700000000000e+07,7.015000000000000568e+01,7.094999694824218750e+01,6.300000000000000000e+01,6.325000000000000000e+01,1.950400000000000000e+06
2.010052400000000000e+07,6.400000000000000000e+01,6.544999694824218750e+01,6.100000000000000000e+01,6.100000000000000000e+01,1.828900000000000000e+06
2.010053100000000000e+07,6.100000000000000000e+01,6.840000152587890625e+01,6.100000000000000000e+01,6.700000000000000000e+01,6.472000000000000000e+05
2.010060700000000000e+07,6.515000000000000568e+01,7.000000000000000000e+01,6.465000152587890625e+01,6.934999999999999432e+01,3.269900000000000000e+06
2.010061400000000000e+07,6.745000000000000284e+01,7.615000152587890625e+01,6.744999694824218750e+01,7.565000000000000568e+01,2.314800000000000000e+06
2.010062100000000000e+07,7.500000000000000000e+01,8.200000000000000000e+01,7.355000305175781250e+01,7.404999999999999716e+01,4.142600000000000000e+06
2.010062800000000000e+07,7.484999999999999432e+01,7.580000305175781250e+01,6.819999694824218750e+01,7.340000000000000568e+01,1.219300000000000000e+06
2.010070500000000000e+07,7.500000000000000000e+01,7.500000000000000000e+01,6.784999847412109375e+01,6.784999999999999432e+01,1.491500000000000000e+06
2.010071200000000000e+07,6.940000000000000568e+01,6.994999694824218750e+01,6.455000305175781250e+01,6.620000000000000284e+01,1.146200000000000000e+06
2.010071900000000000e+07,6.450000000000000000e+01,6.755000305175781250e+01,6.395000076293945312e+01,6.525000000000000000e+01,6.079000000000000000e+05
2.010072600000000000e+07,6.754999999999999716e+01,7.000000000000000000e+01,6.509999847412109375e+01,7.000000000000000000e+01,9.583000000000000000e+05
2.010080200000000000e+07,7.100000000000000000e+01,7.594999694824218750e+01,6.713300323486328125e+01,7.450000000000000000e+01,1.421400000000000000e+06
2.010080900000000000e+07,7.500000000000000000e+01,7.630000305175781250e+01,6.815000152587890625e+01,7.270000000000000284e+01,1.233500000000000000e+06
2.010081600000000000e+07,7.184999999999999432e+01,7.500000000000000000e+01,6.969999694824218750e+01,7.100000000000000000e+01,9.356000000000000000e+05
2.010082300000000000e+07,7.315000000000000568e+01,7.444999694824218750e+01,7.000000000000000000e+01,7.204999999999999716e+01,1.702000000000000000e+06
2.010083000000000000e+07,7.204999999999999716e+01,7.400000000000000000e+01,6.955799865722656250e+01,7.150000000000000000e+01,1.038400000000000000e+06
2.010090600000000000e+07,7.004999999999999716e+01,8.381400299072265625e+01,7.005000305175781250e+01,8.195000000000000284e+01,2.540800000000000000e+06
2.010091300000000000e+07,7.700000000000000000e+01,9.265000152587890625e+01,7.700000000000000000e+01,8.350000000000000000e+01,3.074200000000000000e+06
2.010092000000000000e+07,8.329999999999999716e+01,8.900000000000000000e+01,8.069999694824218750e+01,8.545000000000000284e+01,2.358800000000000000e+06
2.010092700000000000e+07,8.565000000000000568e+01,8.681600189208984375e+01,7.989499664306640625e+01,8.054999999999999716e+01,1.879400000000000000e+06
2.010100400000000000e+07,8.175000000000000000e+01,8.327500152587890625e+01,7.855000305175781250e+01,8.009999999999999432e+01,3.775800000000000000e+06
2.010101100000000000e+07,7.929999999999999716e+01,8.400000000000000000e+01,7.875000000000000000e+01,8.184999999999999432e+01,1.418970000000000000e+07
2.010101800000000000e+07,8.204999999999999716e+01,8.738400268554687500e+01,8.181300354003906250e+01,8.604999999999999716e+01,2.418800000000000000e+06
2.010102500000000000e+07,8.650000000000000000e+01,9.000000000000000000e+01,8.150000000000000000e+01,8.359999999999999432e+01,1.024300000000000000e+06
2.010110100000000000e+07,8.445000000000000284e+01,8.734999847412109375e+01,8.440000152587890625e+01,8.565000000000000568e+01,7.469000000000000000e+05
2.010110800000000000e+07,8.479999999999999716e+01,8.950000000000000000e+01,8.450000000000000000e+01,8.629999999999999716e+01,1.141100000000000000e+06
2.010111500000000000e+07,8.720000000000000284e+01,8.725000000000000000e+01,7.765000152587890625e+01,7.859999999999999432e+01,1.928900000000000000e+06
2.010112200000000000e+07,7.875000000000000000e+01,8.144999694824218750e+01,7.759999847412109375e+01,8.075000000000000000e+01,3.744200000000000000e+06
2.010112900000000000e+07,8.090000000000000568e+01,8.325000000000000000e+01,7.800000000000000000e+01,8.150000000000000000e+01,2.605400000000000000e+06
2.010120600000000000e+07,8.079999999999999716e+01,8.300000000000000000e+01,7.965000152587890625e+01,8.009999999999999432e+01,3.434200000000000000e+06
2.010121300000000000e+07,7.975000000000000000e+01,8.194999694824218750e+01,7.790000152587890625e+01,7.990000000000000568e+01,4.118800000000000000e+06
2.010122000000000000e+07,7.854999999999999716e+01,8.000000000000000000e+01,7.800000000000000000e+01,7.825000000000000000e+01,1.780200000000000000e+06
2.010122700000000000e+07,7.825000000000000000e+01,7.909999847412109375e+01,7.548300170898437500e+01,7.634999999999999432e+01,2.238700000000000000e+06
2.011011000000000000e+07,7.650000000000000000e+01,8.700000000000000000e+01,7.600000000000000000e+01,8.700000000000000000e+01,2.473260000000000000e+07
2.011011700000000000e+07,8.640000000000000568e+01,9.047000122070312500e+01,8.484999847412109375e+01,8.870000000000000284e+01,1.856200000000000000e+06
2.011012400000000000e+07,8.895000000000000284e+01,9.000000000000000000e+01,8.476499938964843750e+01,8.890000000000000568e+01,1.863600000000000000e+06
2.011013100000000000e+07,8.875000000000000000e+01,9.155000305175781250e+01,8.680000305175781250e+01,8.834999999999999432e+01,2.633600000000000000e+06
2.011020700000000000e+07,8.750000000000000000e+01,9.194499969482421875e+01,8.750000000000000000e+01,9.145000000000000284e+01,1.251500000000000000e+06
2.011021400000000000e+07,9.140000000000000568e+01,9.315000152587890625e+01,8.804100036621093750e+01,9.145000000000000284e+01,9.074000000000000000e+05
2.011022100000000000e+07,9.059999999999999432e+01,9.134999847412109375e+01,8.280000305175781250e+01,8.784999999999999432e+01,8.792600000000000000e+06
2.011022800000000000e+07,8.815000000000000568e+01,9.205000305175781250e+01,8.630000305175781250e+01,9.195000000000000284e+01,1.988610000000000000e+07
2.011030700000000000e+07,9.209999999999999432e+01,9.284999847412109375e+01,6.520700073242187500e+01,8.850000000000000000e+01,2.385390000000000000e+07
2.011031400000000000e+07,8.900000000000000000e+01,9.019999694824218750e+01,8.500000000000000000e+01,8.745000000000000284e+01,1.284680000000000000e+07
2.011032100000000000e+07,8.800000000000000000e+01,8.934999847412109375e+01,8.509999847412109375e+01,8.709999999999999432e+01,6.168500000000000000e+06
2.011032800000000000e+07,8.834999999999999432e+01,8.965000152587890625e+01,8.500000000000000000e+01,8.820000000000000284e+01,7.471000000000000000e+06
2.011040400000000000e+07,8.850000000000000000e+01,9.180999755859375000e+01,8.484999847412109375e+01,8.695000000000000284e+01,9.407800000000000000e+06
2.011041100000000000e+07,8.779999999999999716e+01,9.125000000000000000e+01,8.600000000000000000e+01,8.915000000000000568e+01,1.554600000000000000e+06
2.011041800000000000e+07,8.840000000000000568e+01,9.350000000000000000e+01,8.737000274658203125e+01,9.250000000000000000e+01,1.207400000000000000e+06
2.011050900000000000e+07,9.784999999999999432e+01,1.038000030517578125e+02,9.705000305175781250e+01,1.027000000000000028e+02,4.666000000000000000e+06
2.011051600000000000e+07,1.020999999999999943e+02,1.020999984741210938e+02,9.594999694824218750e+01,9.995000000000000284e+01,1.582300000000000000e+06
2.011052300000000000e+07,1.000000000000000000e+02,1.020000000000000000e+02,9.775000000000000000e+01,9.990000000000000568e+01,8.179000000000000000e+05
2.011060600000000000e+07,1.034000000000000057e+02,1.100000000000000000e+02,1.006999969482421875e+02,1.070999999999999943e+02,7.551400000000000000e+06
2.011061300000000000e+07,1.085000000000000000e+02,1.100000000000000000e+02,1.041999969482421875e+02,1.049000000000000057e+02,1.890000000000000000e+06
2.011062000000000000e+07,1.050999999999999943e+02,1.051520004272460938e+02,1.004000015258789062e+02,1.030000000000000000e+02,2.272400000000000000e+06
2.011062700000000000e+07,1.040000000000000000e+02,1.043000030517578125e+02,9.800000000000000000e+01,1.037999999999999972e+02,7.832900000000000000e+06
2.011070400000000000e+07,1.034000000000000057e+02,1.130999984741210938e+02,1.024410018920898438e+02,1.080000000000000000e+02,3.857500000000000000e+06
2.011071100000000000e+07,1.082999999999999972e+02,1.156999969482421875e+02,1.052480010986328125e+02,1.157000000000000028e+02,6.549000000000000000e+06
2.011071800000000000e+07,1.147999999999999972e+02,1.169000015258789062e+02,1.122649993896484375e+02,1.145999999999999943e+02,1.544000000000000000e+06
2.011072500000000000e+07,1.140000000000000000e+02,1.185459976196289062e+02,1.091320037841796875e+02,1.142000000000000028e+02,1.854800000000000000e+06
2.011080100000000000e+07,1.120000000000000000e+02,1.236999969482421875e+02,1.074000015258789062e+02,1.102999999999999972e+02,1.490060000000000000e+07
2.011080800000000000e+07,1.097999999999999972e+02,1.120979995727539062e+02,9.450000000000000000e+01,1.030000000000000000e+02,5.768400000000000000e+06
2.011081500000000000e+07,1.035999999999999943e+02,1.101999969482421875e+02,9.775000000000000000e+01,1.030999999999999943e+02,2.672300000000000000e+06
2.011082200000000000e+07,1.035000000000000000e+02,1.094000015258789062e+02,1.008000030517578125e+02,1.084000000000000057e+02,8.268700000000000000e+06
2.011090500000000000e+07,1.087999999999999972e+02,1.129000015258789062e+02,1.062450027465820312e+02,1.097999999999999972e+02,1.520300000000000000e+06
2.011091200000000000e+07,1.069000000000000057e+02,1.180000000000000000e+02,1.055000000000000000e+02,1.175999999999999943e+02,5.614600000000000000e+06
2.011091900000000000e+07,1.175999999999999943e+02,1.178000030517578125e+02,1.100000000000000000e+02,1.107000000000000028e+02,1.588500000000000000e+06
2.011092600000000000e+07,1.084000000000000057e+02,1.119000015258789062e+02,1.026999969482421875e+02,1.030000000000000000e+02,1.628000000000000000e+06
2.011100300000000000e+07,1.017999999999999972e+02,1.018000030517578125e+02,9.105000305175781250e+01,9.809999999999999432e+01,2.969400000000000000e+06
2.011101000000000000e+07,9.850000000000000000e+01,1.045999984741210938e+02,9.775000000000000000e+01,1.035000000000000000e+02,4.987900000000000000e+06
2.011101700000000000e+07,1.035000000000000000e+02,1.040000000000000000e+02,9.669999694824218750e+01,9.795000000000000284e+01,1.341100000000000000e+06
2.011102400000000000e+07,9.950000000000000000e+01,1.073000030517578125e+02,9.944899749755859375e+01,1.050000000000000000e+02,6.620600000000000000e+06
2.011103100000000000e+07,1.034000000000000057e+02,1.095000000000000000e+02,1.000999984741210938e+02,1.074000000000000057e+02,3.475300000000000000e+06
2.011110700000000000e+07,1.062999999999999972e+02,1.108000030517578125e+02,1.053000030517578125e+02,1.095000000000000000e+02,6.662000000000000000e+06
2.011111400000000000e+07,1.124000000000000057e+02,1.124000015258789062e+02,1.051999969482421875e+02,1.062999999999999972e+02,4.529900000000000000e+06
2.011112100000000000e+07,1.065000000000000000e+02,1.105999984741210938e+02,9.811000061035156250e+01,1.020000000000000000e+02,8.902400000000000000e+06
2.011112800000000000e+07,1.029000000000000057e+02,1.089000015258789062e+02,1.009000015258789062e+02,1.077000000000000028e+02,2.025100000000000000e+06
2.011120500000000000e+07,1.094000000000000057e+02,1.136999969482421875e+02,1.065589981079101562e+02,1.074000000000000057e+02,1.430100000000000000e+06
2.011121200000000000e+07,1.077000000000000028e+02,1.076999969482421875e+02,9.400000000000000000e+01,1.009000000000000057e+02,2.320600000000000000e+06
2.011121900000000000e+07,1.000999999999999943e+02,1.065999984741210938e+02,9.680000305175781250e+01,1.020000000000000000e+02,1.232400000000000000e+06
2.011122600000000000e+07,1.020000000000000000e+02,1.086999969482421875e+02,9.909999847412109375e+01,1.050000000000000000e+02,4.207000000000000000e+05
2.012010200000000000e+07,1.050000000000000000e+02,1.060000000000000000e+02,1.006999969482421875e+02,1.039000000000000057e+02,5.993200000000000000e+06
2.012010900000000000e+07,1.045000000000000000e+02,1.180000000000000000e+02,1.020999984741210938e+02,1.145000000000000000e+02,6.180700000000000000e+06
2.012011600000000000e+07,1.135999999999999943e+02,1.170999984741210938e+02,1.130000000000000000e+02,1.157999999999999972e+02,4.977400000000000000e+06
2.012012300000000000e+07,1.164000000000000057e+02,1.174000015258789062e+02,1.114000015258789062e+02,1.162999999999999972e+02,3.650400000000000000e+06
2.012013000000000000e+07,1.164000000000000057e+02,1.237139968872070312e+02,1.141880035400390625e+02,1.195000000000000000e+02,1.587300000000000000e+06
2.012020600000000000e+07,1.170999999999999943e+02,1.245000000000000000e+02,1.150999984741210938e+02,1.192999999999999972e+02,2.792300000000000000e+06
2.012021300000000000e+07,1.194000000000000057e+02,1.245000000000000000e+02,1.189000015258789062e+02,1.210000000000000000e+02,1.542500000000000000e+06
2.012022000000000000e+07,1.207999999999999972e+02,1.244000015258789062e+02,1.146999969482421875e+02,1.195000000000000000e+02,2.954400000000000000e+06
2.012022700000000000e+07,1.195000000000000000e+02,1.310000000000000000e+02,1.195000000000000000e+02,1.280000000000000000e+02,7.722500000000000000e+06
2.012030500000000000e+07,1.275000000000000000e+02,1.300000000000000000e+02,1.206699981689453125e+02,1.290000000000000000e+02,1.855000000000000000e+06
2.012031200000000000e+07,1.284000000000000057e+02,1.331999969482421875e+02,1.246999969482421875e+02,1.274000000000000057e+02,4.264700000000000000e+06
2.012031900000000000e+07,1.280999999999999943e+02,1.293999938964843750e+02,1.241999969482421875e+02,1.275000000000000000e+02,4.898900000000000000e+06
2.012032600000000000e+07,1.275000000000000000e+02,1.335650024414062500e+02,1.250000000000000000e+02,1.269000000000000057e+02,3.387600000000000000e+06
2.012040200000000000e+07,1.275000000000000000e+02,1.296999969482421875e+02,1.245999984741210938e+02,1.264000000000000057e+02,3.555800000000000000e+06
2.012040900000000000e+07,1.264000000000000057e+02,1.286999969482421875e+02,1.232480010986328125e+02,1.286999999999999886e+02,1.766500000000000000e+06
2.012041600000000000e+07,1.290000000000000000e+02,1.371000061035156250e+02,1.266999969482421875e+02,1.323000000000000114e+02,2.180000000000000000e+06
2.012042300000000000e+07,1.315000000000000000e+02,1.328999938964843750e+02,1.259329986572265625e+02,1.328000000000000114e+02,1.555600000000000000e+06
2.012043000000000000e+07,1.335999999999999943e+02,1.368000030517578125e+02,1.311999969482421875e+02,1.341999999999999886e+02,3.462900000000000000e+06
2.012050700000000000e+07,1.341999999999999886e+02,1.358500061035156250e+02,1.240000000000000000e+02,1.265000000000000000e+02,1.408500000000000000e+06
2.012051400000000000e+07,1.252000000000000028e+02,1.263000030517578125e+02,1.095999984741210938e+02,1.125000000000000000e+02,4.491200000000000000e+06
2.012052100000000000e+07,1.120999999999999943e+02,1.135000000000000000e+02,1.080000000000000000e+02,1.109000000000000057e+02,2.603700000000000000e+06
2.012052800000000000e+07,1.100999999999999943e+02,1.200000000000000000e+02,1.100000000000000000e+02,1.160000000000000000e+02,7.549200000000000000e+06
2.012060400000000000e+07,1.160000000000000000e+02,1.220199966430664062e+02,1.160000000000000000e+02,1.184000000000000057e+02,2.639700000000000000e+06
2.012061100000000000e+07,1.197000000000000028e+02,1.220999984741210938e+02,1.129400024414062500e+02,1.137000000000000028e+02,6.778300000000000000e+06
2.012061800000000000e+07,1.152000000000000028e+02,1.260000000000000000e+02,1.140000000000000000e+02,1.232000000000000028e+02,2.227700000000000000e+06
2.012062500000000000e+07,1.222999999999999972e+02,1.280000000000000000e+02,1.205000000000000000e+02,1.252000000000000028e+02,2.111000000000000000e+06
2.012070200000000000e+07,1.250999999999999943e+02,1.326999969482421875e+02,1.250999984741210938e+02,1.306999999999999886e+02,3.175400000000000000e+06
2.012070900000000000e+07,1.320000000000000000e+02,1.373999938964843750e+02,1.296999969482421875e+02,1.350000000000000000e+02,3.275100000000000000e+06
2.012071600000000000e+07,1.314000000000000057e+02,1.353999938964843750e+02,1.277639999389648438e+02,1.330999999999999943e+02,1.628700000000000000e+06
2.012072300000000000e+07,1.308000000000000114e+02,1.431000061035156250e+02,1.280000000000000000e+02,1.400999999999999943e+02,4.753800000000000000e+06
2.012073000000000000e+07,1.400999999999999943e+02,1.468000030517578125e+02,1.400000000000000000e+02,1.446999999999999886e+02,3.304100000000000000e+06
2.012080600000000000e+07,1.449000000000000057e+02,1.458000030517578125e+02,1.368999938964843750e+02,1.399000000000000057e+02,3.263100000000000000e+06
2.012081300000000000e+07,1.390000000000000000e+02,1.436999969482421875e+02,1.376999969482421875e+02,1.410000000000000000e+02,5.380600000000000000e+06
2.012082000000000000e+07,1.405999999999999943e+02,1.416000061035156250e+02,1.310000000000000000e+02,1.310000000000000000e+02,1.386800000000000000e+06
2.012082700000000000e+07,1.310000000000000000e+02,1.420000000000000000e+02,1.310000000000000000e+02,1.350000000000000000e+02,1.899900000000000000e+06
2.012090300000000000e+07,1.369000000000000057e+02,1.474519958496093750e+02,1.318000030517578125e+02,1.409000000000000057e+02,1.128590000000000000e+07
2.012091000000000000e+07,1.416999999999999886e+02,1.416999969482421875e+02,1.259000015258789062e+02,1.335000000000000000e+02,5.962300000000000000e+06
2.012091700000000000e+07,1.336999999999999886e+02,1.400000000000000000e+02,1.331000061035156250e+02,1.384000000000000057e+02,2.130200000000000000e+06
2.012092400000000000e+07,1.380000000000000000e+02,1.400000000000000000e+02,1.351999969482421875e+02,1.378000000000000114e+02,2.140000000000000000e+06
2.012100100000000000e+07,1.380000000000000000e+02,1.426999969482421875e+02,1.361000061035156250e+02,1.400000000000000000e+02,2.821900000000000000e+06
2.012100800000000000e+07,1.395999999999999943e+02,1.420000000000000000e+02,1.348999938964843750e+02,1.360999999999999943e+02,6.377200000000000000e+06
2.012101500000000000e+07,1.361999999999999886e+02,1.411000061035156250e+02,1.335000000000000000e+02,1.405999999999999943e+02,4.862600000000000000e+06
2.012102200000000000e+07,1.404000000000000057e+02,1.428000030517578125e+02,1.376999969482421875e+02,1.404000000000000057e+02,1.976500000000000000e+06
2.012102900000000000e+07,1.399000000000000057e+02,1.433000030517578125e+02,1.340000000000000000e+02,1.433000000000000114e+02,1.121200000000000000e+06
2.012110500000000000e+07,1.411999999999999886e+02,1.550839996337890625e+02,1.396000061035156250e+02,1.520000000000000000e+02,6.025500000000000000e+06
2.012111200000000000e+07,1.516999999999999886e+02,1.555000000000000000e+02,1.486300048828125000e+02,1.530999999999999943e+02,4.715100000000000000e+06
2.012111900000000000e+07,1.530999999999999943e+02,1.565000000000000000e+02,1.527899932861328125e+02,1.560000000000000000e+02,3.043000000000000000e+06
2.012112600000000000e+07,1.545000000000000000e+02,1.627440032958984375e+02,1.530000000000000000e+02,1.626999999999999886e+02,4.026500000000000000e+06
2.012120300000000000e+07,1.620000000000000000e+02,1.661999969482421875e+02,1.598000030517578125e+02,1.650000000000000000e+02,1.424100000000000000e+06
2.012121000000000000e+07,1.643000000000000114e+02,1.656999969482421875e+02,1.621000061035156250e+02,1.645000000000000000e+02,3.232400000000000000e+06
2.012121700000000000e+07,1.625000000000000000e+02,1.713000030517578125e+02,1.586000061035156250e+02,1.598000000000000114e+02,1.795600000000000000e+06
2.012122400000000000e+07,1.608000000000000114e+02,1.648999938964843750e+02,1.550579986572265625e+02,1.570000000000000000e+02,8.410000000000000000e+05
2.012123100000000000e+07,1.604000000000000057e+02,1.630000000000000000e+02,1.550579986572265625e+02,1.625000000000000000e+02,1.948500000000000000e+06
2.013010700000000000e+07,1.629000000000000057e+02,1.771000061035156250e+02,1.551809997558593750e+02,1.680000000000000000e+02,2.362900000000000000e+06
2.013011400000000000e+07,1.694000000000000057e+02,1.858000030517578125e+02,1.665000000000000000e+02,1.841999999999999886e+02,9.592600000000000000e+06
2.013012100000000000e+07,1.835999999999999943e+02,1.858000030517578125e+02,1.790000000000000000e+02,1.846999999999999886e+02,3.066100000000000000e+06
2.013012800000000000e+07,1.865000000000000000e+02,1.900000000000000000e+02,1.803999938964843750e+02,1.900000000000000000e+02,5.191700000000000000e+06
2.013020400000000000e+07,1.911999999999999886e+02,1.953999938964843750e+02,1.866999969482421875e+02,1.951999999999999886e+02,8.792000000000000000e+05
2.013021100000000000e+07,1.944000000000000057e+02,2.095000000000000000e+02,1.941000061035156250e+02,2.085999999999999943e+02,2.441700000000000000e+06
2.013021800000000000e+07,2.090000000000000000e+02,2.105399932861328125e+02,1.975000000000000000e+02,2.028000000000000114e+02,3.474000000000000000e+06
2.013022500000000000e+07,2.025999999999999943e+02,2.061000061035156250e+02,1.915599975585937500e+02,2.008000000000000114e+02,3.123700000000000000e+06
2.013030400000000000e+07,2.010000000000000000e+02,2.075000000000000000e+02,1.888529968261718750e+02,1.950000000000000000e+02,4.684000000000000000e+06
2.013031100000000000e+07,1.936999999999999886e+02,1.995000000000000000e+02,1.930000000000000000e+02,1.970999999999999943e+02,3.022800000000000000e+06
2.013031800000000000e+07,1.951999999999999886e+02,1.973000030517578125e+02,1.887160034179687500e+02,1.935000000000000000e+02,2.534900000000000000e+06
2.013032500000000000e+07,1.940000000000000000e+02,2.003999938964843750e+02,1.930000000000000000e+02,1.980000000000000000e+02,2.952100000000000000e+06
2.013040100000000000e+07,1.980000000000000000e+02,2.028999938964843750e+02,1.871000061035156250e+02,1.900000000000000000e+02,1.622100000000000000e+06
2.013040800000000000e+07,1.883000000000000114e+02,1.904550018310546875e+02,1.793999938964843750e+02,1.844000000000000057e+02,7.701200000000000000e+06
2.013041500000000000e+07,1.850000000000000000e+02,1.988000030517578125e+02,1.803999938964843750e+02,1.979000000000000057e+02,3.382200000000000000e+06
2.013042200000000000e+07,1.978000000000000114e+02,2.043999938964843750e+02,1.976999969482421875e+02,2.011999999999999886e+02,4.536300000000000000e+06
2.013042900000000000e+07,2.020000000000000000e+02,2.060000000000000000e+02,1.968000030517578125e+02,2.045999999999999943e+02,2.451500000000000000e+06
2.013050600000000000e+07,2.045999999999999943e+02,2.093999938964843750e+02,2.016300048828125000e+02,2.070999999999999943e+02,1.974500000000000000e+06
2.013051300000000000e+07,2.075000000000000000e+02,2.221649932861328125e+02,2.060000000000000000e+02,2.210000000000000000e+02,2.813400000000000000e+06
2.013052000000000000e+07,2.200999999999999943e+02,2.210000000000000000e+02,2.060000000000000000e+02,2.061999999999999886e+02,1.717100000000000000e+06
2.013052700000000000e+07,2.061999999999999886e+02,2.148000030517578125e+02,2.060000000000000000e+02,2.080000000000000000e+02,1.030700000000000000e+06
2.013060300000000000e+07,2.070999999999999943e+02,2.161000061035156250e+02,1.921000061035156250e+02,2.030000000000000000e+02,1.456020000000000000e+07
2.013061000000000000e+07,2.020000000000000000e+02,2.071000061035156250e+02,1.811000061035156250e+02,1.865999999999999943e+02,8.473400000000000000e+06
2.013061700000000000e+07,1.870000000000000000e+02,2.027500000000000000e+02,1.808000030517578125e+02,1.808000000000000114e+02,7.000500000000000000e+06
2.013062400000000000e+07,1.829000000000000057e+02,1.931999969482421875e+02,1.785000000000000000e+02,1.915999999999999943e+02,3.552000000000000000e+06
2.013070100000000000e+07,1.908000000000000114e+02,1.971999969482421875e+02,1.835000000000000000e+02,1.910000000000000000e+02,4.855000000000000000e+06
2.013070800000000000e+07,1.908000000000000114e+02,2.144600067138671875e+02,1.908000030517578125e+02,2.011999999999999886e+02,3.530400000000000000e+06
2.013071500000000000e+07,2.035999999999999943e+02,2.108999938964843750e+02,2.013999938964843750e+02,2.050999999999999943e+02,1.855600000000000000e+06
2.013072200000000000e+07,2.050999999999999943e+02,2.081000061035156250e+02,2.023800048828125000e+02,2.060000000000000000e+02,1.259500000000000000e+06
2.013072900000000000e+07,2.060999999999999943e+02,2.138000030517578125e+02,1.725000000000000000e+02,1.843000000000000114e+02,1.865700000000000000e+07
2.013080500000000000e+07,1.849000000000000057e+02,1.898000030517578125e+02,1.823919982910156250e+02,1.851999999999999886e+02,6.099300000000000000e+06
2.013081200000000000e+07,1.810000000000000000e+02,1.860000000000000000e+02,1.571999969482421875e+02,1.605000000000000000e+02,7.487700000000000000e+06
2.013081900000000000e+07,1.635999999999999943e+02,1.718000030517578125e+02,1.611000061035156250e+02,1.700000000000000000e+02,6.755900000000000000e+06
2.013082600000000000e+07,1.700000000000000000e+02,1.741000061035156250e+02,1.673999938964843750e+02,1.700000000000000000e+02,4.832900000000000000e+06
2.013090200000000000e+07,1.719000000000000057e+02,1.751999969482421875e+02,1.688000030517578125e+02,1.748000000000000114e+02,5.254100000000000000e+06
2.013090900000000000e+07,1.753000000000000114e+02,1.756560058593750000e+02,1.626999969482421875e+02,1.646999999999999886e+02,4.993800000000000000e+06
2.013091600000000000e+07,1.654000000000000057e+02,1.658999938964843750e+02,1.496600036621093750e+02,1.505000000000000000e+02,1.453270000000000000e+07
2.013092300000000000e+07,1.510000000000000000e+02,1.511999969482421875e+02,1.417700042724609375e+02,1.500999999999999943e+02,8.061700000000000000e+06
2.013093000000000000e+07,1.491999999999999886e+02,1.538099975585937500e+02,1.466999969482421875e+02,1.475000000000000000e+02,3.746600000000000000e+06
2.013100700000000000e+07,1.476999999999999886e+02,1.506999969482421875e+02,1.412720031738281250e+02,1.424000000000000057e+02,3.614400000000000000e+06
2.013101400000000000e+07,1.431999999999999886e+02,1.564100036621093750e+02,1.427599945068359375e+02,1.551999999999999886e+02,6.011900000000000000e+06
2.013102100000000000e+07,1.550000000000000000e+02,1.596999969482421875e+02,1.504219970703125000e+02,1.530000000000000000e+02,3.702500000000000000e+06
2.013102800000000000e+07,1.526999999999999886e+02,1.550000000000000000e+02,1.495000000000000000e+02,1.545000000000000000e+02,8.506200000000000000e+06
2.013110400000000000e+07,1.550000000000000000e+02,1.850000000000000000e+02,1.541000061035156250e+02,1.781999999999999886e+02,2.124790000000000000e+07
2.013111100000000000e+07,1.790000000000000000e+02,1.893699951171875000e+02,1.775000000000000000e+02,1.865000000000000000e+02,7.186400000000000000e+06
2.013111800000000000e+07,1.859000000000000057e+02,1.863999938964843750e+02,1.734470062255859375e+02,1.775000000000000000e+02,6.280100000000000000e+06
2.013112500000000000e+07,1.760000000000000000e+02,1.831999969482421875e+02,1.710480041503906250e+02,1.819000000000000057e+02,4.705400000000000000e+06
2.013120200000000000e+07,1.820999999999999943e+02,1.863999938964843750e+02,1.791999969482421875e+02,1.825000000000000000e+02,2.844300000000000000e+06
2.013120900000000000e+07,1.833000000000000114e+02,1.860000000000000000e+02,1.765119934082031250e+02,1.800000000000000000e+02,2.703000000000000000e+06
2.013121600000000000e+07,1.794000000000000057e+02,1.833000030517578125e+02,1.776999969482421875e+02,1.820000000000000000e+02,1.985600000000000000e+06
2.013122300000000000e+07,1.829000000000000057e+02,1.853999938964843750e+02,1.801000061035156250e+02,1.825999999999999943e+02,2.698000000000000000e+05
2.013123000000000000e+07,1.840000000000000000e+02,1.868999938964843750e+02,1.801499938964843750e+02,1.848000000000000114e+02,1.565900000000000000e+06
2.014010600000000000e+07,1.850000000000000000e+02,2.020000000000000000e+02,1.827200012207031250e+02,2.000000000000000000e+02,4.965000000000000000e+06
2.014011300000000000e+07,2.008000000000000114e+02,2.008000030517578125e+02,1.929660034179687500e+02,1.955000000000000000e+02,4.146600000000000000e+06
2.014012000000000000e+07,1.966999999999999886e+02,1.970000000000000000e+02,1.799960021972656250e+02,1.805999999999999943e+02,3.332400000000000000e+06
2.014012700000000000e+07,1.819000000000000057e+02,1.825000000000000000e+02,1.728000030517578125e+02,1.783000000000000114e+02,2.622300000000000000e+06
2.014020300000000000e+07,1.755000000000000000e+02,1.816000061035156250e+02,1.682019958496093750e+02,1.705000000000000000e+02,4.446000000000000000e+06
2.014021000000000000e+07,1.715000000000000000e+02,1.795000000000000000e+02,1.706000061035156250e+02,1.745000000000000000e+02,3.171800000000000000e+06
2.014021700000000000e+07,1.750000000000000000e+02,1.846000061035156250e+02,1.728999938964843750e+02,1.840000000000000000e+02,2.487100000000000000e+06
2.014022400000000000e+07,1.823000000000000114e+02,1.887200012207031250e+02,1.808000030517578125e+02,1.870000000000000000e+02,2.171400000000000000e+06
2.014030300000000000e+07,1.850000000000000000e+02,1.960000000000000000e+02,1.790000000000000000e+02,1.940000000000000000e+02,5.569900000000000000e+06
2.014031000000000000e+07,1.924000000000000057e+02,1.973000030517578125e+02,1.901979980468750000e+02,1.951999999999999886e+02,5.338100000000000000e+06
2.014031700000000000e+07,1.945999999999999943e+02,1.976000061035156250e+02,1.755000000000000000e+02,1.813000000000000114e+02,2.083440000000000000e+07
2.014032400000000000e+07,1.816999999999999886e+02,1.881999969482421875e+02,1.793999938964843750e+02,1.875999999999999943e+02,6.030200000000000000e+06
2.014033100000000000e+07,1.886999999999999886e+02,1.903000030517578125e+02,1.835130004882812500e+02,1.855999999999999943e+02,3.041700000000000000e+06
2.014040700000000000e+07,1.855000000000000000e+02,1.864299926757812500e+02,1.663000030517578125e+02,1.686999999999999886e+02,3.050400000000000000e+06
2.014041400000000000e+07,1.669000000000000057e+02,1.780800018310546875e+02,1.598000030517578125e+02,1.779000000000000057e+02,3.028000000000000000e+06
2.014042100000000000e+07,1.779000000000000057e+02,1.879600067138671875e+02,1.766000061035156250e+02,1.835000000000000000e+02,1.148180000000000000e+07
2.014042800000000000e+07,1.829000000000000057e+02,1.886600036621093750e+02,1.796000061035156250e+02,1.850999999999999943e+02,3.645800000000000000e+06
2.014050500000000000e+07,1.850999999999999943e+02,1.898999938964843750e+02,1.822960052490234375e+02,1.870999999999999943e+02,5.493600000000000000e+06
2.014051200000000000e+07,1.849000000000000057e+02,1.878000030517578125e+02,1.637799987792968750e+02,1.700000000000000000e+02,4.636900000000000000e+06
2.014051900000000000e+07,1.685000000000000000e+02,1.798000030517578125e+02,1.685000000000000000e+02,1.730000000000000000e+02,1.977600000000000000e+06
2.014052600000000000e+07,1.730000000000000000e+02,1.772920074462890625e+02,1.690000000000000000e+02,1.770000000000000000e+02,2.003300000000000000e+06
2.014060200000000000e+07,1.755000000000000000e+02,1.858999938964843750e+02,1.755000000000000000e+02,1.826999999999999886e+02,2.305900000000000000e+06
2.014060900000000000e+07,1.829000000000000057e+02,1.886000061035156250e+02,1.793999938964843750e+02,1.840000000000000000e+02,7.156500000000000000e+06
2.014061600000000000e+07,1.844000000000000057e+02,1.846000061035156250e+02,1.781799926757812500e+02,1.829000000000000057e+02,4.263600000000000000e+06
2.014062300000000000e+07,1.815999999999999943e+02,1.840000000000000000e+02,1.771999969482421875e+02,1.829000000000000057e+02,3.160900000000000000e+06
2.014063000000000000e+07,1.835000000000000000e+02,1.948000030517578125e+02,1.822799987792968750e+02,1.943000000000000114e+02,2.482600000000000000e+06
2.014070700000000000e+07,1.936999999999999886e+02,1.944909973144531250e+02,1.851000061035156250e+02,1.881999999999999886e+02,3.225200000000000000e+06
2.014071400000000000e+07,1.896999999999999886e+02,1.896999969482421875e+02,1.843000030517578125e+02,1.881999999999999886e+02,2.203700000000000000e+06
2.014072100000000000e+07,1.889000000000000057e+02,1.903999938964843750e+02,1.823000030517578125e+02,1.838000000000000114e+02,4.293400000000000000e+06
2.014072800000000000e+07,1.840000000000000000e+02,1.906999969482421875e+02,1.768000030517578125e+02,1.784000000000000057e+02,3.414500000000000000e+06
2.014080400000000000e+07,1.781999999999999886e+02,1.871999969482421875e+02,1.763999938964843750e+02,1.851999999999999886e+02,2.994900000000000000e+06
2.014081100000000000e+07,1.851999999999999886e+02,1.925000000000000000e+02,1.851999969482421875e+02,1.915000000000000000e+02,1.881400000000000000e+06
2.014081800000000000e+07,1.933000000000000114e+02,1.961699981689453125e+02,1.908999938964843750e+02,1.940999999999999943e+02,3.412500000000000000e+06
2.014082500000000000e+07,1.940999999999999943e+02,1.998560028076171875e+02,1.931999969482421875e+02,1.955000000000000000e+02,1.463200000000000000e+06
2.014090100000000000e+07,1.970000000000000000e+02,1.980000000000000000e+02,1.926999969482421875e+02,1.930999999999999943e+02,1.399900000000000000e+06
2.014090800000000000e+07,1.930000000000000000e+02,1.950000000000000000e+02,1.831000061035156250e+02,1.950000000000000000e+02,2.178500000000000000e+06
2.014091500000000000e+07,1.945000000000000000e+02,2.021000061035156250e+02,1.890000000000000000e+02,2.013000000000000114e+02,4.046900000000000000e+06
2.014092200000000000e+07,1.998000000000000114e+02,2.009369964599609375e+02,1.876999969482421875e+02,1.890999999999999943e+02,2.224100000000000000e+06
2.014092900000000000e+07,1.900000000000000000e+02,1.975720062255859375e+02,1.880000000000000000e+02,1.939000000000000057e+02,2.255500000000000000e+06
2.014100600000000000e+07,1.940000000000000000e+02,1.948000030517578125e+02,1.796999969482421875e+02,1.838000000000000114e+02,2.374700000000000000e+06
2.014101300000000000e+07,1.818000000000000114e+02,1.910000000000000000e+02,1.796000061035156250e+02,1.860000000000000000e+02,2.910400000000000000e+06
2.014102000000000000e+07,1.841999999999999886e+02,1.976000061035156250e+02,1.810899963378906250e+02,1.934000000000000057e+02,3.685000000000000000e+06
2.014102700000000000e+07,1.940000000000000000e+02,2.000000000000000000e+02,1.871000061035156250e+02,2.000000000000000000e+02,2.225600000000000000e+06
2.014110300000000000e+07,1.986999999999999886e+02,2.033000030517578125e+02,1.961999969482421875e+02,1.961999999999999886e+02,2.436300000000000000e+06
2.014111000000000000e+07,1.954000000000000057e+02,2.181999969482421875e+02,1.936999969482421875e+02,2.180999999999999943e+02,3.393200000000000000e+06
2.014111700000000000e+07,2.165000000000000000e+02,2.231600036621093750e+02,2.140000000000000000e+02,2.225999999999999943e+02,2.262600000000000000e+06
2.014112400000000000e+07,2.223000000000000114e+02,2.285000000000000000e+02,2.178000030517578125e+02,2.269000000000000057e+02,2.157200000000000000e+06
2.014120100000000000e+07,2.240000000000000000e+02,2.276000061035156250e+02,2.209989929199218750e+02,2.250999999999999943e+02,3.889400000000000000e+06
2.014120800000000000e+07,2.263000000000000114e+02,2.270000000000000000e+02,2.120000000000000000e+02,2.120999999999999943e+02,2.343700000000000000e+06
2.014121500000000000e+07,2.110000000000000000e+02,2.183000030517578125e+02,2.084960021972656250e+02,2.165999999999999943e+02,1.967200000000000000e+06
2.014122200000000000e+07,2.185999999999999943e+02,2.280000000000000000e+02,2.170000000000000000e+02,2.280000000000000000e+02,4.798000000000000000e+05
2.014122900000000000e+07,2.283000000000000114e+02,2.367200012207031250e+02,2.226719970703125000e+02,2.359000000000000057e+02,9.333000000000000000e+05
2.015010500000000000e+07,2.370000000000000000e+02,2.380000000000000000e+02,2.263000030517578125e+02,2.310000000000000000e+02,1.606100000000000000e+06
2.015011200000000000e+07,2.295000000000000000e+02,2.371999969482421875e+02,2.226799926757812500e+02,2.370000000000000000e+02,2.344600000000000000e+06
2.015011900000000000e+07,2.354000000000000057e+02,2.580000000000000000e+02,2.341040039062500000e+02,2.580000000000000000e+02,2.778300000000000000e+06
2.015012600000000000e+07,2.549000000000000057e+02,2.653999938964843750e+02,2.548999938964843750e+02,2.630000000000000000e+02,4.000200000000000000e+06
2.015020200000000000e+07,2.646000000000000227e+02,2.700000000000000000e+02,2.520000000000000000e+02,2.645000000000000000e+02,3.371900000000000000e+06
2.015020900000000000e+07,2.606000000000000227e+02,2.636000061035156250e+02,2.533000030517578125e+02,2.534000000000000057e+02,3.144400000000000000e+06
2.015021600000000000e+07,2.550999999999999943e+02,2.642000122070312500e+02,2.530000000000000000e+02,2.618999999999999773e+02,2.027200000000000000e+06
2.015022300000000000e+07,2.638000000000000114e+02,2.737000122070312500e+02,2.611250000000000000e+02,2.736999999999999886e+02,2.021600000000000000e+06
2.015030200000000000e+07,2.711000000000000227e+02,2.735000000000000000e+02,2.384859924316406250e+02,2.720000000000000000e+02,7.091600000000000000e+06
2.015030900000000000e+07,2.660000000000000000e+02,2.750000000000000000e+02,2.660000000000000000e+02,2.730000000000000000e+02,2.043500000000000000e+06
2.015031600000000000e+07,2.750000000000000000e+02,2.893999938964843750e+02,2.701000061035156250e+02,2.893999999999999773e+02,3.024700000000000000e+06
2.015032300000000000e+07,2.863999999999999773e+02,2.897999877929687500e+02,2.610000000000000000e+02,2.681999999999999886e+02,5.205000000000000000e+06
2.015033000000000000e+07,2.690000000000000000e+02,2.722999877929687500e+02,2.655000000000000000e+02,2.696000000000000227e+02,3.424800000000000000e+06
2.015040600000000000e+07,2.696000000000000227e+02,2.726700134277343750e+02,2.682000122070312500e+02,2.700000000000000000e+02,5.947400000000000000e+06
2.015041300000000000e+07,2.706999999999999886e+02,2.768999938964843750e+02,2.670000000000000000e+02,2.681000000000000227e+02,5.262400000000000000e+06
2.015042000000000000e+07,2.681000000000000227e+02,2.760000000000000000e+02,2.668999938964843750e+02,2.716999999999999886e+02,5.255200000000000000e+06
2.015042700000000000e+07,2.725000000000000000e+02,2.857000122070312500e+02,2.696000061035156250e+02,2.836999999999999886e+02,6.240000000000000000e+06
2.015050400000000000e+07,2.836999999999999886e+02,3.096000061035156250e+02,2.813599853515625000e+02,3.038999999999999773e+02,5.515200000000000000e+06
2.015051100000000000e+07,3.040000000000000000e+02,3.048999938964843750e+02,2.896000061035156250e+02,3.016000000000000227e+02,3.040300000000000000e+06
2.015051800000000000e+07,3.008999999999999773e+02,3.035000000000000000e+02,2.780000000000000000e+02,2.953999999999999773e+02,6.677100000000000000e+06
2.015052500000000000e+07,2.953999999999999773e+02,3.076000061035156250e+02,2.887799987792968750e+02,3.028999999999999773e+02,2.461300000000000000e+06
2.015060100000000000e+07,3.043000000000000114e+02,3.086000061035156250e+02,2.718999938964843750e+02,2.753999999999999773e+02,5.317800000000000000e+06
2.015060800000000000e+07,2.741999999999999886e+02,2.840000000000000000e+02,2.681000061035156250e+02,2.826999999999999886e+02,3.410900000000000000e+06
2.015061500000000000e+07,2.793000000000000114e+02,2.900000000000000000e+02,2.778999938964843750e+02,2.893999999999999773e+02,4.636500000000000000e+06
2.015062200000000000e+07,2.908000000000000114e+02,2.942999877929687500e+02,2.852000122070312500e+02,2.931999999999999886e+02,4.299600000000000000e+06
2.015062900000000000e+07,2.861000000000000227e+02,2.942000122070312500e+02,2.812999877929687500e+02,2.876000000000000227e+02,1.802300000000000000e+06
2.015070600000000000e+07,2.833000000000000114e+02,2.937000122070312500e+02,2.824760131835937500e+02,2.901999999999999886e+02,1.966600000000000000e+06
2.015071300000000000e+07,2.908000000000000114e+02,3.006000061035156250e+02,2.888999938964843750e+02,2.986999999999999886e+02,3.233800000000000000e+06
2.015072000000000000e+07,3.010000000000000000e+02,3.017000122070312500e+02,2.923999938964843750e+02,2.960000000000000000e+02,2.052600000000000000e+06
2.015072700000000000e+07,3.023999999999999773e+02,3.023999938964843750e+02,2.787000122070312500e+02,2.933000000000000114e+02,1.323650000000000000e+07
2.015080300000000000e+07,2.928999999999999773e+02,3.063999938964843750e+02,2.922999877929687500e+02,3.043999999999999773e+02,3.997900000000000000e+06
2.015081000000000000e+07,3.073000000000000114e+02,3.267999877929687500e+02,3.014200134277343750e+02,3.248999999999999773e+02,3.879500000000000000e+06
2.015081700000000000e+07,3.270000000000000000e+02,3.321000061035156250e+02,3.172999877929687500e+02,3.175000000000000000e+02,4.012200000000000000e+06
2.015082400000000000e+07,3.123000000000000114e+02,3.250000000000000000e+02,2.977000122070312500e+02,3.231000000000000227e+02,7.301400000000000000e+06
2.015083100000000000e+07,3.231000000000000227e+02,3.382000122070312500e+02,3.187479858398437500e+02,3.366000000000000227e+02,2.965100000000000000e+06
2.015090700000000000e+07,3.376000000000000227e+02,3.376000061035156250e+02,3.220000000000000000e+02,3.233000000000000114e+02,3.365600000000000000e+06
2.015091400000000000e+07,3.255000000000000000e+02,3.323999938964843750e+02,3.197000122070312500e+02,3.295000000000000000e+02,4.469400000000000000e+06
2.015092100000000000e+07,3.298999999999999773e+02,3.368999938964843750e+02,3.166000061035156250e+02,3.350000000000000000e+02,4.736000000000000000e+06
2.015092800000000000e+07,3.330000000000000000e+02,3.413999938964843750e+02,3.272000122070312500e+02,3.316999999999999886e+02,7.168500000000000000e+06
2.015100500000000000e+07,3.361999999999999886e+02,3.362000122070312500e+02,3.081000061035156250e+02,3.093999999999999773e+02,2.601700000000000000e+06
2.015101200000000000e+07,3.088999999999999773e+02,3.260000000000000000e+02,3.077479858398437500e+02,3.216999999999999886e+02,2.767100000000000000e+06
2.015101900000000000e+07,3.211000000000000227e+02,3.274500122070312500e+02,3.200899963378906250e+02,3.236000000000000227e+02,2.213500000000000000e+06
2.015102600000000000e+07,3.243000000000000114e+02,3.363999938964843750e+02,3.213999938964843750e+02,3.341999999999999886e+02,4.947900000000000000e+06
2.015110200000000000e+07,3.328999999999999773e+02,3.390000000000000000e+02,3.190000000000000000e+02,3.340000000000000000e+02,4.320500000000000000e+06
2.015110900000000000e+07,3.345000000000000000e+02,3.345000000000000000e+02,3.192000122070312500e+02,3.211999999999999886e+02,2.179600000000000000e+06
2.015111600000000000e+07,3.206000000000000227e+02,3.307999877929687500e+02,3.170000000000000000e+02,3.268000000000000114e+02,2.470900000000000000e+06
2.015112300000000000e+07,3.266000000000000227e+02,3.295000000000000000e+02,3.103999938964843750e+02,3.176000000000000227e+02,5.718000000000000000e+06
2.015113000000000000e+07,3.181999999999999886e+02,3.301000061035156250e+02,3.043999938964843750e+02,3.140000000000000000e+02,9.283200000000000000e+06
2.015120700000000000e+07,3.131999999999999886e+02,3.437999877929687500e+02,3.118999938964843750e+02,3.298999999999999773e+02,4.600700000000000000e+06
2.015121400000000000e+07,3.235000000000000000e+02,3.607000122070312500e+02,3.235000000000000000e+02,3.418999999999999773e+02,8.268200000000000000e+06
2.015122100000000000e+07,3.465000000000000000e+02,3.663999938964843750e+02,3.445000000000000000e+02,3.620000000000000000e+02,4.485400000000000000e+06
2.016010400000000000e+07,3.611999999999999886e+02,3.718999938964843750e+02,3.555000000000000000e+02,3.645000000000000000e+02,6.437400000000000000e+06
2.016011100000000000e+07,3.661000000000000227e+02,3.817000122070312500e+02,3.090000000000000000e+02,3.136999999999999886e+02,1.166940000000000000e+07
2.016011800000000000e+07,3.123999999999999773e+02,3.300000000000000000e+02,3.103500061035156250e+02,3.200000000000000000e+02,9.848400000000000000e+06
2.016012500000000000e+07,3.218999999999999773e+02,3.383999938964843750e+02,3.182999877929687500e+02,3.383999999999999773e+02,9.616600000000000000e+06
2.016020100000000000e+07,3.390000000000000000e+02,3.477000122070312500e+02,3.230000000000000000e+02,3.233999999999999773e+02,6.041700000000000000e+06
2.016020800000000000e+07,3.248000000000000114e+02,3.252000122070312500e+02,3.025000000000000000e+02,3.193999999999999773e+02,1.072400000000000000e+07
2.016021500000000000e+07,3.220000000000000000e+02,3.365759887695312500e+02,3.199830017089843750e+02,3.325000000000000000e+02,5.027800000000000000e+06
2.016022200000000000e+07,3.343000000000000114e+02,3.436000061035156250e+02,3.233999938964843750e+02,3.383000000000000114e+02,6.056000000000000000e+06
