2.005101000000000000e+07,2.325000000000000000e+02,2.426360015869140625e+02,2.060000000000000000e+02,2.080000000000000000e+02,1.864250000000000000e+07
2.005101700000000000e+07,2.100000000000000000e+02,2.179799957275390625e+02,1.930000000000000000e+02,2.020000000000000000e+02,1.391170000000000000e+07
2.005102400000000000e+07,2.000000000000000000e+02,2.180000000000000000e+02,2.000000000000000000e+02,2.140000000000000000e+02,1.537220000000000000e+07
2.005103100000000000e+07,2.150000000000000000e+02,2.220000000000000000e+02,2.080000000000000000e+02,2.160000000000000000e+02,8.844300000000000000e+06
2.005110700000000000e+07,2.180000000000000000e+02,2.350000000000000000e+02,2.120000000000000000e+02,2.230000000000000000e+02,4.817000000000000000e+06
2.005111400000000000e+07,2.230000000000000000e+02,2.290000000000000000e+02,2.150000000000000000e+02,2.235000000000000000e+02,3.934100000000000000e+06
2.005112100000000000e+07,2.210000000000000000e+02,2.350000000000000000e+02,2.190000000000000000e+02,2.350000000000000000e+02,6.494000000000000000e+06
2.005112800000000000e+07,2.347500000000000000e+02,2.360000000000000000e+02,2.252500000000000000e+02,2.300000000000000000e+02,4.730000000000000000e+06
2.005120500000000000e+07,2.320000000000000000e+02,2.530000000000000000e+02,2.300000000000000000e+02,2.465000000000000000e+02,9.420500000000000000e+06
2.005121200000000000e+07,2.510000000000000000e+02,2.529499969482421875e+02,2.248119964599609375e+02,2.380000000000000000e+02,1.342340000000000000e+07
2.005121900000000000e+07,2.360000000000000000e+02,2.530000000000000000e+02,2.209120025634765625e+02,2.495000000000000000e+02,7.116400000000000000e+06
2.005122600000000000e+07,2.495000000000000000e+02,2.579500122070312500e+02,2.229770050048828125e+02,2.540000000000000000e+02,2.642800000000000000e+06
2.006010200000000000e+07,2.540000000000000000e+02,2.850000000000000000e+02,2.500000000000000000e+02,2.790000000000000000e+02,8.518500000000000000e+06
2.006010900000000000e+07,2.800000000000000000e+02,3.120000000000000000e+02,2.290000000000000000e+02,3.070000000000000000e+02,2.049110000000000000e+07
2.006011600000000000e+07,3.080000000000000000e+02,3.166499938964843750e+02,2.950000000000000000e+02,3.027500000000000000e+02,1.608350000000000000e+07
2.006012300000000000e+07,3.000000000000000000e+02,3.122500000000000000e+02,3.000000000000000000e+02,3.122500000000000000e+02,6.609900000000000000e+06
2.006013000000000000e+07,3.130000000000000000e+02,3.340000000000000000e+02,3.060100097656250000e+02,3.120000000000000000e+02,1.138580000000000000e+07
2.006020600000000000e+07,3.145000000000000000e+02,3.179899902343750000e+02,2.817040100097656250e+02,3.135000000000000000e+02,7.601300000000000000e+06
2.006021300000000000e+07,3.100000000000000000e+02,3.170000000000000000e+02,3.050199890136718750e+02,3.140000000000000000e+02,3.414300000000000000e+06
2.006022000000000000e+07,3.150000000000000000e+02,3.280000000000000000e+02,3.080000000000000000e+02,3.117500000000000000e+02,3.566400000000000000e+06
2.006022700000000000e+07,3.110000000000000000e+02,3.146499938964843750e+02,2.950000000000000000e+02,3.090000000000000000e+02,8.222400000000000000e+06
2.006030600000000000e+07,3.147500000000000000e+02,3.192300109863281250e+02,2.910000000000000000e+02,2.967500000000000000e+02,5.188600000000000000e+06
2.006031300000000000e+07,2.982500000000000000e+02,3.275000000000000000e+02,2.950000000000000000e+02,3.190000000000000000e+02,7.169800000000000000e+06
2.006032000000000000e+07,3.205000000000000000e+02,3.205000000000000000e+02,2.862919921875000000e+02,3.150000000000000000e+02,6.906500000000000000e+06
2.006032700000000000e+07,3.122500000000000000e+02,3.247500000000000000e+02,3.100000000000000000e+02,3.222500000000000000e+02,3.944400000000000000e+06
2.006040300000000000e+07,3.280000000000000000e+02,3.329800109863281250e+02,3.150000000000000000e+02,3.185000000000000000e+02,6.695900000000000000e+06
2.006041000000000000e+07,3.182500000000000000e+02,3.230000000000000000e+02,3.150000000000000000e+02,3.190000000000000000e+02,4.038600000000000000e+06
2.006041700000000000e+07,3.190000000000000000e+02,3.417500000000000000e+02,3.190000000000000000e+02,3.380000000000000000e+02,6.075200000000000000e+06
2.006042400000000000e+07,3.380000000000000000e+02,3.617300109863281250e+02,3.350199890136718750e+02,3.435000000000000000e+02,4.749400000000000000e+06
2.006050100000000000e+07,3.435000000000000000e+02,3.720000000000000000e+02,3.330000000000000000e+02,3.382500000000000000e+02,5.545300000000000000e+06
2.006050800000000000e+07,3.415000000000000000e+02,3.417300109863281250e+02,3.192500000000000000e+02,3.217500000000000000e+02,5.177400000000000000e+06
2.006051500000000000e+07,3.082200000000000273e+02,3.182699890136718750e+02,2.795000000000000000e+02,2.917500000000000000e+02,1.481510000000000000e+07
2.006052200000000000e+07,2.930000000000000000e+02,2.980000000000000000e+02,2.560000000000000000e+02,2.972500000000000000e+02,1.175480000000000000e+07
2.006052900000000000e+07,2.972500000000000000e+02,2.972500000000000000e+02,2.680000000000000000e+02,2.820000000000000000e+02,6.403000000000000000e+06
2.006060500000000000e+07,2.820000000000000000e+02,2.855000000000000000e+02,2.206829986572265625e+02,2.420000000000000000e+02,6.530800000000000000e+06
2.006061200000000000e+07,2.400000000000000000e+02,2.549799957275390625e+02,2.282500000000000000e+02,2.505000000000000000e+02,8.653900000000000000e+06
2.006061900000000000e+07,2.550000000000000000e+02,2.552500000000000000e+02,2.430000000000000000e+02,2.525000000000000000e+02,5.329800000000000000e+06
2.006062600000000000e+07,2.502500000000000000e+02,2.784200134277343750e+02,2.490000000000000000e+02,2.607500000000000000e+02,7.146400000000000000e+06
2.006070300000000000e+07,2.820000000000000000e+02,3.015000000000000000e+02,2.750000000000000000e+02,2.922500000000000000e+02,9.653800000000000000e+06
2.006071000000000000e+07,2.910000000000000000e+02,2.940000000000000000e+02,2.590000000000000000e+02,2.630000000000000000e+02,7.499800000000000000e+06
2.006071700000000000e+07,2.655000000000000000e+02,2.725000000000000000e+02,2.496450042724609375e+02,2.645000000000000000e+02,3.980200000000000000e+06
2.006072400000000000e+07,2.660000000000000000e+02,2.670000000000000000e+02,2.570000000000000000e+02,2.620000000000000000e+02,1.941800000000000000e+06
2.006073100000000000e+07,2.630000000000000000e+02,2.900000000000000000e+02,2.602500000000000000e+02,2.867500000000000000e+02,1.016980000000000000e+07
2.006080700000000000e+07,2.870000000000000000e+02,2.977500000000000000e+02,2.870000000000000000e+02,2.935000000000000000e+02,7.158400000000000000e+06
2.006081400000000000e+07,2.977500000000000000e+02,2.977500000000000000e+02,2.850199890136718750e+02,2.915000000000000000e+02,5.243300000000000000e+06
2.006082100000000000e+07,2.902500000000000000e+02,3.202500000000000000e+02,2.337500000000000000e+02,3.125000000000000000e+02,4.900100000000000000e+06
2.006082800000000000e+07,3.125000000000000000e+02,3.220000000000000000e+02,3.095750122070312500e+02,3.145000000000000000e+02,1.450180000000000000e+07
2.006090400000000000e+07,3.157500000000000000e+02,3.167300109863281250e+02,3.000000000000000000e+02,3.062500000000000000e+02,6.031000000000000000e+06
2.006091100000000000e+07,3.077500000000000000e+02,3.100000000000000000e+02,2.820000000000000000e+02,2.875000000000000000e+02,8.350500000000000000e+06
2.006091800000000000e+07,3.050000000000000000e+02,3.240000000000000000e+02,3.000000000000000000e+02,3.135000000000000000e+02,1.146970000000000000e+07
2.006092500000000000e+07,3.182500000000000000e+02,3.182500000000000000e+02,3.000000000000000000e+02,3.112500000000000000e+02,3.290300000000000000e+06
2.006100200000000000e+07,3.125000000000000000e+02,3.337500000000000000e+02,3.052500000000000000e+02,3.250000000000000000e+02,8.370200000000000000e+06
2.006100900000000000e+07,3.200000000000000000e+02,3.350000000000000000e+02,3.150000000000000000e+02,3.317500000000000000e+02,2.666890000000000000e+07
2.006101600000000000e+07,3.317500000000000000e+02,3.570000000000000000e+02,3.178750000000000000e+02,3.392500000000000000e+02,7.350800000000000000e+06
2.006102300000000000e+07,3.445000000000000000e+02,3.487500000000000000e+02,3.265000000000000000e+02,3.322500000000000000e+02,3.295300000000000000e+06
2.006103000000000000e+07,3.330000000000000000e+02,3.405000000000000000e+02,3.272500000000000000e+02,3.392500000000000000e+02,3.504400000000000000e+06
2.006110600000000000e+07,3.400000000000000000e+02,3.600000000000000000e+02,3.350000000000000000e+02,3.565000000000000000e+02,4.157900000000000000e+06
2.006111300000000000e+07,3.607500000000000000e+02,3.837500000000000000e+02,3.514750061035156250e+02,3.540000000000000000e+02,1.074870000000000000e+07
2.006112000000000000e+07,3.577500000000000000e+02,3.717200012207031250e+02,3.512699890136718750e+02,3.625000000000000000e+02,2.692400000000000000e+06
2.006112700000000000e+07,3.605000000000000000e+02,3.670000000000000000e+02,3.485000000000000000e+02,3.602500000000000000e+02,5.970500000000000000e+06
2.006120400000000000e+07,3.552500000000000000e+02,3.697500000000000000e+02,3.550000000000000000e+02,3.660000000000000000e+02,1.095080000000000000e+07
2.006121100000000000e+07,3.672500000000000000e+02,3.818460083007812500e+02,3.657500000000000000e+02,3.777500000000000000e+02,9.114100000000000000e+06
2.006121800000000000e+07,3.805000000000000000e+02,4.020000000000000000e+02,3.805000000000000000e+02,3.987500000000000000e+02,8.608700000000000000e+06
2.006122500000000000e+07,3.987500000000000000e+02,4.030000000000000000e+02,3.940000000000000000e+02,4.027500000000000000e+02,7.188000000000000000e+05
2.007010100000000000e+07,4.027500000000000000e+02,4.064729919433593750e+02,3.745000000000000000e+02,3.775000000000000000e+02,7.751700000000000000e+06
2.007010800000000000e+07,3.800000000000000000e+02,3.837500000000000000e+02,3.660000000000000000e+02,3.770000000000000000e+02,4.982100000000000000e+06
2.007011500000000000e+07,3.820000000000000000e+02,3.882500000000000000e+02,3.660000000000000000e+02,3.740000000000000000e+02,5.436200000000000000e+06
2.007012200000000000e+07,3.705000000000000000e+02,3.950000000000000000e+02,3.680000000000000000e+02,3.910000000000000000e+02,1.949370000000000000e+07
2.007012900000000000e+07,3.867500000000000000e+02,3.972500000000000000e+02,3.782500000000000000e+02,3.900000000000000000e+02,9.018900000000000000e+06
2.007020500000000000e+07,3.850000000000000000e+02,4.000000000000000000e+02,3.850000000000000000e+02,3.990000000000000000e+02,4.209700000000000000e+06
2.007021200000000000e+07,3.935000000000000000e+02,4.025000000000000000e+02,3.910000000000000000e+02,3.980000000000000000e+02,6.940600000000000000e+06
2.007021900000000000e+07,3.952500000000000000e+02,4.147399902343750000e+02,3.415700073242187500e+02,4.092500000000000000e+02,5.460000000000000000e+06
2.007022600000000000e+07,4.130000000000000000e+02,4.140000000000000000e+02,3.700000000000000000e+02,3.787500000000000000e+02,7.239700000000000000e+06
2.007030500000000000e+07,3.680000000000000000e+02,3.977500000000000000e+02,3.602500000000000000e+02,3.970000000000000000e+02,7.600100000000000000e+06
2.007031200000000000e+07,3.980000000000000000e+02,4.040000000000000000e+02,3.746900024414062500e+02,4.022500000000000000e+02,8.618400000000000000e+06
2.007031900000000000e+07,4.060000000000000000e+02,4.297500000000000000e+02,4.004949951171875000e+02,4.230000000000000000e+02,1.214380000000000000e+07
2.007032600000000000e+07,4.260000000000000000e+02,4.477500000000000000e+02,4.151900024414062500e+02,4.402500000000000000e+02,9.051400000000000000e+06
2.007040200000000000e+07,4.435000000000000000e+02,4.647500000000000000e+02,4.347500000000000000e+02,4.560000000000000000e+02,4.839800000000000000e+06
2.007040900000000000e+07,4.560000000000000000e+02,4.612500000000000000e+02,4.312500000000000000e+02,4.375000000000000000e+02,4.725600000000000000e+06
2.007041600000000000e+07,4.435000000000000000e+02,4.587500000000000000e+02,4.347500000000000000e+02,4.550000000000000000e+02,9.569100000000000000e+06
2.007042300000000000e+07,4.532500000000000000e+02,4.750000000000000000e+02,4.462500000000000000e+02,4.500000000000000000e+02,1.323260000000000000e+07
2.007043000000000000e+07,4.497500000000000000e+02,4.646300048828125000e+02,4.385400085449218750e+02,4.582500000000000000e+02,5.295500000000000000e+06
2.007050700000000000e+07,4.582500000000000000e+02,4.597500000000000000e+02,4.050000000000000000e+02,4.565000000000000000e+02,3.985000000000000000e+06
2.007051400000000000e+07,4.590000000000000000e+02,4.637500000000000000e+02,4.352500000000000000e+02,4.617500000000000000e+02,3.910600000000000000e+06
2.007052100000000000e+07,4.617500000000000000e+02,4.800000000000000000e+02,4.560000000000000000e+02,4.732500000000000000e+02,4.540300000000000000e+06
2.007052800000000000e+07,4.732500000000000000e+02,4.980000000000000000e+02,4.700000000000000000e+02,4.980000000000000000e+02,4.782800000000000000e+06
2.007060400000000000e+07,4.925000000000000000e+02,4.977500000000000000e+02,4.480000000000000000e+02,4.625000000000000000e+02,6.230800000000000000e+06
2.007061100000000000e+07,4.647500000000000000e+02,4.650000000000000000e+02,4.455000000000000000e+02,4.582500000000000000e+02,8.468500000000000000e+06
2.007061800000000000e+07,4.560000000000000000e+02,4.637500000000000000e+02,4.287500000000000000e+02,4.575000000000000000e+02,1.157710000000000000e+07
2.007062500000000000e+07,4.590000000000000000e+02,4.647099914550781250e+02,4.387500000000000000e+02,4.490000000000000000e+02,1.090330000000000000e+07
2.007070200000000000e+07,4.430000000000000000e+02,4.775000000000000000e+02,4.430000000000000000e+02,4.550000000000000000e+02,9.581500000000000000e+06
2.007070900000000000e+07,4.512500000000000000e+02,4.817500000000000000e+02,4.452500000000000000e+02,4.787500000000000000e+02,6.861600000000000000e+06
2.007071600000000000e+07,4.770000000000000000e+02,4.900000000000000000e+02,4.615000000000000000e+02,4.792500000000000000e+02,7.263900000000000000e+06
2.007072300000000000e+07,4.740000000000000000e+02,4.867500000000000000e+02,4.097500000000000000e+02,4.125000000000000000e+02,1.077170000000000000e+07
2.007073000000000000e+07,4.150000000000000000e+02,4.635000000000000000e+02,4.150000000000000000e+02,4.480000000000000000e+02,8.504700000000000000e+06
2.007080600000000000e+07,4.415000000000000000e+02,4.482500000000000000e+02,3.782500000000000000e+02,4.100000000000000000e+02,1.524050000000000000e+07
2.007081300000000000e+07,4.230000000000000000e+02,4.343039855957031250e+02,3.865000000000000000e+02,4.185000000000000000e+02,6.680500000000000000e+06
2.007082000000000000e+07,4.250000000000000000e+02,4.285000000000000000e+02,4.001950073242187500e+02,4.265000000000000000e+02,8.067300000000000000e+06
2.007082700000000000e+07,4.265000000000000000e+02,4.700000000000000000e+02,4.067099914550781250e+02,4.627500000000000000e+02,7.728700000000000000e+06
2.007090300000000000e+07,4.627500000000000000e+02,4.707500000000000000e+02,4.400000000000000000e+02,4.540000000000000000e+02,7.771800000000000000e+06
2.007091000000000000e+07,4.530000000000000000e+02,4.637500000000000000e+02,4.305000000000000000e+02,4.570000000000000000e+02,1.278190000000000000e+07
2.007091700000000000e+07,4.612500000000000000e+02,5.785000000000000000e+02,4.479429931640625000e+02,4.775000000000000000e+02,8.454000000000000000e+06
2.007092400000000000e+07,4.840000000000000000e+02,4.840000000000000000e+02,4.477500000000000000e+02,4.595000000000000000e+02,5.892500000000000000e+06
2.007100100000000000e+07,4.660000000000000000e+02,4.940000000000000000e+02,4.620000000000000000e+02,4.812500000000000000e+02,5.279900000000000000e+06
2.007100800000000000e+07,4.850000000000000000e+02,5.311500244140625000e+02,4.697500000000000000e+02,5.020000000000000000e+02,7.871700000000000000e+06
2.007101500000000000e+07,5.020000000000000000e+02,5.370000000000000000e+02,4.920000000000000000e+02,5.230000000000000000e+02,4.860600000000000000e+06
2.007102200000000000e+07,5.110000000000000000e+02,5.320000000000000000e+02,4.967500000000000000e+02,5.200000000000000000e+02,4.556200000000000000e+06
2.007102900000000000e+07,5.300000000000000000e+02,5.310000000000000000e+02,4.937500000000000000e+02,4.992500000000000000e+02,4.543900000000000000e+06
2.007110500000000000e+07,4.930000000000000000e+02,5.175000000000000000e+02,4.850000000000000000e+02,5.090000000000000000e+02,4.763600000000000000e+06
2.007111200000000000e+07,5.010000000000000000e+02,5.235000000000000000e+02,4.830000000000000000e+02,5.070000000000000000e+02,5.245900000000000000e+06
2.007111900000000000e+07,5.015000000000000000e+02,5.195000000000000000e+02,4.785000000000000000e+02,5.000000000000000000e+02,4.627800000000000000e+06
2.007112600000000000e+07,5.000000000000000000e+02,5.100000000000000000e+02,4.867500000000000000e+02,5.025000000000000000e+02,4.496900000000000000e+06
2.007120300000000000e+07,5.100000000000000000e+02,5.110000000000000000e+02,4.865000000000000000e+02,5.035000000000000000e+02,4.330300000000000000e+06
2.007121000000000000e+07,5.100000000000000000e+02,5.105000000000000000e+02,4.712500000000000000e+02,4.890000000000000000e+02,4.259100000000000000e+06
2.007121700000000000e+07,4.807500000000000000e+02,5.665000000000000000e+02,4.747500000000000000e+02,5.560000000000000000e+02,5.008000000000000000e+06
2.007122400000000000e+07,5.590000000000000000e+02,5.685000000000000000e+02,5.455000000000000000e+02,5.500000000000000000e+02,1.211700000000000000e+06
2.007123100000000000e+07,5.550000000000000000e+02,5.970000000000000000e+02,5.445000000000000000e+02,5.810000000000000000e+02,2.585000000000000000e+06
2.008010700000000000e+07,5.860000000000000000e+02,5.900000000000000000e+02,5.165000000000000000e+02,5.330000000000000000e+02,6.601200000000000000e+06
2.008011400000000000e+07,5.325000000000000000e+02,5.615000000000000000e+02,4.597500000000000000e+02,4.675000000000000000e+02,8.313400000000000000e+06
2.008012100000000000e+07,4.550000000000000000e+02,5.210000000000000000e+02,4.175000000000000000e+02,5.070000000000000000e+02,1.033860000000000000e+07
2.008012800000000000e+07,4.950000000000000000e+02,5.385000000000000000e+02,4.750000000000000000e+02,5.375000000000000000e+02,6.795400000000000000e+06
2.008020400000000000e+07,5.385000000000000000e+02,5.540000000000000000e+02,4.950000000000000000e+02,5.005000000000000000e+02,5.330200000000000000e+06
2.008021100000000000e+07,5.000000000000000000e+02,5.485000000000000000e+02,5.000000000000000000e+02,5.285000000000000000e+02,4.680700000000000000e+06
2.008021800000000000e+07,5.250000000000000000e+02,5.445000000000000000e+02,5.005000000000000000e+02,5.035000000000000000e+02,5.391300000000000000e+06
2.008022500000000000e+07,5.140000000000000000e+02,5.815000000000000000e+02,5.048599853515625000e+02,5.530000000000000000e+02,5.972400000000000000e+06
2.008030300000000000e+07,5.425000000000000000e+02,5.835000000000000000e+02,5.425000000000000000e+02,5.660000000000000000e+02,6.930700000000000000e+06
2.008031000000000000e+07,5.630000000000000000e+02,5.750000000000000000e+02,5.140000000000000000e+02,5.360000000000000000e+02,1.156350000000000000e+07
2.008031700000000000e+07,5.280000000000000000e+02,5.410000000000000000e+02,4.995000000000000000e+02,5.165000000000000000e+02,7.263300000000000000e+06
2.008032400000000000e+07,5.165000000000000000e+02,5.750000000000000000e+02,5.154199829101562500e+02,5.550000000000000000e+02,1.139260000000000000e+07
2.008033100000000000e+07,5.490000000000000000e+02,5.983350219726562500e+02,5.470000000000000000e+02,5.740000000000000000e+02,7.530000000000000000e+06
2.008040700000000000e+07,5.795000000000000000e+02,6.400000000000000000e+02,5.665000000000000000e+02,6.320000000000000000e+02,8.285300000000000000e+06
2.008041400000000000e+07,6.260000000000000000e+02,6.500000000000000000e+02,6.070000000000000000e+02,6.250000000000000000e+02,7.730500000000000000e+06
2.008042100000000000e+07,6.235000000000000000e+02,6.405000000000000000e+02,5.900000000000000000e+02,6.000000000000000000e+02,5.876900000000000000e+06
2.008042800000000000e+07,6.050000000000000000e+02,6.245000000000000000e+02,5.770000000000000000e+02,6.155000000000000000e+02,6.187100000000000000e+06
2.008050500000000000e+07,6.155000000000000000e+02,6.490000000000000000e+02,6.155000000000000000e+02,6.295000000000000000e+02,4.911500000000000000e+06
2.008051200000000000e+07,6.195000000000000000e+02,6.620000000000000000e+02,6.025000000000000000e+02,6.540000000000000000e+02,6.423900000000000000e+06
2.008051900000000000e+07,6.520000000000000000e+02,6.683350219726562500e+02,6.200000000000000000e+02,6.205000000000000000e+02,5.304000000000000000e+06
2.008052600000000000e+07,6.205000000000000000e+02,6.400000000000000000e+02,6.105000000000000000e+02,6.255000000000000000e+02,3.975400000000000000e+06
2.008060200000000000e+07,6.300000000000000000e+02,6.480000000000000000e+02,6.195000000000000000e+02,6.380000000000000000e+02,5.187100000000000000e+06
2.008060900000000000e+07,6.510000000000000000e+02,7.140000000000000000e+02,6.467399902343750000e+02,6.540000000000000000e+02,8.454900000000000000e+06
2.008061600000000000e+07,6.515000000000000000e+02,7.425000000000000000e+02,6.505000000000000000e+02,7.260000000000000000e+02,1.669210000000000000e+07
2.008062300000000000e+07,7.195000000000000000e+02,7.450000000000000000e+02,7.150000000000000000e+02,7.250000000000000000e+02,1.030490000000000000e+07
2.008063000000000000e+07,7.225000000000000000e+02,7.425000000000000000e+02,6.870000000000000000e+02,6.895000000000000000e+02,6.264800000000000000e+06
2.008070700000000000e+07,7.040000000000000000e+02,7.235000000000000000e+02,6.405000000000000000e+02,6.495000000000000000e+02,9.389300000000000000e+06
2.008071400000000000e+07,6.680000000000000000e+02,6.795000000000000000e+02,6.105000000000000000e+02,6.190000000000000000e+02,1.110460000000000000e+07
2.008072100000000000e+07,6.200000000000000000e+02,6.550000000000000000e+02,6.090000000000000000e+02,6.220000000000000000e+02,9.428600000000000000e+06
2.008072800000000000e+07,6.165000000000000000e+02,6.570000000000000000e+02,6.165000000000000000e+02,6.420000000000000000e+02,8.743400000000000000e+06
2.008080400000000000e+07,6.555000000000000000e+02,6.555000000000000000e+02,6.000000000000000000e+02,6.025000000000000000e+02,8.720200000000000000e+06
2.008081100000000000e+07,6.065000000000000000e+02,6.095000000000000000e+02,5.200000000000000000e+02,5.385000000000000000e+02,1.768880000000000000e+07
2.008081800000000000e+07,5.360000000000000000e+02,5.990000000000000000e+02,5.358900146484375000e+02,5.870000000000000000e+02,9.434300000000000000e+06
2.008082500000000000e+07,5.870000000000000000e+02,6.649400024414062500e+02,5.800000000000000000e+02,6.525000000000000000e+02,9.955800000000000000e+06
2.008090100000000000e+07,6.585000000000000000e+02,6.789400024414062500e+02,5.800000000000000000e+02,5.815000000000000000e+02,9.723100000000000000e+06
2.008090800000000000e+07,6.040000000000000000e+02,6.125000000000000000e+02,5.510000000000000000e+02,6.060000000000000000e+02,1.187800000000000000e+07
2.008091500000000000e+07,5.895000000000000000e+02,6.090000000000000000e+02,5.420000000000000000e+02,6.000000000000000000e+02,1.703120000000000000e+07
2.008092200000000000e+07,6.015000000000000000e+02,6.150000000000000000e+02,5.715000000000000000e+02,5.865000000000000000e+02,7.377700000000000000e+06
2.008092900000000000e+07,5.815000000000000000e+02,6.235000000000000000e+02,5.335000000000000000e+02,5.605000000000000000e+02,1.272030000000000000e+07
2.008100600000000000e+07,5.490000000000000000e+02,5.490000000000000000e+02,3.585000000000000000e+02,4.220000000000000000e+02,1.495930000000000000e+07
2.008101300000000000e+07,4.400000000000000000e+02,5.250000000000000000e+02,3.600000000000000000e+02,3.932500000000000000e+02,1.409310000000000000e+07
2.008102000000000000e+07,4.002500000000000000e+02,4.665000000000000000e+02,3.312500000000000000e+02,3.732500000000000000e+02,1.138390000000000000e+07
2.008102700000000000e+07,3.555000000000000000e+02,4.381400146484375000e+02,3.345000000000000000e+02,4.295000000000000000e+02,1.385490000000000000e+07
2.008110300000000000e+07,4.300000000000000000e+02,4.500000000000000000e+02,3.712500000000000000e+02,3.790000000000000000e+02,1.000690000000000000e+07
2.008111000000000000e+07,3.845000000000000000e+02,4.137500000000000000e+02,3.302500000000000000e+02,3.595000000000000000e+02,9.494800000000000000e+06
2.008111700000000000e+07,3.607500000000000000e+02,3.825000000000000000e+02,2.200000000000000000e+02,3.057500000000000000e+02,1.101860000000000000e+07
2.008112400000000000e+07,3.147500000000000000e+02,3.642500000000000000e+02,3.142500000000000000e+02,3.385000000000000000e+02,7.791400000000000000e+06
2.008120100000000000e+07,3.375000000000000000e+02,3.452500000000000000e+02,2.815000000000000000e+02,2.892500000000000000e+02,1.122820000000000000e+07
2.008120800000000000e+07,3.027500000000000000e+02,3.425000000000000000e+02,2.855000000000000000e+02,3.355000000000000000e+02,1.228340000000000000e+07
2.008121500000000000e+07,3.397500000000000000e+02,3.710000000000000000e+02,3.060000000000000000e+02,3.300000000000000000e+02,1.855780000000000000e+07
2.008122200000000000e+07,3.160000000000000000e+02,3.445000000000000000e+02,3.160000000000000000e+02,3.435000000000000000e+02,2.543800000000000000e+06
2.008122900000000000e+07,3.412500000000000000e+02,3.740000000000000000e+02,3.300000000000000000e+02,3.682500000000000000e+02,3.500600000000000000e+06
2.009010500000000000e+07,3.700000000000000000e+02,4.025000000000000000e+02,3.700000000000000000e+02,3.982500000000000000e+02,8.799200000000000000e+06
2.009011200000000000e+07,3.940000000000000000e+02,4.080000000000000000e+02,3.585000000000000000e+02,3.607500000000000000e+02,1.081520000000000000e+07
2.009011900000000000e+07,3.687500000000000000e+02,3.755000000000000000e+02,3.207500000000000000e+02,3.515000000000000000e+02,8.627300000000000000e+06
2.009012600000000000e+07,3.990000000000000000e+02,4.305000000000000000e+02,3.890000000000000000e+02,4.155000000000000000e+02,1.058270000000000000e+07
2.009020200000000000e+07,4.087500000000000000e+02,4.800000000000000000e+02,3.892500000000000000e+02,4.757500000000000000e+02,4.159800000000000000e+06
2.009020900000000000e+07,4.700000000000000000e+02,4.925000000000000000e+02,4.530000000000000000e+02,4.840000000000000000e+02,6.743200000000000000e+06
2.009021600000000000e+07,4.815000000000000000e+02,4.910000000000000000e+02,4.210000000000000000e+02,4.290000000000000000e+02,5.822600000000000000e+06
2.009022300000000000e+07,4.390000000000000000e+02,4.830000000000000000e+02,4.127500000000000000e+02,4.685000000000000000e+02,8.317700000000000000e+06
2.009030200000000000e+07,4.580000000000000000e+02,4.740000000000000000e+02,4.342500000000000000e+02,4.450000000000000000e+02,8.846800000000000000e+06
2.009030900000000000e+07,4.500000000000000000e+02,5.475000000000000000e+02,4.477500000000000000e+02,5.325000000000000000e+02,1.706990000000000000e+07
2.009031600000000000e+07,5.350000000000000000e+02,5.665000000000000000e+02,5.165000000000000000e+02,5.260000000000000000e+02,2.227090000000000000e+07
2.009032300000000000e+07,5.305000000000000000e+02,5.580000000000000000e+02,5.140000000000000000e+02,5.420000000000000000e+02,1.115210000000000000e+07
2.009033000000000000e+07,5.315000000000000000e+02,5.830000000000000000e+02,5.150000000000000000e+02,5.690000000000000000e+02,9.008300000000000000e+06
2.009040600000000000e+07,5.745000000000000000e+02,5.850000000000000000e+02,5.355000000000000000e+02,5.850000000000000000e+02,7.753600000000000000e+06
2.009041300000000000e+07,5.850000000000000000e+02,6.115000000000000000e+02,5.680000000000000000e+02,5.915000000000000000e+02,6.735100000000000000e+06
2.009042000000000000e+07,5.940000000000000000e+02,6.080000000000000000e+02,5.475000000000000000e+02,5.880000000000000000e+02,1.115490000000000000e+07
2.009042700000000000e+07,5.820000000000000000e+02,5.950000000000000000e+02,5.520000000000000000e+02,5.735000000000000000e+02,7.442900000000000000e+06
2.009050400000000000e+07,5.735000000000000000e+02,6.665000000000000000e+02,5.735000000000000000e+02,6.530000000000000000e+02,1.072190000000000000e+07
2.009051100000000000e+07,6.410000000000000000e+02,6.645000000000000000e+02,5.760000000000000000e+02,6.020000000000000000e+02,1.375810000000000000e+07
2.009051800000000000e+07,5.970000000000000000e+02,6.595000000000000000e+02,5.845000000000000000e+02,6.375000000000000000e+02,8.097200000000000000e+06
2.009052500000000000e+07,6.375000000000000000e+02,6.840000000000000000e+02,6.230000000000000000e+02,6.595000000000000000e+02,6.986100000000000000e+06
2.009060100000000000e+07,6.700000000000000000e+02,6.960000000000000000e+02,6.650000000000000000e+02,6.805000000000000000e+02,6.974700000000000000e+06
2.009060800000000000e+07,6.755000000000000000e+02,6.840000000000000000e+02,6.500000000000000000e+02,6.640000000000000000e+02,7.179300000000000000e+06
2.009061500000000000e+07,6.565000000000000000e+02,6.580000000000000000e+02,6.000000000000000000e+02,6.130000000000000000e+02,6.229600000000000000e+06
2.009062200000000000e+07,6.095000000000000000e+02,6.640000000000000000e+02,5.800000000000000000e+02,6.550000000000000000e+02,8.547900000000000000e+06
2.009062900000000000e+07,6.505000000000000000e+02,6.850000000000000000e+02,6.460000000000000000e+02,6.675000000000000000e+02,8.539700000000000000e+06
2.009070600000000000e+07,6.695000000000000000e+02,6.695000000000000000e+02,6.335000000000000000e+02,6.460000000000000000e+02,8.116000000000000000e+06
2.009071300000000000e+07,6.445000000000000000e+02,7.550300292968750000e+02,6.400000000000000000e+02,7.505000000000000000e+02,6.981900000000000000e+06
2.009072000000000000e+07,7.545000000000000000e+02,8.055000000000000000e+02,7.505000000000000000e+02,8.005000000000000000e+02,4.591000000000000000e+06
2.009072700000000000e+07,8.120000000000000000e+02,8.130000000000000000e+02,7.300000000000000000e+02,7.505000000000000000e+02,6.255100000000000000e+06
2.009080300000000000e+07,7.820000000000000000e+02,8.480000000000000000e+02,5.007969970703125000e+02,8.250000000000000000e+02,5.989500000000000000e+06
2.009081000000000000e+07,8.250000000000000000e+02,9.240000000000000000e+02,8.160000000000000000e+02,8.860000000000000000e+02,9.713700000000000000e+06
2.009081700000000000e+07,8.875000000000000000e+02,9.210000000000000000e+02,8.560000000000000000e+02,9.135000000000000000e+02,6.420000000000000000e+06
2.009082400000000000e+07,9.500000000000000000e+02,9.500000000000000000e+02,8.490000000000000000e+02,8.785000000000000000e+02,1.729020000000000000e+07
2.009083100000000000e+07,8.785000000000000000e+02,9.125000000000000000e+02,8.617999877929687500e+02,9.080000000000000000e+02,7.340300000000000000e+06
2.009090700000000000e+07,9.205000000000000000e+02,9.580000000000000000e+02,8.925000000000000000e+02,9.455000000000000000e+02,8.195000000000000000e+06
2.009091400000000000e+07,9.370000000000000000e+02,1.021000000000000000e+03,9.250000000000000000e+02,9.965000000000000000e+02,1.407550000000000000e+07
2.009092100000000000e+07,9.920000000000000000e+02,1.010000000000000000e+03,9.380000000000000000e+02,9.515000000000000000e+02,1.173820000000000000e+07
2.009092800000000000e+07,9.575000000000000000e+02,1.017000000000000000e+03,9.262470092773437500e+02,9.315000000000000000e+02,7.776300000000000000e+06
2.009100500000000000e+07,9.320000000000000000e+02,1.020000000000000000e+03,9.275000000000000000e+02,1.005000000000000000e+03,5.040900000000000000e+06
2.009101200000000000e+07,1.004000000000000000e+03,1.027000000000000000e+03,9.850000000000000000e+02,1.013000000000000000e+03,5.648000000000000000e+06
2.009101900000000000e+07,1.018000000000000000e+03,1.078000000000000000e+03,1.012000000000000000e+03,1.027000000000000000e+03,6.166500000000000000e+06
2.009102600000000000e+07,1.037000000000000000e+03,1.038000000000000000e+03,9.185000000000000000e+02,9.415000000000000000e+02,5.536000000000000000e+06
2.009110200000000000e+07,9.355000000000000000e+02,1.002000000000000000e+03,9.215000000000000000e+02,9.920000000000000000e+02,7.167300000000000000e+06
2.009110900000000000e+07,1.008000000000000000e+03,1.036000000000000000e+03,9.860000000000000000e+02,1.007000000000000000e+03,3.815400000000000000e+06
2.009111600000000000e+07,1.021000000000000000e+03,1.038000000000000000e+03,9.990000000000000000e+02,1.011000000000000000e+03,4.388300000000000000e+06
2.009112300000000000e+07,1.025000000000000000e+03,1.025000000000000000e+03,9.000000000000000000e+02,9.680000000000000000e+02,6.008000000000000000e+06
2.009113000000000000e+07,9.715000000000000000e+02,1.014000000000000000e+03,9.555000000000000000e+02,9.820000000000000000e+02,5.228400000000000000e+06
2.009120700000000000e+07,9.830000000000000000e+02,9.855000000000000000e+02,9.355000000000000000e+02,9.575000000000000000e+02,5.602000000000000000e+06
2.009121400000000000e+07,9.695000000000000000e+02,9.910000000000000000e+02,9.585000000000000000e+02,9.750000000000000000e+02,4.052600000000000000e+06
2.009122100000000000e+07,9.765000000000000000e+02,1.012000000000000000e+03,9.690000000000000000e+02,1.012000000000000000e+03,2.227800000000000000e+06
2.010010400000000000e+07,1.038000000000000000e+03,1.054000000000000000e+03,9.735000000000000000e+02,9.840000000000000000e+02,5.856600000000000000e+06
2.010011100000000000e+07,9.920000000000000000e+02,1.021000000000000000e+03,9.595000000000000000e+02,1.009000000000000000e+03,6.685600000000000000e+06
2.010011800000000000e+07,1.017000000000000000e+03,1.017000000000000000e+03,9.420000000000000000e+02,9.485000000000000000e+02,4.320400000000000000e+06
2.010012500000000000e+07,9.435000000000000000e+02,9.760000000000000000e+02,9.365000000000000000e+02,9.650000000000000000e+02,4.876800000000000000e+06
2.010020100000000000e+07,9.610000000000000000e+02,1.005000000000000000e+03,9.450000000000000000e+02,9.615000000000000000e+02,7.438700000000000000e+06
2.010020800000000000e+07,9.650000000000000000e+02,1.022000000000000000e+03,9.445000000000000000e+02,9.880000000000000000e+02,5.388100000000000000e+06
2.010021500000000000e+07,9.935000000000000000e+02,1.046000000000000000e+03,9.830000000000000000e+02,1.046000000000000000e+03,4.173000000000000000e+06
2.010022200000000000e+07,1.044000000000000000e+03,1.072000000000000000e+03,9.965000000000000000e+02,1.027000000000000000e+03,5.570200000000000000e+06
2.010030100000000000e+07,1.034000000000000000e+03,1.137000000000000000e+03,1.031000000000000000e+03,1.137000000000000000e+03,5.942600000000000000e+06
2.010030800000000000e+07,1.080000000000000000e+03,1.243000000000000000e+03,1.052000000000000000e+03,1.240000000000000000e+03,1.003580000000000000e+07
2.010031500000000000e+07,1.232000000000000000e+03,1.244000000000000000e+03,1.177000000000000000e+03,1.185000000000000000e+03,6.644700000000000000e+06
2.010032200000000000e+07,1.173000000000000000e+03,1.266000000000000000e+03,1.165000000000000000e+03,1.264000000000000000e+03,4.801600000000000000e+06
2.010032900000000000e+07,1.268000000000000000e+03,1.294000000000000000e+03,1.197000000000000000e+03,1.287000000000000000e+03,5.836300000000000000e+06
2.010040500000000000e+07,1.287000000000000000e+03,1.294000000000000000e+03,1.202000000000000000e+03,1.286000000000000000e+03,4.527900000000000000e+06
2.010041200000000000e+07,1.237000000000000000e+03,1.260000000000000000e+03,1.201000000000000000e+03,1.245000000000000000e+03,4.325600000000000000e+06
2.010041900000000000e+07,1.230000000000000000e+03,1.234000000000000000e+03,1.164000000000000000e+03,1.181000000000000000e+03,5.266400000000000000e+06
2.010042600000000000e+07,1.175000000000000000e+03,1.210000000000000000e+03,1.114000000000000000e+03,1.138000000000000000e+03,6.463400000000000000e+06
2.010050300000000000e+07,1.137000000000000000e+03,1.152000000000000000e+03,9.870000000000000000e+02,1.023000000000000000e+03,6.671700000000000000e+06
2.010051000000000000e+07,1.060000000000000000e+03,1.150000000000000000e+03,1.041000000000000000e+03,1.103000000000000000e+03,6.225000000000000000e+06
2.010051700000000000e+07,1.098000000000000000e+03,1.127000000000000000e+03,1.007000000000000000e+03,1.043000000000000000e+03,7.883600000000000000e+06
2.010052400000000000e+07,1.050000000000000000e+03,1.134000000000000000e+03,9.890000000000000000e+02,1.126000000000000000e+03,1.060780000000000000e+07
2.010053100000000000e+07,1.126000000000000000e+03,1.218000000000000000e+03,1.101000000000000000e+03,1.190000000000000000e+03,5.442400000000000000e+06
2.010060700000000000e+07,1.161000000000000000e+03,1.269000000000000000e+03,1.161000000000000000e+03,1.262000000000000000e+03,6.537700000000000000e+06
2.010061400000000000e+07,1.271000000000000000e+03,1.290000000000000000e+03,1.239000000000000000e+03,1.242000000000000000e+03,7.259300000000000000e+06
2.010062100000000000e+07,1.277000000000000000e+03,1.288000000000000000e+03,1.214000000000000000e+03,1.220000000000000000e+03,4.365700000000000000e+06
2.010062800000000000e+07,1.231000000000000000e+03,1.243000000000000000e+03,1.134000000000000000e+03,1.172000000000000000e+03,4.906800000000000000e+06
2.010070500000000000e+07,1.177000000000000000e+03,1.260000000000000000e+03,1.162000000000000000e+03,1.236000000000000000e+03,4.174900000000000000e+06
2.010071200000000000e+07,1.246000000000000000e+03,1.317000000000000000e+03,1.223000000000000000e+03,1.281000000000000000e+03,5.657200000000000000e+06
2.010071900000000000e+07,1.275000000000000000e+03,1.355000000000000000e+03,1.244000000000000000e+03,1.353000000000000000e+03,4.500700000000000000e+06
2.010072600000000000e+07,1.371000000000000000e+03,1.372000000000000000e+03,1.241000000000000000e+03,1.250000000000000000e+03,4.756700000000000000e+06
2.010080200000000000e+07,1.261000000000000000e+03,1.336000000000000000e+03,1.257000000000000000e+03,1.302000000000000000e+03,4.913000000000000000e+06
2.010080900000000000e+07,1.323000000000000000e+03,1.336000000000000000e+03,1.250000000000000000e+03,1.291000000000000000e+03,3.874100000000000000e+06
2.010081600000000000e+07,1.300000000000000000e+03,1.367000000000000000e+03,1.284000000000000000e+03,1.362000000000000000e+03,3.639400000000000000e+06
2.010082300000000000e+07,1.375000000000000000e+03,1.428000000000000000e+03,1.330000000000000000e+03,1.386000000000000000e+03,6.456700000000000000e+06
2.010083000000000000e+07,1.386000000000000000e+03,1.446000000000000000e+03,1.359000000000000000e+03,1.430000000000000000e+03,5.118100000000000000e+06
2.010090600000000000e+07,1.438000000000000000e+03,1.438000000000000000e+03,1.368000000000000000e+03,1.369000000000000000e+03,5.182400000000000000e+06
2.010091300000000000e+07,1.389000000000000000e+03,1.420000000000000000e+03,1.368000000000000000e+03,1.395000000000000000e+03,5.993700000000000000e+06
2.010092000000000000e+07,1.402000000000000000e+03,1.420000000000000000e+03,1.366000000000000000e+03,1.411000000000000000e+03,4.552300000000000000e+06
2.010092700000000000e+07,1.409000000000000000e+03,1.415000000000000000e+03,1.346000000000000000e+03,1.392000000000000000e+03,5.869300000000000000e+06
2.010100400000000000e+07,1.393000000000000000e+03,1.434000000000000000e+03,1.375000000000000000e+03,1.393000000000000000e+03,4.852800000000000000e+06
2.010101100000000000e+07,1.391000000000000000e+03,1.492000000000000000e+03,1.390000000000000000e+03,1.455000000000000000e+03,6.445800000000000000e+06
2.010101800000000000e+07,1.450000000000000000e+03,1.507000000000000000e+03,1.447000000000000000e+03,1.470000000000000000e+03,6.294400000000000000e+06
2.010102500000000000e+07,1.482000000000000000e+03,1.483000000000000000e+03,1.451000000000000000e+03,1.463000000000000000e+03,5.427300000000000000e+06
2.010110100000000000e+07,1.482000000000000000e+03,1.537000000000000000e+03,1.464000000000000000e+03,1.532000000000000000e+03,4.297200000000000000e+06
2.010110800000000000e+07,1.536000000000000000e+03,1.545000000000000000e+03,1.467000000000000000e+03,1.493000000000000000e+03,3.245600000000000000e+06
2.010111500000000000e+07,1.488000000000000000e+03,1.533000000000000000e+03,1.467000000000000000e+03,1.481000000000000000e+03,4.026000000000000000e+06
2.010112200000000000e+07,1.500000000000000000e+03,1.500000000000000000e+03,1.414000000000000000e+03,1.477000000000000000e+03,3.121600000000000000e+06
2.010112900000000000e+07,1.480000000000000000e+03,1.504000000000000000e+03,1.391000000000000000e+03,1.500000000000000000e+03,6.036500000000000000e+06
2.010120600000000000e+07,1.501000000000000000e+03,1.537000000000000000e+03,1.441000000000000000e+03,1.443000000000000000e+03,4.458700000000000000e+06
2.010121300000000000e+07,1.446000000000000000e+03,1.513000000000000000e+03,1.446000000000000000e+03,1.513000000000000000e+03,4.480300000000000000e+06
2.010122000000000000e+07,1.523000000000000000e+03,1.598000000000000000e+03,1.515000000000000000e+03,1.575000000000000000e+03,2.228200000000000000e+06
2.010122700000000000e+07,1.575000000000000000e+03,1.665000000000000000e+03,1.567000000000000000e+03,1.622000000000000000e+03,2.182000000000000000e+06
2.011011000000000000e+07,1.599000000000000000e+03,1.697000000000000000e+03,1.599000000000000000e+03,1.615000000000000000e+03,3.605400000000000000e+06
2.011011700000000000e+07,1.618000000000000000e+03,1.694000000000000000e+03,1.582000000000000000e+03,1.582000000000000000e+03,4.952600000000000000e+06
2.011012400000000000e+07,1.600000000000000000e+03,1.619000000000000000e+03,1.533000000000000000e+03,1.551000000000000000e+03,4.583200000000000000e+06
2.011013100000000000e+07,1.547000000000000000e+03,1.628000000000000000e+03,1.522000000000000000e+03,1.550000000000000000e+03,5.184500000000000000e+06
2.011020700000000000e+07,1.548000000000000000e+03,1.562000000000000000e+03,1.510000000000000000e+03,1.537000000000000000e+03,4.068500000000000000e+06
2.011021400000000000e+07,1.550000000000000000e+03,1.595000000000000000e+03,1.437000000000000000e+03,1.444000000000000000e+03,4.645900000000000000e+06
2.011022100000000000e+07,1.441250000000000000e+03,1.450000000000000000e+03,1.366000000000000000e+03,1.378000000000000000e+03,6.857100000000000000e+06
2.011022800000000000e+07,1.382000000000000000e+03,1.476000000000000000e+03,1.379000000000000000e+03,1.466000000000000000e+03,8.093500000000000000e+06
2.011030700000000000e+07,1.465000000000000000e+03,1.490000000000000000e+03,1.369000000000000000e+03,1.391000000000000000e+03,5.955600000000000000e+06
2.011031400000000000e+07,1.384000000000000000e+03,1.439000000000000000e+03,1.302000000000000000e+03,1.426000000000000000e+03,7.413300000000000000e+06
2.011032100000000000e+07,1.434000000000000000e+03,1.455000000000000000e+03,1.363000000000000000e+03,1.419000000000000000e+03,4.407700000000000000e+06
2.011032800000000000e+07,1.424000000000000000e+03,1.517000000000000000e+03,1.403000000000000000e+03,1.516000000000000000e+03,5.384700000000000000e+06
2.011040400000000000e+07,1.513000000000000000e+03,1.546000000000000000e+03,1.500000000000000000e+03,1.541000000000000000e+03,4.112200000000000000e+06
2.011041100000000000e+07,1.541000000000000000e+03,1.547000000000000000e+03,1.491000000000000000e+03,1.511000000000000000e+03,4.791300000000000000e+06
2.011041800000000000e+07,1.513000000000000000e+03,1.520000000000000000e+03,1.478000000000000000e+03,1.510000000000000000e+03,3.157700000000000000e+06
2.011050900000000000e+07,1.447000000000000000e+03,1.528000000000000000e+03,1.443000000000000000e+03,1.479000000000000000e+03,4.861100000000000000e+06
2.011051600000000000e+07,1.473000000000000000e+03,1.580000000000000000e+03,1.442000000000000000e+03,1.542000000000000000e+03,5.533800000000000000e+06
2.011052300000000000e+07,1.523000000000000000e+03,1.604000000000000000e+03,1.504000000000000000e+03,1.588000000000000000e+03,5.048900000000000000e+06
2.011060600000000000e+07,1.536000000000000000e+03,1.572000000000000000e+03,1.513000000000000000e+03,1.513000000000000000e+03,4.161000000000000000e+06
2.011061300000000000e+07,1.511000000000000000e+03,1.585670043945312500e+03,1.454000000000000000e+03,1.500000000000000000e+03,8.204400000000000000e+06
2.011062000000000000e+07,1.483000000000000000e+03,1.573359985351562500e+03,1.473000000000000000e+03,1.514000000000000000e+03,4.581400000000000000e+06
2.011062700000000000e+07,1.506000000000000000e+03,1.550000000000000000e+03,1.487000000000000000e+03,1.527000000000000000e+03,6.067600000000000000e+06
2.011070400000000000e+07,1.530000000000000000e+03,1.560000000000000000e+03,1.500000000000000000e+03,1.508000000000000000e+03,3.949700000000000000e+06
2.011071100000000000e+07,1.508000000000000000e+03,1.514500000000000000e+03,1.430000000000000000e+03,1.473000000000000000e+03,4.309400000000000000e+06
2.011071800000000000e+07,1.465000000000000000e+03,1.511000000000000000e+03,1.421000000000000000e+03,1.486000000000000000e+03,3.737800000000000000e+06
2.011072500000000000e+07,1.476000000000000000e+03,1.492000000000000000e+03,1.126000000000000000e+03,1.401000000000000000e+03,3.265900000000000000e+06
2.011080100000000000e+07,1.415000000000000000e+03,1.435000000000000000e+03,1.159000000000000000e+03,1.210000000000000000e+03,5.520400000000000000e+06
2.011080800000000000e+07,1.182000000000000000e+03,1.344380004882812500e+03,1.045000000000000000e+03,1.226000000000000000e+03,7.153800000000000000e+06
2.011081500000000000e+07,1.230000000000000000e+03,1.261099975585937500e+03,5.300000000000000000e+02,1.168000000000000000e+03,8.782600000000000000e+06
2.011082200000000000e+07,1.165000000000000000e+03,1.261000000000000000e+03,4.877000122070312500e+02,1.227000000000000000e+03,8.098900000000000000e+06
2.011090500000000000e+07,1.283000000000000000e+03,1.400680053710937500e+03,1.258300048828125000e+03,1.368000000000000000e+03,5.560800000000000000e+06
2.011091200000000000e+07,1.336000000000000000e+03,1.420000000000000000e+03,1.295000000000000000e+03,1.413000000000000000e+03,6.597500000000000000e+06
2.011091900000000000e+07,1.390000000000000000e+03,1.406000000000000000e+03,1.192000000000000000e+03,1.248000000000000000e+03,4.856500000000000000e+06
2.011092600000000000e+07,1.218000000000000000e+03,1.311000000000000000e+03,1.173000000000000000e+03,1.198000000000000000e+03,5.162800000000000000e+06
2.011100300000000000e+07,1.169000000000000000e+03,1.270160034179687500e+03,1.086000000000000000e+03,1.243000000000000000e+03,5.594200000000000000e+06
2.011101000000000000e+07,1.255000000000000000e+03,1.372000000000000000e+03,1.230000000000000000e+03,1.359000000000000000e+03,4.353200000000000000e+06
2.011101700000000000e+07,1.374000000000000000e+03,1.392550048828125000e+03,1.300000000000000000e+03,1.372000000000000000e+03,4.486700000000000000e+06
2.011102400000000000e+07,1.375000000000000000e+03,1.468000000000000000e+03,1.369959960937500000e+03,1.450000000000000000e+03,4.193300000000000000e+06
2.011103100000000000e+07,1.434000000000000000e+03,1.445000000000000000e+03,1.347000000000000000e+03,1.403000000000000000e+03,4.678200000000000000e+06
2.011110700000000000e+07,1.391000000000000000e+03,1.469489990234375000e+03,1.358000000000000000e+03,1.430000000000000000e+03,3.209800000000000000e+06
2.011111400000000000e+07,1.435000000000000000e+03,1.439250000000000000e+03,1.361000000000000000e+03,1.392000000000000000e+03,4.839800000000000000e+06
2.011112100000000000e+07,1.381000000000000000e+03,1.381000000000000000e+03,1.262000000000000000e+03,1.299000000000000000e+03,4.480900000000000000e+06
2.011112800000000000e+07,1.313000000000000000e+03,1.472130004882812500e+03,1.308000000000000000e+03,1.456000000000000000e+03,4.403400000000000000e+06
2.011120500000000000e+07,1.465000000000000000e+03,1.500000000000000000e+03,1.388000000000000000e+03,1.414000000000000000e+03,4.909200000000000000e+06
2.011121200000000000e+07,1.409000000000000000e+03,1.479000000000000000e+03,6.145000000000000000e+02,1.420000000000000000e+03,5.728600000000000000e+06
2.011121900000000000e+07,1.412000000000000000e+03,1.450000000000000000e+03,1.395000000000000000e+03,1.449000000000000000e+03,3.632500000000000000e+06
2.011122600000000000e+07,1.449000000000000000e+03,1.461380004882812500e+03,1.415000000000000000e+03,1.441000000000000000e+03,1.435800000000000000e+06
2.012010200000000000e+07,1.441000000000000000e+03,1.551000000000000000e+03,1.438000000000000000e+03,1.543000000000000000e+03,5.132100000000000000e+06
2.012010900000000000e+07,1.543000000000000000e+03,1.582969970703125000e+03,1.511000000000000000e+03,1.554000000000000000e+03,5.933800000000000000e+06
2.012011600000000000e+07,1.547000000000000000e+03,1.572000000000000000e+03,1.427000000000000000e+03,1.440000000000000000e+03,6.852900000000000000e+06
2.012012300000000000e+07,1.442000000000000000e+03,1.468000000000000000e+03,1.434000000000000000e+03,1.441000000000000000e+03,5.133100000000000000e+06
2.012013000000000000e+07,1.435000000000000000e+03,1.506000000000000000e+03,1.414000000000000000e+03,1.474000000000000000e+03,6.488600000000000000e+06
2.012020600000000000e+07,1.468000000000000000e+03,1.524000000000000000e+03,1.455000000000000000e+03,1.512000000000000000e+03,4.114500000000000000e+06
2.012021300000000000e+07,1.520000000000000000e+03,1.563000000000000000e+03,1.512000000000000000e+03,1.542000000000000000e+03,4.020800000000000000e+06
2.012022000000000000e+07,1.550000000000000000e+03,1.611000000000000000e+03,1.532000000000000000e+03,1.594000000000000000e+03,4.738000000000000000e+06
2.012022700000000000e+07,1.586000000000000000e+03,1.612000000000000000e+03,1.562069946289062500e+03,1.574000000000000000e+03,4.812500000000000000e+06
2.012030500000000000e+07,1.570000000000000000e+03,1.732000000000000000e+03,1.534000000000000000e+03,1.711000000000000000e+03,7.747800000000000000e+06
2.012031200000000000e+07,1.710000000000000000e+03,1.728000000000000000e+03,1.675000000000000000e+03,1.714000000000000000e+03,5.513000000000000000e+06
2.012031900000000000e+07,1.709000000000000000e+03,1.713000000000000000e+03,1.648000000000000000e+03,1.674000000000000000e+03,3.505200000000000000e+06
2.012032600000000000e+07,1.686000000000000000e+03,1.740000000000000000e+03,1.648000000000000000e+03,1.740000000000000000e+03,6.274300000000000000e+06
2.012040200000000000e+07,1.735000000000000000e+03,1.780000000000000000e+03,1.697000000000000000e+03,1.755000000000000000e+03,4.785000000000000000e+06
2.012040900000000000e+07,1.755000000000000000e+03,1.755000000000000000e+03,1.651000000000000000e+03,1.693000000000000000e+03,4.482300000000000000e+06
2.012041600000000000e+07,1.685000000000000000e+03,1.784000000000000000e+03,1.683800048828125000e+03,1.770000000000000000e+03,4.743100000000000000e+06
2.012042300000000000e+07,1.764000000000000000e+03,1.769000000000000000e+03,1.713479980468750000e+03,1.739000000000000000e+03,4.625900000000000000e+06
2.012043000000000000e+07,1.741000000000000000e+03,1.774000000000000000e+03,1.695000000000000000e+03,1.700000000000000000e+03,4.351900000000000000e+06
2.012050700000000000e+07,1.700000000000000000e+03,1.713000000000000000e+03,1.558000000000000000e+03,1.595000000000000000e+03,5.474800000000000000e+06
2.012051400000000000e+07,1.589000000000000000e+03,1.593000000000000000e+03,1.473000000000000000e+03,1.486000000000000000e+03,6.825100000000000000e+06
2.012052100000000000e+07,1.488000000000000000e+03,1.589000000000000000e+03,1.475800048828125000e+03,1.577000000000000000e+03,5.740400000000000000e+06
2.012052800000000000e+07,1.580000000000000000e+03,1.617000000000000000e+03,1.469000000000000000e+03,1.486000000000000000e+03,5.324300000000000000e+06
2.012060400000000000e+07,1.486000000000000000e+03,1.591000000000000000e+03,1.472000000000000000e+03,1.535000000000000000e+03,3.974900000000000000e+06
2.012061100000000000e+07,1.576000000000000000e+03,1.590000000000000000e+03,1.435000000000000000e+03,1.485000000000000000e+03,8.908100000000000000e+06
2.012061800000000000e+07,1.516000000000000000e+03,1.528000000000000000e+03,1.355000000000000000e+03,1.371000000000000000e+03,9.807600000000000000e+06
2.012062500000000000e+07,1.370000000000000000e+03,1.410000000000000000e+03,1.324000000000000000e+03,1.388000000000000000e+03,6.989700000000000000e+06
2.012070200000000000e+07,1.395000000000000000e+03,1.473000000000000000e+03,1.388000000000000000e+03,1.421000000000000000e+03,6.204700000000000000e+06
2.012070900000000000e+07,1.426000000000000000e+03,1.478000000000000000e+03,1.415000000000000000e+03,1.445000000000000000e+03,5.154000000000000000e+06
2.012071600000000000e+07,1.446000000000000000e+03,1.510000000000000000e+03,1.438000000000000000e+03,1.474000000000000000e+03,7.945900000000000000e+06
2.012072300000000000e+07,1.451000000000000000e+03,1.464000000000000000e+03,1.387000000000000000e+03,1.461000000000000000e+03,4.794100000000000000e+06
2.012073000000000000e+07,1.466000000000000000e+03,1.538000000000000000e+03,1.438000000000000000e+03,1.531000000000000000e+03,6.057500000000000000e+06
2.012080600000000000e+07,1.525000000000000000e+03,1.592000000000000000e+03,1.521000000000000000e+03,1.567000000000000000e+03,4.274200000000000000e+06
2.012081300000000000e+07,1.513000000000000000e+03,1.520079956054687500e+03,1.462000000000000000e+03,1.490000000000000000e+03,6.736300000000000000e+06
2.012082000000000000e+07,1.495000000000000000e+03,1.507000000000000000e+03,1.453000000000000000e+03,1.467000000000000000e+03,4.292800000000000000e+06
2.012082700000000000e+07,1.467000000000000000e+03,1.512000000000000000e+03,1.447000000000000000e+03,1.502000000000000000e+03,3.812000000000000000e+06
2.012090300000000000e+07,1.504000000000000000e+03,1.609000000000000000e+03,1.488000000000000000e+03,1.591000000000000000e+03,5.225400000000000000e+06
2.012091000000000000e+07,1.591000000000000000e+03,1.680000000000000000e+03,1.584000000000000000e+03,1.667000000000000000e+03,7.280600000000000000e+06
2.012091700000000000e+07,1.668000000000000000e+03,1.678000000000000000e+03,1.597250000000000000e+03,1.633000000000000000e+03,4.941200000000000000e+06
2.012092400000000000e+07,1.620000000000000000e+03,1.646000000000000000e+03,1.575229980468750000e+03,1.595000000000000000e+03,4.415300000000000000e+06
2.012100100000000000e+07,1.588000000000000000e+03,1.617000000000000000e+03,1.577000000000000000e+03,1.598000000000000000e+03,3.715100000000000000e+06
2.012100800000000000e+07,1.588000000000000000e+03,1.643000000000000000e+03,1.561000000000000000e+03,1.595000000000000000e+03,3.851900000000000000e+06
2.012101500000000000e+07,1.591000000000000000e+03,1.649000000000000000e+03,1.591000000000000000e+03,1.615000000000000000e+03,5.304800000000000000e+06
2.012102200000000000e+07,1.611000000000000000e+03,1.634000000000000000e+03,1.528000000000000000e+03,1.547000000000000000e+03,6.525400000000000000e+06
2.012102900000000000e+07,1.543000000000000000e+03,1.626000000000000000e+03,1.524000000000000000e+03,1.599000000000000000e+03,4.410400000000000000e+06
2.012110500000000000e+07,1.594000000000000000e+03,1.596000000000000000e+03,1.533000000000000000e+03,1.542000000000000000e+03,3.101800000000000000e+06
2.012111200000000000e+07,1.542000000000000000e+03,1.565000000000000000e+03,1.493000000000000000e+03,1.493000000000000000e+03,3.645700000000000000e+06
2.012111900000000000e+07,1.499000000000000000e+03,1.631000000000000000e+03,1.492000000000000000e+03,1.630000000000000000e+03,3.382400000000000000e+06
2.012112600000000000e+07,1.628000000000000000e+03,1.637979980468750000e+03,1.558000000000000000e+03,1.628000000000000000e+03,5.040800000000000000e+06
2.012120300000000000e+07,1.638000000000000000e+03,1.688000000000000000e+03,1.619000000000000000e+03,1.686000000000000000e+03,5.205000000000000000e+06
2.012121000000000000e+07,1.688000000000000000e+03,1.715000000000000000e+03,1.669000000000000000e+03,1.680000000000000000e+03,4.246700000000000000e+06
2.012121700000000000e+07,1.680000000000000000e+03,1.708000000000000000e+03,1.632000000000000000e+03,1.635000000000000000e+03,4.398900000000000000e+06
2.012122400000000000e+07,1.641000000000000000e+03,1.660000000000000000e+03,1.617000000000000000e+03,1.633000000000000000e+03,9.721000000000000000e+05
2.012123100000000000e+07,1.625000000000000000e+03,1.688000000000000000e+03,1.612000000000000000e+03,1.660000000000000000e+03,1.944900000000000000e+06
2.013010700000000000e+07,1.659000000000000000e+03,1.695099975585937500e+03,1.623000000000000000e+03,1.678000000000000000e+03,2.855200000000000000e+06
2.013011400000000000e+07,1.686000000000000000e+03,1.722280029296875000e+03,1.663000000000000000e+03,1.676000000000000000e+03,3.621800000000000000e+06
2.013012100000000000e+07,1.683000000000000000e+03,1.752000000000000000e+03,1.659000000000000000e+03,1.730000000000000000e+03,3.428400000000000000e+06
2.013012800000000000e+07,1.719000000000000000e+03,1.744000000000000000e+03,1.600000000000000000e+03,1.649000000000000000e+03,7.595300000000000000e+06
2.013020400000000000e+07,1.650000000000000000e+03,1.662000000000000000e+03,1.616000000000000000e+03,1.638000000000000000e+03,4.278500000000000000e+06
2.013021100000000000e+07,1.647000000000000000e+03,1.686709960937500000e+03,1.617020019531250000e+03,1.644000000000000000e+03,4.366000000000000000e+06
2.013021800000000000e+07,1.647000000000000000e+03,1.648000000000000000e+03,1.558000000000000000e+03,1.589000000000000000e+03,4.815100000000000000e+06
2.013022500000000000e+07,1.592000000000000000e+03,1.618000000000000000e+03,1.408000000000000000e+03,1.435000000000000000e+03,1.207300000000000000e+07
2.013030400000000000e+07,1.429000000000000000e+03,1.503000000000000000e+03,1.416579956054687500e+03,1.470000000000000000e+03,8.312200000000000000e+06
2.013031100000000000e+07,1.470000000000000000e+03,1.552000000000000000e+03,1.449250000000000000e+03,1.547000000000000000e+03,7.444800000000000000e+06
2.013031800000000000e+07,1.534000000000000000e+03,1.568000000000000000e+03,1.437000000000000000e+03,1.446000000000000000e+03,6.130200000000000000e+06
2.013032500000000000e+07,1.473000000000000000e+03,1.473000000000000000e+03,1.405000000000000000e+03,1.433000000000000000e+03,4.617600000000000000e+06
2.013040100000000000e+07,1.433000000000000000e+03,1.454000000000000000e+03,1.380000000000000000e+03,1.384000000000000000e+03,4.250600000000000000e+06
2.013040800000000000e+07,1.397000000000000000e+03,1.507500000000000000e+03,1.373000000000000000e+03,1.400000000000000000e+03,8.189700000000000000e+06
2.013041500000000000e+07,1.400000000000000000e+03,1.402750000000000000e+03,1.261000000000000000e+03,1.302000000000000000e+03,7.173300000000000000e+06
2.013042200000000000e+07,1.305000000000000000e+03,1.372000000000000000e+03,1.253719970703125000e+03,1.331000000000000000e+03,5.444800000000000000e+06
2.013042900000000000e+07,1.327000000000000000e+03,1.406640014648437500e+03,1.312000000000000000e+03,1.404000000000000000e+03,4.475700000000000000e+06
2.013050600000000000e+07,1.404000000000000000e+03,1.465000000000000000e+03,1.365000000000000000e+03,1.394000000000000000e+03,3.765400000000000000e+06
2.013051300000000000e+07,1.399000000000000000e+03,1.416000000000000000e+03,1.297000000000000000e+03,1.325000000000000000e+03,7.412900000000000000e+06
2.013052000000000000e+07,1.346000000000000000e+03,1.413000000000000000e+03,1.331000000000000000e+03,1.340000000000000000e+03,4.921800000000000000e+06
2.013052700000000000e+07,1.340000000000000000e+03,1.412000000000000000e+03,1.340000000000000000e+03,1.351000000000000000e+03,4.281100000000000000e+06
2.013060300000000000e+07,1.347000000000000000e+03,1.355000000000000000e+03,1.272800048828125000e+03,1.301000000000000000e+03,4.606800000000000000e+06
2.013061000000000000e+07,1.303000000000000000e+03,1.350000000000000000e+03,1.254000000000000000e+03,1.324000000000000000e+03,4.596400000000000000e+06
2.013061700000000000e+07,1.293000000000000000e+03,1.330000000000000000e+03,1.246000000000000000e+03,1.248000000000000000e+03,4.762400000000000000e+06
2.013062400000000000e+07,1.248000000000000000e+03,1.253000000000000000e+03,1.159050048828125000e+03,1.198000000000000000e+03,6.759100000000000000e+06
2.013070100000000000e+07,1.224000000000000000e+03,1.254000000000000000e+03,1.174000000000000000e+03,1.237000000000000000e+03,3.327300000000000000e+06
2.013070800000000000e+07,1.254000000000000000e+03,1.332000000000000000e+03,1.243000000000000000e+03,1.294000000000000000e+03,4.099200000000000000e+06
2.013071500000000000e+07,1.295000000000000000e+03,1.298000000000000000e+03,1.263000000000000000e+03,1.294000000000000000e+03,3.314200000000000000e+06
2.013072200000000000e+07,1.304000000000000000e+03,1.320000000000000000e+03,1.282000000000000000e+03,1.287000000000000000e+03,2.409200000000000000e+06
2.013072900000000000e+07,1.284000000000000000e+03,1.342000000000000000e+03,1.284000000000000000e+03,1.290000000000000000e+03,3.042000000000000000e+06
2.013080500000000000e+07,1.290000000000000000e+03,1.304000000000000000e+03,1.243000000000000000e+03,1.275000000000000000e+03,3.406000000000000000e+06
2.013081200000000000e+07,1.277000000000000000e+03,1.301000000000000000e+03,1.225000000000000000e+03,1.245000000000000000e+03,2.833400000000000000e+06
2.013081900000000000e+07,1.248000000000000000e+03,1.275750000000000000e+03,1.222000000000000000e+03,1.265000000000000000e+03,4.119200000000000000e+06
2.013082600000000000e+07,1.265000000000000000e+03,1.439000000000000000e+03,1.265000000000000000e+03,1.385000000000000000e+03,7.965400000000000000e+06
2.013090200000000000e+07,1.388000000000000000e+03,1.429000000000000000e+03,1.381640014648437500e+03,1.416000000000000000e+03,5.096700000000000000e+06
2.013090900000000000e+07,1.412000000000000000e+03,1.426000000000000000e+03,1.389000000000000000e+03,1.390000000000000000e+03,3.201000000000000000e+06
2.013091600000000000e+07,1.408000000000000000e+03,1.430000000000000000e+03,1.346000000000000000e+03,1.418000000000000000e+03,4.284300000000000000e+06
2.013092300000000000e+07,1.414000000000000000e+03,1.423000000000000000e+03,1.384000000000000000e+03,1.410000000000000000e+03,3.842000000000000000e+06
2.013093000000000000e+07,1.393000000000000000e+03,1.417000000000000000e+03,1.371500000000000000e+03,1.380000000000000000e+03,3.358000000000000000e+06
2.013100700000000000e+07,1.375000000000000000e+03,1.380000000000000000e+03,1.315000000000000000e+03,1.371000000000000000e+03,2.798100000000000000e+06
2.013101400000000000e+07,1.364000000000000000e+03,1.416000000000000000e+03,1.355000000000000000e+03,1.415000000000000000e+03,2.319300000000000000e+06
2.013102100000000000e+07,1.413000000000000000e+03,1.477000000000000000e+03,1.413000000000000000e+03,1.471000000000000000e+03,2.678900000000000000e+06
2.013102800000000000e+07,1.460000000000000000e+03,1.525000000000000000e+03,1.432729980468750000e+03,1.442000000000000000e+03,4.188000000000000000e+06
2.013110400000000000e+07,1.443000000000000000e+03,1.474000000000000000e+03,1.426000000000000000e+03,1.445000000000000000e+03,2.851900000000000000e+06
2.013111100000000000e+07,1.450000000000000000e+03,1.456000000000000000e+03,1.402579956054687500e+03,1.439000000000000000e+03,2.506200000000000000e+06
2.013111800000000000e+07,1.244000000000000000e+03,1.270000000000000000e+03,1.158790039062500000e+03,1.191000000000000000e+03,1.329210000000000000e+07
2.013112500000000000e+07,1.194000000000000000e+03,1.281000000000000000e+03,1.194000000000000000e+03,1.266000000000000000e+03,5.640500000000000000e+06
2.013120200000000000e+07,1.267000000000000000e+03,1.268000000000000000e+03,1.144000000000000000e+03,1.194000000000000000e+03,8.065700000000000000e+06
2.013120900000000000e+07,1.180000000000000000e+03,1.197680053710937500e+03,1.109000000000000000e+03,1.148000000000000000e+03,5.529600000000000000e+06
2.013121600000000000e+07,1.150000000000000000e+03,1.163099975585937500e+03,1.080000000000000000e+03,1.154000000000000000e+03,6.767600000000000000e+06
2.013122300000000000e+07,1.158000000000000000e+03,1.210000000000000000e+03,1.153500000000000000e+03,1.202000000000000000e+03,1.705700000000000000e+06
2.013123000000000000e+07,1.206000000000000000e+03,1.243000000000000000e+03,1.192000000000000000e+03,1.221000000000000000e+03,2.322500000000000000e+06
2.014010600000000000e+07,1.251000000000000000e+03,1.252000000000000000e+03,1.214000000000000000e+03,1.243000000000000000e+03,4.248300000000000000e+06
2.014011300000000000e+07,1.242000000000000000e+03,1.293000000000000000e+03,1.238489990234375000e+03,1.263000000000000000e+03,4.432600000000000000e+06
2.014012000000000000e+07,1.265000000000000000e+03,1.268109985351562500e+03,1.165719970703125000e+03,1.169000000000000000e+03,4.195200000000000000e+06
2.014012700000000000e+07,1.165000000000000000e+03,1.192000000000000000e+03,1.146000000000000000e+03,1.155000000000000000e+03,4.469900000000000000e+06
2.014020300000000000e+07,1.151000000000000000e+03,1.205000000000000000e+03,1.151000000000000000e+03,1.195000000000000000e+03,4.607200000000000000e+06
2.014021000000000000e+07,1.225000000000000000e+03,1.317000000000000000e+03,1.215000000000000000e+03,1.317000000000000000e+03,6.112700000000000000e+06
2.014021700000000000e+07,1.318000000000000000e+03,1.383000000000000000e+03,1.308000000000000000e+03,1.379000000000000000e+03,6.757000000000000000e+06
2.014022400000000000e+07,1.384000000000000000e+03,1.394000000000000000e+03,1.330959960937500000e+03,1.368000000000000000e+03,5.939200000000000000e+06
2.014030300000000000e+07,1.350000000000000000e+03,1.420000000000000000e+03,1.336000000000000000e+03,1.405000000000000000e+03,5.737500000000000000e+06
2.014031000000000000e+07,1.402000000000000000e+03,1.402000000000000000e+03,1.322000000000000000e+03,1.349000000000000000e+03,5.631500000000000000e+06
2.014031700000000000e+07,1.358000000000000000e+03,1.417000000000000000e+03,1.353000000000000000e+03,1.406000000000000000e+03,5.333500000000000000e+06
2.014032400000000000e+07,1.412000000000000000e+03,1.450000000000000000e+03,1.380000000000000000e+03,1.416000000000000000e+03,5.456000000000000000e+06
2.014033100000000000e+07,1.424000000000000000e+03,1.446000000000000000e+03,1.416000000000000000e+03,1.424000000000000000e+03,4.034500000000000000e+06
2.014040700000000000e+07,1.416000000000000000e+03,1.430000000000000000e+03,1.380000000000000000e+03,1.403000000000000000e+03,4.759900000000000000e+06
2.014041400000000000e+07,1.397000000000000000e+03,1.424000000000000000e+03,1.379719970703125000e+03,1.404000000000000000e+03,3.400100000000000000e+06
2.014042100000000000e+07,1.404000000000000000e+03,1.449000000000000000e+03,1.398849975585937500e+03,1.443000000000000000e+03,2.871500000000000000e+06
2.014042800000000000e+07,1.443000000000000000e+03,1.472790039062500000e+03,1.441000000000000000e+03,1.463000000000000000e+03,4.017600000000000000e+06
2.014050500000000000e+07,1.463000000000000000e+03,1.483000000000000000e+03,1.142000000000000000e+03,1.177000000000000000e+03,9.936500000000000000e+06
2.014051200000000000e+07,1.182000000000000000e+03,1.247000000000000000e+03,1.159359985351562500e+03,1.187000000000000000e+03,7.109900000000000000e+06
2.014051900000000000e+07,1.190000000000000000e+03,1.263000000000000000e+03,1.182000000000000000e+03,1.251500000000000000e+03,5.571200000000000000e+06
2.014052600000000000e+07,1.251500000000000000e+03,1.288000000000000000e+03,1.246000000000000000e+03,1.262000000000000000e+03,4.921100000000000000e+06
2.014060200000000000e+07,1.270000000000000000e+03,1.273250000000000000e+03,1.223000000000000000e+03,1.255000000000000000e+03,4.522100000000000000e+06
2.014060900000000000e+07,1.258000000000000000e+03,1.269000000000000000e+03,1.215000000000000000e+03,1.257000000000000000e+03,3.724700000000000000e+06
2.014061600000000000e+07,1.259000000000000000e+03,1.274000000000000000e+03,1.233000000000000000e+03,1.244000000000000000e+03,6.656100000000000000e+06
2.014062300000000000e+07,1.248000000000000000e+03,1.264000000000000000e+03,1.189000000000000000e+03,1.208000000000000000e+03,6.556500000000000000e+06
2.014063000000000000e+07,1.211000000000000000e+03,1.231000000000000000e+03,1.191000000000000000e+03,1.225000000000000000e+03,5.316700000000000000e+06
2.014070700000000000e+07,1.226000000000000000e+03,1.238000000000000000e+03,1.143000000000000000e+03,1.161000000000000000e+03,6.132000000000000000e+06
2.014071400000000000e+07,1.167000000000000000e+03,1.213000000000000000e+03,1.162000000000000000e+03,1.192000000000000000e+03,4.417100000000000000e+06
2.014072100000000000e+07,1.193000000000000000e+03,1.215000000000000000e+03,1.112000000000000000e+03,1.127000000000000000e+03,5.799100000000000000e+06
2.014072800000000000e+07,1.130000000000000000e+03,1.133000000000000000e+03,1.084000000000000000e+03,1.111000000000000000e+03,6.683600000000000000e+06
2.014080400000000000e+07,1.110000000000000000e+03,1.114000000000000000e+03,1.057000000000000000e+03,1.076000000000000000e+03,5.045300000000000000e+06
2.014081100000000000e+07,1.081000000000000000e+03,1.170000000000000000e+03,1.079300048828125000e+03,1.134000000000000000e+03,4.551400000000000000e+06
2.014081800000000000e+07,1.142000000000000000e+03,1.167000000000000000e+03,1.101000000000000000e+03,1.126000000000000000e+03,3.918300000000000000e+06
2.014082500000000000e+07,1.126000000000000000e+03,1.166349975585937500e+03,1.086000000000000000e+03,1.129000000000000000e+03,4.425200000000000000e+06
2.014090100000000000e+07,1.135000000000000000e+03,1.145000000000000000e+03,1.089900024414062500e+03,1.102000000000000000e+03,4.007400000000000000e+06
2.014090800000000000e+07,1.096000000000000000e+03,1.113000000000000000e+03,1.056000000000000000e+03,1.062000000000000000e+03,4.750200000000000000e+06
2.014091500000000000e+07,1.060000000000000000e+03,1.096000000000000000e+03,1.024000000000000000e+03,1.048000000000000000e+03,7.301700000000000000e+06
2.014092200000000000e+07,1.065000000000000000e+03,1.077000000000000000e+03,9.910000000000000000e+02,1.010000000000000000e+03,6.574800000000000000e+06
2.014092900000000000e+07,1.032000000000000000e+03,1.046000000000000000e+03,9.935000000000000000e+02,9.955000000000000000e+02,7.755400000000000000e+06
2.014100600000000000e+07,1.002000000000000000e+03,1.007000000000000000e+03,9.565000000000000000e+02,9.740000000000000000e+02,1.129840000000000000e+07
2.014101300000000000e+07,9.650000000000000000e+02,1.065000000000000000e+03,9.580000000000000000e+02,1.060000000000000000e+03,1.323370000000000000e+07
2.014102000000000000e+07,1.057000000000000000e+03,1.084000000000000000e+03,1.022000000000000000e+03,1.068000000000000000e+03,1.047450000000000000e+07
2.014102700000000000e+07,1.082000000000000000e+03,1.085000000000000000e+03,1.023000000000000000e+03,1.060000000000000000e+03,1.058580000000000000e+07
2.014110300000000000e+07,1.062000000000000000e+03,1.126000000000000000e+03,1.029000000000000000e+03,1.118000000000000000e+03,1.158090000000000000e+07
2.014111000000000000e+07,1.122000000000000000e+03,1.161000000000000000e+03,1.115000000000000000e+03,1.151000000000000000e+03,8.258700000000000000e+06
2.014111700000000000e+07,1.145000000000000000e+03,1.203000000000000000e+03,1.129920043945312500e+03,1.193000000000000000e+03,9.684500000000000000e+06
2.014112400000000000e+07,9.965000000000000000e+02,1.030000000000000000e+03,8.067399902343750000e+02,8.250000000000000000e+02,3.310140000000000000e+07
2.014120100000000000e+07,8.150000000000000000e+02,8.245000000000000000e+02,7.660000000000000000e+02,7.780000000000000000e+02,1.507340000000000000e+07
2.014120800000000000e+07,7.790000000000000000e+02,7.895000000000000000e+02,6.780000000000000000e+02,6.780000000000000000e+02,1.318880000000000000e+07
2.014121500000000000e+07,6.780000000000000000e+02,7.455000000000000000e+02,6.570000000000000000e+02,7.225000000000000000e+02,2.228200000000000000e+07
2.014122200000000000e+07,7.305000000000000000e+02,7.360000000000000000e+02,6.970000000000000000e+02,7.235000000000000000e+02,4.889900000000000000e+06
2.014122900000000000e+07,7.310000000000000000e+02,7.330000000000000000e+02,6.930000000000000000e+02,7.110000000000000000e+02,4.394100000000000000e+06
2.015010500000000000e+07,7.090000000000000000e+02,7.155000000000000000e+02,6.310000000000000000e+02,6.355000000000000000e+02,1.145360000000000000e+07
2.015011200000000000e+07,6.350000000000000000e+02,6.361690063476562500e+02,5.940000000000000000e+02,6.095000000000000000e+02,1.164060000000000000e+07
2.015011900000000000e+07,6.145000000000000000e+02,6.920000000000000000e+02,6.040000000000000000e+02,6.760000000000000000e+02,1.468260000000000000e+07
2.015012600000000000e+07,6.840000000000000000e+02,7.141400146484375000e+02,6.585000000000000000e+02,7.060000000000000000e+02,1.266280000000000000e+07
2.015020200000000000e+07,7.135000000000000000e+02,7.790000000000000000e+02,6.975000000000000000e+02,7.675000000000000000e+02,1.995940000000000000e+07
2.015020900000000000e+07,7.665000000000000000e+02,8.105000000000000000e+02,7.540000000000000000e+02,8.000000000000000000e+02,1.209880000000000000e+07
2.015021600000000000e+07,7.660000000000000000e+02,8.432280273437500000e+02,7.645000000000000000e+02,8.215000000000000000e+02,1.038700000000000000e+07
2.015022300000000000e+07,8.300000000000000000e+02,9.200000000000000000e+02,7.815000000000000000e+02,8.795000000000000000e+02,1.785640000000000000e+07
2.015030200000000000e+07,8.790000000000000000e+02,9.095000000000000000e+02,8.655000000000000000e+02,8.900000000000000000e+02,1.342030000000000000e+07
2.015030900000000000e+07,8.905000000000000000e+02,8.995000000000000000e+02,8.210000000000000000e+02,8.260000000000000000e+02,8.685100000000000000e+06
2.015031600000000000e+07,8.280000000000000000e+02,9.364699707031250000e+02,8.091799926757812500e+02,9.360000000000000000e+02,1.351270000000000000e+07
2.015032300000000000e+07,9.300000000000000000e+02,1.034380004882812500e+03,9.265599975585937500e+02,9.775000000000000000e+02,1.232410000000000000e+07
2.015033000000000000e+07,9.790000000000000000e+02,1.007440002441406250e+03,9.395000000000000000e+02,9.625000000000000000e+02,7.626600000000000000e+06
2.015040600000000000e+07,9.625000000000000000e+02,1.056000000000000000e+03,9.625000000000000000e+02,1.040000000000000000e+03,7.183100000000000000e+06
2.015041300000000000e+07,1.034000000000000000e+03,1.075000000000000000e+03,1.000250000000000000e+03,1.014000000000000000e+03,8.178700000000000000e+06
2.015042000000000000e+07,9.400000000000000000e+02,9.500000000000000000e+02,8.525000000000000000e+02,8.745000000000000000e+02,1.657940000000000000e+07
2.015042700000000000e+07,8.745000000000000000e+02,8.995000000000000000e+02,8.535000000000000000e+02,8.700000000000000000e+02,6.359800000000000000e+06
2.015050400000000000e+07,8.700000000000000000e+02,8.990000000000000000e+02,8.307839965820312500e+02,8.550000000000000000e+02,1.001880000000000000e+07
2.015051100000000000e+07,8.525000000000000000e+02,9.000000000000000000e+02,8.415000000000000000e+02,8.790000000000000000e+02,8.038000000000000000e+06
2.015051800000000000e+07,8.790000000000000000e+02,9.220939941406250000e+02,8.635000000000000000e+02,8.975000000000000000e+02,6.097000000000000000e+06
2.015052500000000000e+07,8.975000000000000000e+02,9.135599975585937500e+02,8.620000000000000000e+02,9.050000000000000000e+02,6.967600000000000000e+06
2.015060100000000000e+07,9.070000000000000000e+02,9.290000000000000000e+02,8.824249877929687500e+02,8.945000000000000000e+02,8.001500000000000000e+06
2.015060800000000000e+07,8.930000000000000000e+02,9.285000000000000000e+02,8.735000000000000000e+02,9.085000000000000000e+02,7.622900000000000000e+06
2.015061500000000000e+07,9.025000000000000000e+02,9.155000000000000000e+02,8.555000000000000000e+02,8.565000000000000000e+02,6.414500000000000000e+06
2.015062200000000000e+07,8.695000000000000000e+02,9.900000000000000000e+02,8.550000000000000000e+02,9.505000000000000000e+02,1.273090000000000000e+07
2.015062900000000000e+07,9.205000000000000000e+02,9.570000000000000000e+02,8.970000000000000000e+02,9.045000000000000000e+02,6.169400000000000000e+06
2.015070600000000000e+07,8.950000000000000000e+02,9.025000000000000000e+02,8.280000000000000000e+02,8.670000000000000000e+02,7.570500000000000000e+06
2.015071300000000000e+07,8.805000000000000000e+02,9.330000000000000000e+02,8.565000000000000000e+02,9.065000000000000000e+02,6.905400000000000000e+06
2.015072000000000000e+07,9.030000000000000000e+02,9.205000000000000000e+02,8.395000000000000000e+02,8.435000000000000000e+02,7.130400000000000000e+06
2.015072700000000000e+07,8.400000000000000000e+02,8.930000000000000000e+02,8.176500244140625000e+02,8.800000000000000000e+02,8.390000000000000000e+06
2.015080300000000000e+07,8.800000000000000000e+02,8.865599975585937500e+02,8.410000000000000000e+02,8.640000000000000000e+02,9.056400000000000000e+06
2.015081000000000000e+07,8.630000000000000000e+02,8.715000000000000000e+02,8.105000000000000000e+02,8.270000000000000000e+02,1.047810000000000000e+07
2.015081700000000000e+07,8.305000000000000000e+02,8.350000000000000000e+02,7.850000000000000000e+02,7.890000000000000000e+02,7.452800000000000000e+06
2.015082400000000000e+07,7.680000000000000000e+02,8.935000000000000000e+02,7.310000000000000000e+02,8.920000000000000000e+02,1.291010000000000000e+07
2.015083100000000000e+07,8.920000000000000000e+02,9.130000000000000000e+02,8.430000000000000000e+02,8.450000000000000000e+02,8.193000000000000000e+06
2.015090700000000000e+07,8.520000000000000000e+02,8.895000000000000000e+02,8.060000000000000000e+02,8.065000000000000000e+02,6.531300000000000000e+06
2.015091400000000000e+07,8.080000000000000000e+02,8.510000000000000000e+02,7.745000000000000000e+02,7.955000000000000000e+02,6.734900000000000000e+06
2.015092100000000000e+07,7.885000000000000000e+02,8.115000000000000000e+02,7.365000000000000000e+02,7.750000000000000000e+02,5.475700000000000000e+06
2.015092800000000000e+07,7.805000000000000000e+02,7.840000000000000000e+02,7.335000000000000000e+02,7.420000000000000000e+02,6.999400000000000000e+06
2.015100500000000000e+07,7.530000000000000000e+02,9.630399780273437500e+02,7.530000000000000000e+02,9.415000000000000000e+02,1.035740000000000000e+07
2.015101200000000000e+07,9.370000000000000000e+02,9.480000000000000000e+02,8.910000000000000000e+02,9.340000000000000000e+02,9.584200000000000000e+06
2.015101900000000000e+07,9.310000000000000000e+02,9.352500000000000000e+02,8.570000000000000000e+02,8.885000000000000000e+02,6.966500000000000000e+06
2.015102600000000000e+07,8.855000000000000000e+02,8.905000000000000000e+02,8.265000000000000000e+02,8.430000000000000000e+02,4.797800000000000000e+06
2.015110200000000000e+07,8.395000000000000000e+02,9.000000000000000000e+02,7.620000000000000000e+02,7.735000000000000000e+02,9.557500000000000000e+06
2.015110900000000000e+07,7.755000000000000000e+02,7.975000000000000000e+02,7.347500000000000000e+02,7.445000000000000000e+02,7.292100000000000000e+06
2.015111600000000000e+07,7.420000000000000000e+02,8.155000000000000000e+02,7.390000000000000000e+02,7.585000000000000000e+02,6.614900000000000000e+06
2.015112300000000000e+07,7.560000000000000000e+02,8.020000000000000000e+02,7.370000000000000000e+02,7.925000000000000000e+02,4.768800000000000000e+06
2.015113000000000000e+07,7.985000000000000000e+02,8.695000000000000000e+02,7.920000000000000000e+02,8.110000000000000000e+02,7.468300000000000000e+06
2.015120700000000000e+07,8.085000000000000000e+02,8.106690063476562500e+02,7.440000000000000000e+02,7.595000000000000000e+02,9.074900000000000000e+06
2.015121400000000000e+07,7.600000000000000000e+02,8.170000000000000000e+02,7.420000000000000000e+02,7.680000000000000000e+02,1.047310000000000000e+07
2.015122100000000000e+07,7.610000000000000000e+02,8.183099975585937500e+02,7.440000000000000000e+02,8.085000000000000000e+02,4.195700000000000000e+06
2.015122800000000000e+07,8.085000000000000000e+02,8.150000000000000000e+02,7.712659912109375000e+02,7.770000000000000000e+02,3.343100000000000000e+06
2.016010400000000000e+07,7.810000000000000000e+02,8.035000000000000000e+02,6.990000000000000000e+02,6.995000000000000000e+02,8.783200000000000000e+06
2.016011100000000000e+07,7.030000000000000000e+02,7.260000000000000000e+02,6.535000000000000000e+02,7.000000000000000000e+02,9.347400000000000000e+06
2.016011800000000000e+07,6.925000000000000000e+02,7.600000000000000000e+02,6.510000000000000000e+02,7.390000000000000000e+02,8.786700000000000000e+06
2.016012500000000000e+07,7.495000000000000000e+02,8.095000000000000000e+02,6.766929931640625000e+02,7.915000000000000000e+02,1.382840000000000000e+07
2.016020100000000000e+07,7.900000000000000000e+02,8.015000000000000000e+02,7.365000000000000000e+02,7.755000000000000000e+02,1.080760000000000000e+07
2.016020800000000000e+07,7.715000000000000000e+02,7.742449951171875000e+02,6.700000000000000000e+02,7.040000000000000000e+02,1.082380000000000000e+07
2.016021500000000000e+07,7.195000000000000000e+02,7.950000000000000000e+02,7.115000000000000000e+02,7.255000000000000000e+02,1.099190000000000000e+07
2.016022200000000000e+07,7.345000000000000000e+02,8.845000000000000000e+02,7.210000000000000000e+02,8.795000000000000000e+02,1.550040000000000000e+07
