2.011103100000000000e+07,9.200000000000000000e+02,9.300000000000000000e+02,8.750000000000000000e+02,9.240000000000000000e+02,1.365860000000000000e+07
2.011110700000000000e+07,9.250000000000000000e+02,9.580000000000000000e+02,9.100000000000000000e+02,9.580000000000000000e+02,7.377600000000000000e+06
2.011111400000000000e+07,9.605000000000000000e+02,1.025000000000000000e+03,9.480000000000000000e+02,9.710000000000000000e+02,5.174500000000000000e+06
2.011112100000000000e+07,9.750000000000000000e+02,9.850000000000000000e+02,9.200000000000000000e+02,9.450000000000000000e+02,2.899200000000000000e+06
2.011112800000000000e+07,9.450000000000000000e+02,1.020000000000000000e+03,9.450000000000000000e+02,1.000000000000000000e+03,2.219500000000000000e+06
2.011120500000000000e+07,1.011000000000000000e+03,1.040000000000000000e+03,9.860000000000000000e+02,1.020000000000000000e+03,4.881200000000000000e+06
2.011121200000000000e+07,1.030000000000000000e+03,1.040000000000000000e+03,9.850000000000000000e+02,1.040000000000000000e+03,2.750530000000000000e+07
2.011121900000000000e+07,1.038000000000000000e+03,1.130000000000000000e+03,1.024000000000000000e+03,1.130000000000000000e+03,5.726000000000000000e+06
2.011122600000000000e+07,1.130000000000000000e+03,1.130000000000000000e+03,1.086000000000000000e+03,1.094000000000000000e+03,8.419000000000000000e+05
2.012010200000000000e+07,1.094000000000000000e+03,1.130000000000000000e+03,1.094000000000000000e+03,1.126000000000000000e+03,8.541000000000000000e+05
2.012010900000000000e+07,1.122000000000000000e+03,1.158000000000000000e+03,1.089000000000000000e+03,1.100000000000000000e+03,2.327800000000000000e+06
2.012011600000000000e+07,1.105000000000000000e+03,1.150000000000000000e+03,1.080000000000000000e+03,1.096000000000000000e+03,2.790200000000000000e+06
2.012012300000000000e+07,1.104000000000000000e+03,1.176000000000000000e+03,1.062000000000000000e+03,1.125000000000000000e+03,3.604700000000000000e+06
2.012013000000000000e+07,1.120000000000000000e+03,1.189000000000000000e+03,1.115000000000000000e+03,1.165000000000000000e+03,1.769300000000000000e+06
2.012020600000000000e+07,1.146000000000000000e+03,1.195119995117187500e+03,1.118000000000000000e+03,1.124000000000000000e+03,1.134100000000000000e+06
2.012021300000000000e+07,1.139000000000000000e+03,1.139000000000000000e+03,1.063000000000000000e+03,1.069000000000000000e+03,1.293400000000000000e+06
2.012022000000000000e+07,1.071000000000000000e+03,1.112000000000000000e+03,1.030000000000000000e+03,1.049000000000000000e+03,1.830300000000000000e+06
2.012022700000000000e+07,1.047000000000000000e+03,1.112000000000000000e+03,1.036699951171875000e+03,1.049000000000000000e+03,2.176200000000000000e+06
2.012030500000000000e+07,1.038000000000000000e+03,1.049000000000000000e+03,9.280000000000000000e+02,1.006000000000000000e+03,2.997000000000000000e+06
2.012031200000000000e+07,1.013000000000000000e+03,1.022000000000000000e+03,9.475000000000000000e+02,9.615000000000000000e+02,4.144800000000000000e+06
2.012031900000000000e+07,9.670000000000000000e+02,9.760000000000000000e+02,9.321119995117187500e+02,9.605000000000000000e+02,4.355800000000000000e+06
2.012032600000000000e+07,9.575000000000000000e+02,9.575000000000000000e+02,9.062999877929687500e+02,9.235000000000000000e+02,3.395300000000000000e+06
2.012040200000000000e+07,9.210000000000000000e+02,9.515000000000000000e+02,8.880000000000000000e+02,9.320000000000000000e+02,3.379100000000000000e+06
2.012040900000000000e+07,9.320000000000000000e+02,9.890000000000000000e+02,9.170000000000000000e+02,9.675000000000000000e+02,3.280800000000000000e+06
2.012041600000000000e+07,9.580000000000000000e+02,1.013000000000000000e+03,9.575000000000000000e+02,9.880000000000000000e+02,3.037900000000000000e+06
2.012042300000000000e+07,9.900000000000000000e+02,9.900000000000000000e+02,8.940000000000000000e+02,8.940000000000000000e+02,2.882900000000000000e+06
2.012043000000000000e+07,9.050000000000000000e+02,9.949299926757812500e+02,8.750000000000000000e+02,8.830000000000000000e+02,3.099000000000000000e+06
2.012050700000000000e+07,8.830000000000000000e+02,8.830000000000000000e+02,7.475000000000000000e+02,8.055000000000000000e+02,2.834900000000000000e+06
2.012051400000000000e+07,8.175000000000000000e+02,8.175000000000000000e+02,7.510000000000000000e+02,7.990000000000000000e+02,2.631400000000000000e+06
2.012052100000000000e+07,7.595000000000000000e+02,8.565000000000000000e+02,7.595000000000000000e+02,8.010000000000000000e+02,2.734000000000000000e+06
2.012052800000000000e+07,8.015000000000000000e+02,8.320000000000000000e+02,7.650000000000000000e+02,7.650000000000000000e+02,2.738700000000000000e+06
2.012060400000000000e+07,7.650000000000000000e+02,8.455000000000000000e+02,7.515000000000000000e+02,8.145000000000000000e+02,3.249400000000000000e+06
2.012061100000000000e+07,8.410000000000000000e+02,8.880330200195312500e+02,7.830000000000000000e+02,8.875000000000000000e+02,1.163370000000000000e+07
2.012061800000000000e+07,9.000000000000000000e+02,9.410000000000000000e+02,8.820000000000000000e+02,9.135000000000000000e+02,3.987900000000000000e+06
2.012062500000000000e+07,9.180000000000000000e+02,9.440000000000000000e+02,8.710000000000000000e+02,9.090000000000000000e+02,2.105500000000000000e+06
2.012070200000000000e+07,9.190000000000000000e+02,9.345000000000000000e+02,8.585000000000000000e+02,8.645000000000000000e+02,1.742300000000000000e+06
2.012070900000000000e+07,8.760000000000000000e+02,9.025000000000000000e+02,8.110000000000000000e+02,8.770000000000000000e+02,2.282200000000000000e+06
2.012071600000000000e+07,8.730000000000000000e+02,8.785000000000000000e+02,8.210000000000000000e+02,8.260000000000000000e+02,1.893600000000000000e+06
2.012072300000000000e+07,8.110000000000000000e+02,9.030000000000000000e+02,7.820000000000000000e+02,8.755000000000000000e+02,2.136400000000000000e+06
2.012073000000000000e+07,8.715000000000000000e+02,9.060000000000000000e+02,8.440000000000000000e+02,8.840000000000000000e+02,1.186100000000000000e+06
2.012080600000000000e+07,8.760000000000000000e+02,9.500000000000000000e+02,8.750000000000000000e+02,9.275000000000000000e+02,1.712200000000000000e+06
2.012081300000000000e+07,9.495000000000000000e+02,9.495000000000000000e+02,9.015000000000000000e+02,9.340000000000000000e+02,1.059900000000000000e+06
2.012082000000000000e+07,9.395000000000000000e+02,9.880000000000000000e+02,9.235000000000000000e+02,9.790000000000000000e+02,2.053900000000000000e+06
2.012082700000000000e+07,9.790000000000000000e+02,1.000000000000000000e+03,9.655000000000000000e+02,9.680000000000000000e+02,2.105100000000000000e+06
2.012090300000000000e+07,9.615000000000000000e+02,1.055390014648437500e+03,9.470000000000000000e+02,1.044000000000000000e+03,4.611200000000000000e+06
2.012091000000000000e+07,1.033000000000000000e+03,1.094000000000000000e+03,9.960000000000000000e+02,1.081000000000000000e+03,4.584400000000000000e+06
2.012091700000000000e+07,1.072000000000000000e+03,1.110000000000000000e+03,1.044000000000000000e+03,1.082000000000000000e+03,1.956100000000000000e+06
2.012092400000000000e+07,1.067000000000000000e+03,1.089000000000000000e+03,1.037000000000000000e+03,1.085000000000000000e+03,2.098700000000000000e+06
2.012100100000000000e+07,1.082000000000000000e+03,1.152000000000000000e+03,1.080000000000000000e+03,1.149000000000000000e+03,2.134600000000000000e+06
2.012100800000000000e+07,1.137000000000000000e+03,1.185000000000000000e+03,1.067569946289062500e+03,1.127000000000000000e+03,1.795000000000000000e+06
2.012101500000000000e+07,1.118000000000000000e+03,1.178000000000000000e+03,1.118000000000000000e+03,1.166000000000000000e+03,2.268400000000000000e+06
2.012102200000000000e+07,1.159000000000000000e+03,1.178000000000000000e+03,1.087000000000000000e+03,1.114000000000000000e+03,3.105400000000000000e+06
2.012102900000000000e+07,1.113000000000000000e+03,1.138000000000000000e+03,1.099000000000000000e+03,1.129000000000000000e+03,2.498000000000000000e+06
2.012110500000000000e+07,1.118000000000000000e+03,1.156300048828125000e+03,1.095000000000000000e+03,1.114000000000000000e+03,2.102000000000000000e+06
2.012111200000000000e+07,1.116000000000000000e+03,1.154000000000000000e+03,1.082000000000000000e+03,1.111000000000000000e+03,2.127300000000000000e+06
2.012111900000000000e+07,1.118000000000000000e+03,1.141000000000000000e+03,1.085000000000000000e+03,1.099000000000000000e+03,1.591000000000000000e+06
2.012112600000000000e+07,1.102000000000000000e+03,1.102000000000000000e+03,1.042000000000000000e+03,1.062000000000000000e+03,1.714300000000000000e+06
2.012120300000000000e+07,1.074000000000000000e+03,1.098000000000000000e+03,1.046000000000000000e+03,1.088000000000000000e+03,1.793700000000000000e+06
2.012121000000000000e+07,1.092000000000000000e+03,1.183000000000000000e+03,1.077000000000000000e+03,1.175000000000000000e+03,2.135900000000000000e+06
2.012121700000000000e+07,1.189000000000000000e+03,1.197000000000000000e+03,1.143000000000000000e+03,1.176000000000000000e+03,2.679100000000000000e+06
2.012122400000000000e+07,1.180000000000000000e+03,1.197000000000000000e+03,1.148000000000000000e+03,1.175000000000000000e+03,4.442000000000000000e+05
2.012123100000000000e+07,1.150000000000000000e+03,1.231000000000000000e+03,1.148000000000000000e+03,1.174000000000000000e+03,9.708000000000000000e+05
2.013010700000000000e+07,1.174000000000000000e+03,1.179250000000000000e+03,1.121000000000000000e+03,1.158000000000000000e+03,2.226300000000000000e+06
2.013011400000000000e+07,1.154000000000000000e+03,1.158790039062500000e+03,1.076000000000000000e+03,1.081000000000000000e+03,1.669100000000000000e+06
2.013012100000000000e+07,1.089000000000000000e+03,1.119000000000000000e+03,1.032000000000000000e+03,1.116000000000000000e+03,3.293400000000000000e+06
2.013012800000000000e+07,1.104000000000000000e+03,1.137000000000000000e+03,1.063000000000000000e+03,1.093000000000000000e+03,3.056300000000000000e+06
2.013020400000000000e+07,1.094000000000000000e+03,1.107000000000000000e+03,1.048000000000000000e+03,1.050000000000000000e+03,1.764200000000000000e+06
2.013021100000000000e+07,1.048000000000000000e+03,1.077000000000000000e+03,9.975000000000000000e+02,9.975000000000000000e+02,1.971000000000000000e+06
2.013021800000000000e+07,1.002000000000000000e+03,1.030000000000000000e+03,9.393049926757812500e+02,9.825000000000000000e+02,3.371000000000000000e+06
2.013022500000000000e+07,9.770000000000000000e+02,1.022000000000000000e+03,9.610000000000000000e+02,1.002000000000000000e+03,2.973300000000000000e+06
2.013030400000000000e+07,9.865000000000000000e+02,1.007000000000000000e+03,9.405000000000000000e+02,9.440000000000000000e+02,2.892300000000000000e+06
2.013031100000000000e+07,9.400000000000000000e+02,9.460000000000000000e+02,9.150000000000000000e+02,9.160000000000000000e+02,6.278400000000000000e+06
2.013031800000000000e+07,9.015000000000000000e+02,9.135000000000000000e+02,8.395000000000000000e+02,8.725000000000000000e+02,5.095000000000000000e+06
2.013032500000000000e+07,8.740000000000000000e+02,8.910000000000000000e+02,8.555000000000000000e+02,8.665000000000000000e+02,3.170000000000000000e+06
2.013040100000000000e+07,8.665000000000000000e+02,8.835000000000000000e+02,8.295000000000000000e+02,8.380000000000000000e+02,3.042700000000000000e+06
2.013040800000000000e+07,8.400000000000000000e+02,9.125000000000000000e+02,8.400000000000000000e+02,8.590000000000000000e+02,3.799800000000000000e+06
2.013041500000000000e+07,8.385000000000000000e+02,8.405000000000000000e+02,6.905000000000000000e+02,7.140000000000000000e+02,5.961700000000000000e+06
2.013042200000000000e+07,7.235000000000000000e+02,7.895000000000000000e+02,7.120000000000000000e+02,7.570000000000000000e+02,4.201800000000000000e+06
2.013042900000000000e+07,7.580000000000000000e+02,7.615000000000000000e+02,6.635000000000000000e+02,7.335000000000000000e+02,5.335700000000000000e+06
2.013050600000000000e+07,7.335000000000000000e+02,7.480000000000000000e+02,6.935000000000000000e+02,6.980000000000000000e+02,2.287100000000000000e+06
2.013051300000000000e+07,6.905000000000000000e+02,7.210000000000000000e+02,6.271879882812500000e+02,6.335000000000000000e+02,5.216000000000000000e+06
2.013052000000000000e+07,6.405000000000000000e+02,6.915000000000000000e+02,6.000000000000000000e+02,6.485000000000000000e+02,4.789400000000000000e+06
2.013052700000000000e+07,6.485000000000000000e+02,7.000000000000000000e+02,6.410000000000000000e+02,6.905000000000000000e+02,3.347500000000000000e+06
2.013060300000000000e+07,7.035000000000000000e+02,7.181339721679687500e+02,6.645000000000000000e+02,6.755000000000000000e+02,4.864100000000000000e+06
2.013061000000000000e+07,6.820000000000000000e+02,6.820000000000000000e+02,6.080000000000000000e+02,6.495000000000000000e+02,4.851100000000000000e+06
2.013061700000000000e+07,6.620000000000000000e+02,6.620000000000000000e+02,5.140000000000000000e+02,5.255000000000000000e+02,1.064810000000000000e+07
2.013062400000000000e+07,5.250000000000000000e+02,5.250000000000000000e+02,4.395000000000000000e+02,4.533999999999999773e+02,7.005900000000000000e+06
2.013070100000000000e+07,4.600000000000000000e+02,5.135000000000000000e+02,4.600000000000000000e+02,4.723999999999999773e+02,6.786200000000000000e+06
2.013070800000000000e+07,4.706000000000000227e+02,5.310000000000000000e+02,4.617999877929687500e+02,5.060000000000000000e+02,6.427100000000000000e+06
2.013071500000000000e+07,5.090000000000000000e+02,6.100000000000000000e+02,5.045000000000000000e+02,5.970000000000000000e+02,5.192900000000000000e+06
2.013072200000000000e+07,6.045000000000000000e+02,6.460599975585937500e+02,6.020000000000000000e+02,6.255000000000000000e+02,4.141900000000000000e+06
2.013072900000000000e+07,6.300000000000000000e+02,6.915000000000000000e+02,6.145000000000000000e+02,6.705000000000000000e+02,5.742100000000000000e+06
2.013080500000000000e+07,6.590000000000000000e+02,7.235000000000000000e+02,6.215000000000000000e+02,7.165000000000000000e+02,5.981500000000000000e+06
2.013081200000000000e+07,7.210000000000000000e+02,7.860449829101562500e+02,7.146799926757812500e+02,7.835000000000000000e+02,6.352300000000000000e+06
2.013081900000000000e+07,7.910000000000000000e+02,8.120000000000000000e+02,7.555000000000000000e+02,8.095000000000000000e+02,4.605500000000000000e+06
2.013082600000000000e+07,8.095000000000000000e+02,8.095000000000000000e+02,6.680000000000000000e+02,7.555000000000000000e+02,1.030430000000000000e+07
2.013090200000000000e+07,7.545000000000000000e+02,7.740000000000000000e+02,7.244799804687500000e+02,7.690000000000000000e+02,4.278900000000000000e+06
2.013090900000000000e+07,7.720000000000000000e+02,7.810000000000000000e+02,6.980000000000000000e+02,7.095000000000000000e+02,8.020400000000000000e+06
2.013091600000000000e+07,6.885000000000000000e+02,7.840000000000000000e+02,6.320000000000000000e+02,6.690000000000000000e+02,1.203850000000000000e+07
2.013092300000000000e+07,6.810000000000000000e+02,7.025000000000000000e+02,6.450000000000000000e+02,6.700000000000000000e+02,9.839400000000000000e+06
2.013093000000000000e+07,6.545000000000000000e+02,6.625000000000000000e+02,6.120000000000000000e+02,6.240000000000000000e+02,4.818500000000000000e+06
2.013100700000000000e+07,6.160000000000000000e+02,6.255000000000000000e+02,5.515000000000000000e+02,5.590000000000000000e+02,5.523900000000000000e+06
2.013101400000000000e+07,5.635000000000000000e+02,6.055000000000000000e+02,5.180000000000000000e+02,6.010000000000000000e+02,6.051800000000000000e+06
2.013102100000000000e+07,6.060000000000000000e+02,6.295000000000000000e+02,5.845000000000000000e+02,6.125000000000000000e+02,3.287500000000000000e+06
2.013102800000000000e+07,6.195000000000000000e+02,6.235000000000000000e+02,5.600000000000000000e+02,5.665000000000000000e+02,2.902000000000000000e+06
2.013110400000000000e+07,5.625000000000000000e+02,6.105000000000000000e+02,5.590000000000000000e+02,5.675000000000000000e+02,3.777900000000000000e+06
2.013111100000000000e+07,5.685000000000000000e+02,5.735000000000000000e+02,5.250000000000000000e+02,5.580000000000000000e+02,4.151700000000000000e+06
2.013111800000000000e+07,5.500000000000000000e+02,5.670000000000000000e+02,5.000000000000000000e+02,5.240000000000000000e+02,2.950200000000000000e+06
2.013112500000000000e+07,5.210000000000000000e+02,5.505000000000000000e+02,5.000000000000000000e+02,5.335000000000000000e+02,3.207500000000000000e+06
2.013120200000000000e+07,5.315000000000000000e+02,5.410000000000000000e+02,4.700000000000000000e+02,4.981999999999999886e+02,7.315400000000000000e+06
2.013120900000000000e+07,5.035000000000000000e+02,5.263699951171875000e+02,4.810000000000000000e+02,4.963000000000000114e+02,1.043780000000000000e+07
2.013121600000000000e+07,4.981000000000000227e+02,5.265000000000000000e+02,4.703999938964843750e+02,4.931000000000000227e+02,8.979300000000000000e+06
2.013122300000000000e+07,4.891000000000000227e+02,5.760000000000000000e+02,4.758999938964843750e+02,5.650000000000000000e+02,3.321000000000000000e+06
2.013123000000000000e+07,5.620000000000000000e+02,6.020000000000000000e+02,5.586619873046875000e+02,5.910000000000000000e+02,2.606900000000000000e+06
2.014010600000000000e+07,5.880000000000000000e+02,5.880000000000000000e+02,5.270000000000000000e+02,5.300000000000000000e+02,5.433500000000000000e+06
2.014011300000000000e+07,5.295000000000000000e+02,5.580000000000000000e+02,5.010000000000000000e+02,5.390000000000000000e+02,7.720500000000000000e+06
2.014012000000000000e+07,5.435000000000000000e+02,6.035000000000000000e+02,5.402999877929687500e+02,5.960000000000000000e+02,5.573300000000000000e+06
2.014012700000000000e+07,5.940000000000000000e+02,6.100000000000000000e+02,5.685000000000000000e+02,5.775000000000000000e+02,4.694500000000000000e+06
2.014020300000000000e+07,5.780000000000000000e+02,6.000000000000000000e+02,5.695000000000000000e+02,5.935000000000000000e+02,3.153800000000000000e+06
2.014021000000000000e+07,6.005000000000000000e+02,6.615000000000000000e+02,5.980000000000000000e+02,6.575000000000000000e+02,8.190400000000000000e+06
2.014021700000000000e+07,6.665000000000000000e+02,6.900000000000000000e+02,6.305000000000000000e+02,6.600000000000000000e+02,4.876500000000000000e+06
2.014022400000000000e+07,6.615000000000000000e+02,6.630000000000000000e+02,6.292000122070312500e+02,6.335000000000000000e+02,2.625000000000000000e+06
2.014030300000000000e+07,6.180000000000000000e+02,6.290000000000000000e+02,5.505000000000000000e+02,5.650000000000000000e+02,5.420500000000000000e+06
2.014031000000000000e+07,5.650000000000000000e+02,5.725000000000000000e+02,5.400000000000000000e+02,5.695000000000000000e+02,2.887300000000000000e+06
2.014031700000000000e+07,5.735000000000000000e+02,6.395000000000000000e+02,5.680999755859375000e+02,6.265000000000000000e+02,3.593300000000000000e+06
2.014032400000000000e+07,6.295000000000000000e+02,6.305000000000000000e+02,5.800000000000000000e+02,6.155000000000000000e+02,2.355200000000000000e+06
2.014033100000000000e+07,6.050000000000000000e+02,6.450000000000000000e+02,5.960000000000000000e+02,6.260000000000000000e+02,2.705300000000000000e+06
2.014040700000000000e+07,6.175000000000000000e+02,6.420000000000000000e+02,6.012919921875000000e+02,6.125000000000000000e+02,2.624800000000000000e+06
2.014041400000000000e+07,6.160000000000000000e+02,6.415000000000000000e+02,5.955000000000000000e+02,6.135000000000000000e+02,1.293300000000000000e+06
2.014042100000000000e+07,6.135000000000000000e+02,6.195000000000000000e+02,5.865000000000000000e+02,5.915000000000000000e+02,1.297600000000000000e+06
2.014042800000000000e+07,5.925000000000000000e+02,5.995000000000000000e+02,5.400000000000000000e+02,5.620000000000000000e+02,3.297000000000000000e+06
2.014050500000000000e+07,5.620000000000000000e+02,5.770000000000000000e+02,5.430000000000000000e+02,5.525000000000000000e+02,8.136000000000000000e+05
2.014051200000000000e+07,5.600000000000000000e+02,5.895000000000000000e+02,5.390000000000000000e+02,5.600000000000000000e+02,1.391600000000000000e+06
2.014051900000000000e+07,5.650000000000000000e+02,5.765000000000000000e+02,4.922999877929687500e+02,5.085000000000000000e+02,4.888100000000000000e+06
2.014052600000000000e+07,5.085000000000000000e+02,5.370000000000000000e+02,5.065000000000000000e+02,5.230000000000000000e+02,2.552000000000000000e+06
2.014060200000000000e+07,5.280000000000000000e+02,5.495000000000000000e+02,5.135200195312500000e+02,5.485000000000000000e+02,1.661300000000000000e+06
2.014060900000000000e+07,5.485000000000000000e+02,5.600000000000000000e+02,5.290000000000000000e+02,5.380000000000000000e+02,1.772600000000000000e+06
2.014061600000000000e+07,5.380000000000000000e+02,5.750000000000000000e+02,5.165000000000000000e+02,5.635000000000000000e+02,4.627600000000000000e+06
2.014062300000000000e+07,5.695000000000000000e+02,5.840000000000000000e+02,5.475000000000000000e+02,5.685000000000000000e+02,1.531700000000000000e+06
2.014063000000000000e+07,5.645000000000000000e+02,6.035000000000000000e+02,5.620000000000000000e+02,5.860000000000000000e+02,2.143200000000000000e+06
2.014070700000000000e+07,5.795000000000000000e+02,5.870000000000000000e+02,5.595000000000000000e+02,5.645000000000000000e+02,1.650200000000000000e+06
2.014071400000000000e+07,5.650000000000000000e+02,5.765000000000000000e+02,5.190000000000000000e+02,5.320000000000000000e+02,2.066200000000000000e+06
2.014072100000000000e+07,5.235000000000000000e+02,5.535000000000000000e+02,5.202589721679687500e+02,5.420000000000000000e+02,1.079400000000000000e+06
2.014072800000000000e+07,5.355000000000000000e+02,5.495000000000000000e+02,4.942000122070312500e+02,5.085000000000000000e+02,1.734700000000000000e+06
2.014080400000000000e+07,5.135000000000000000e+02,5.430000000000000000e+02,5.010000000000000000e+02,5.155000000000000000e+02,7.517000000000000000e+06
2.014081100000000000e+07,5.245000000000000000e+02,5.563200073242187500e+02,5.205000000000000000e+02,5.420000000000000000e+02,1.240000000000000000e+06
2.014081800000000000e+07,5.440000000000000000e+02,5.505000000000000000e+02,5.080000000000000000e+02,5.165000000000000000e+02,1.510000000000000000e+06
2.014082500000000000e+07,5.165000000000000000e+02,5.465000000000000000e+02,5.020000000000000000e+02,5.410000000000000000e+02,1.821100000000000000e+06
2.014090100000000000e+07,5.425000000000000000e+02,5.475000000000000000e+02,5.165000000000000000e+02,5.190000000000000000e+02,1.682600000000000000e+06
2.014090800000000000e+07,5.240000000000000000e+02,5.480000000000000000e+02,3.151809997558593750e+02,5.050000000000000000e+02,1.789700000000000000e+06
2.014091500000000000e+07,5.010000000000000000e+02,5.100000000000000000e+02,4.715000000000000000e+02,4.758000000000000114e+02,3.595300000000000000e+06
2.014092200000000000e+07,4.756999999999999886e+02,4.985000000000000000e+02,4.667000122070312500e+02,4.775000000000000000e+02,3.126900000000000000e+06
2.014092900000000000e+07,4.761000000000000227e+02,5.205000000000000000e+02,4.705000000000000000e+02,4.806000000000000227e+02,4.972100000000000000e+06
2.014100600000000000e+07,4.836000000000000227e+02,4.998999938964843750e+02,4.681000061035156250e+02,4.716000000000000227e+02,2.019800000000000000e+06
2.014101300000000000e+07,4.748000000000000114e+02,5.035000000000000000e+02,4.637000122070312500e+02,4.821999999999999886e+02,1.974800000000000000e+06
2.014102000000000000e+07,4.796000000000000227e+02,4.831000061035156250e+02,4.500000000000000000e+02,4.681999999999999886e+02,2.477300000000000000e+06
2.014102700000000000e+07,4.690000000000000000e+02,5.321699829101562500e+02,4.683200073242187500e+02,5.150000000000000000e+02,1.006720000000000000e+07
2.014110300000000000e+07,5.090000000000000000e+02,5.550000000000000000e+02,5.085000000000000000e+02,5.345000000000000000e+02,5.660100000000000000e+06
2.014111000000000000e+07,5.325000000000000000e+02,5.530000000000000000e+02,5.135000000000000000e+02,5.235000000000000000e+02,2.947900000000000000e+06
2.014111700000000000e+07,5.215000000000000000e+02,5.675000000000000000e+02,5.170000000000000000e+02,5.540000000000000000e+02,3.457400000000000000e+06
2.014112400000000000e+07,5.595000000000000000e+02,6.065000000000000000e+02,5.370000000000000000e+02,5.990000000000000000e+02,7.245800000000000000e+06
2.014120100000000000e+07,5.895000000000000000e+02,6.202399902343750000e+02,5.860000000000000000e+02,5.970000000000000000e+02,8.401400000000000000e+06
2.014120800000000000e+07,5.980000000000000000e+02,6.205000000000000000e+02,5.880000000000000000e+02,5.950000000000000000e+02,7.213400000000000000e+06
2.014121500000000000e+07,5.930000000000000000e+02,6.235000000000000000e+02,5.500000000000000000e+02,5.500000000000000000e+02,1.300600000000000000e+07
2.014122200000000000e+07,5.615000000000000000e+02,5.905000000000000000e+02,5.341500244140625000e+02,5.440000000000000000e+02,1.349900000000000000e+06
2.014122900000000000e+07,5.565000000000000000e+02,5.840000000000000000e+02,5.390000000000000000e+02,5.690000000000000000e+02,1.822500000000000000e+06
2.015010500000000000e+07,5.650000000000000000e+02,6.000000000000000000e+02,5.505000000000000000e+02,5.850000000000000000e+02,1.891100000000000000e+06
2.015011200000000000e+07,5.825000000000000000e+02,5.980000000000000000e+02,5.385000000000000000e+02,5.870000000000000000e+02,2.468800000000000000e+06
2.015011900000000000e+07,5.945000000000000000e+02,6.295000000000000000e+02,5.835000000000000000e+02,6.125000000000000000e+02,3.269300000000000000e+06
2.015012600000000000e+07,6.110000000000000000e+02,6.175000000000000000e+02,5.850000000000000000e+02,5.975000000000000000e+02,1.565900000000000000e+06
2.015020200000000000e+07,5.915000000000000000e+02,6.090000000000000000e+02,5.830000000000000000e+02,5.850000000000000000e+02,1.783800000000000000e+06
2.015020900000000000e+07,5.725000000000000000e+02,6.340000000000000000e+02,5.725000000000000000e+02,6.000000000000000000e+02,1.938500000000000000e+06
2.015021600000000000e+07,5.920000000000000000e+02,6.055000000000000000e+02,5.800000000000000000e+02,5.970000000000000000e+02,1.181500000000000000e+06
2.015022300000000000e+07,5.935000000000000000e+02,5.940000000000000000e+02,5.585000000000000000e+02,5.690000000000000000e+02,1.334500000000000000e+06
2.015030200000000000e+07,5.605000000000000000e+02,5.745000000000000000e+02,5.380000000000000000e+02,5.450000000000000000e+02,1.222900000000000000e+06
2.015030900000000000e+07,5.330000000000000000e+02,5.435000000000000000e+02,5.010000000000000000e+02,5.215000000000000000e+02,1.854700000000000000e+06
2.015031600000000000e+07,5.190000000000000000e+02,5.400000000000000000e+02,4.996000061035156250e+02,5.380000000000000000e+02,1.619100000000000000e+06
2.015032300000000000e+07,5.445000000000000000e+02,5.870000000000000000e+02,5.385000000000000000e+02,5.640000000000000000e+02,1.901800000000000000e+06
2.015033000000000000e+07,5.690000000000000000e+02,5.865000000000000000e+02,5.535000000000000000e+02,5.690000000000000000e+02,1.811000000000000000e+07
2.015040600000000000e+07,5.690000000000000000e+02,5.905000000000000000e+02,5.690000000000000000e+02,5.785000000000000000e+02,1.152400000000000000e+06
2.015041300000000000e+07,5.765000000000000000e+02,5.865000000000000000e+02,5.540000000000000000e+02,5.610000000000000000e+02,2.258600000000000000e+06
2.015042000000000000e+07,5.650000000000000000e+02,5.695000000000000000e+02,5.295000000000000000e+02,5.515000000000000000e+02,2.863700000000000000e+06
2.015042700000000000e+07,5.530000000000000000e+02,5.550000000000000000e+02,5.185000000000000000e+02,5.360000000000000000e+02,1.532700000000000000e+06
2.015050400000000000e+07,5.360000000000000000e+02,5.775000000000000000e+02,5.270000000000000000e+02,5.635000000000000000e+02,1.839400000000000000e+06
2.015051100000000000e+07,5.570000000000000000e+02,5.725000000000000000e+02,5.425000000000000000e+02,5.520000000000000000e+02,1.042300000000000000e+06
2.015051800000000000e+07,5.500000000000000000e+02,5.720000000000000000e+02,5.450000000000000000e+02,5.580000000000000000e+02,1.019000000000000000e+06
2.015052500000000000e+07,5.580000000000000000e+02,5.670000000000000000e+02,5.420000000000000000e+02,5.570000000000000000e+02,1.024100000000000000e+06
2.015060100000000000e+07,5.540000000000000000e+02,5.730000000000000000e+02,5.255000000000000000e+02,5.330000000000000000e+02,1.106100000000000000e+06
2.015060800000000000e+07,5.410000000000000000e+02,5.460000000000000000e+02,5.270000000000000000e+02,5.390000000000000000e+02,6.792000000000000000e+05
2.015061500000000000e+07,5.330000000000000000e+02,5.735000000000000000e+02,5.330000000000000000e+02,5.550000000000000000e+02,1.449200000000000000e+06
2.015062200000000000e+07,5.550000000000000000e+02,5.575000000000000000e+02,5.250000000000000000e+02,5.365000000000000000e+02,8.129000000000000000e+05
2.015062900000000000e+07,5.230000000000000000e+02,5.345000000000000000e+02,5.100000000000000000e+02,5.170000000000000000e+02,1.066700000000000000e+06
2.015070600000000000e+07,5.080000000000000000e+02,5.155000000000000000e+02,4.762999877929687500e+02,4.966999999999999886e+02,9.864000000000000000e+05
2.015071300000000000e+07,4.840000000000000000e+02,5.125000000000000000e+02,4.747000122070312500e+02,4.756999999999999886e+02,1.133000000000000000e+06
2.015072000000000000e+07,4.740000000000000000e+02,4.851000061035156250e+02,4.472000122070312500e+02,4.486999999999999886e+02,1.074000000000000000e+06
2.015072700000000000e+07,4.588999999999999773e+02,4.683999938964843750e+02,4.242000122070312500e+02,4.530000000000000000e+02,1.477400000000000000e+06
2.015080300000000000e+07,4.415000000000000000e+02,4.477000122070312500e+02,4.242000122070312500e+02,4.346000000000000227e+02,7.474000000000000000e+05
2.015081000000000000e+07,4.395000000000000000e+02,4.636000061035156250e+02,4.332000122070312500e+02,4.556000000000000227e+02,1.158700000000000000e+06
2.015081700000000000e+07,4.616000000000000227e+02,4.870000000000000000e+02,4.472999877929687500e+02,4.853000000000000114e+02,1.676300000000000000e+06
2.015082400000000000e+07,4.738999999999999773e+02,4.855000000000000000e+02,4.410000000000000000e+02,4.825000000000000000e+02,1.981500000000000000e+06
2.015083100000000000e+07,4.825000000000000000e+02,4.887999877929687500e+02,4.612000122070312500e+02,4.661999999999999886e+02,6.179000000000000000e+05
2.015090700000000000e+07,4.776999999999999886e+02,5.360000000000000000e+02,4.571000061035156250e+02,5.205000000000000000e+02,1.145200000000000000e+06
2.015091400000000000e+07,5.300000000000000000e+02,5.665000000000000000e+02,5.200000000000000000e+02,5.505000000000000000e+02,3.586600000000000000e+06
2.015092100000000000e+07,5.360000000000000000e+02,5.650000000000000000e+02,5.295000000000000000e+02,5.490000000000000000e+02,1.305100000000000000e+06
2.015092800000000000e+07,5.500000000000000000e+02,5.840000000000000000e+02,5.380000000000000000e+02,5.795000000000000000e+02,1.188400000000000000e+06
2.015100500000000000e+07,5.800000000000000000e+02,6.010000000000000000e+02,5.700000000000000000e+02,5.890000000000000000e+02,2.291400000000000000e+06
2.015101200000000000e+07,5.900000000000000000e+02,6.015000000000000000e+02,5.790000000000000000e+02,5.960000000000000000e+02,1.441900000000000000e+06
2.015101900000000000e+07,5.935000000000000000e+02,6.040000000000000000e+02,5.725000000000000000e+02,5.935000000000000000e+02,9.215000000000000000e+05
2.015102600000000000e+07,5.835000000000000000e+02,5.975000000000000000e+02,5.610000000000000000e+02,5.745000000000000000e+02,1.144100000000000000e+06
2.015110200000000000e+07,5.805000000000000000e+02,5.900000000000000000e+02,5.595000000000000000e+02,5.680000000000000000e+02,7.569000000000000000e+05
2.015110900000000000e+07,5.530000000000000000e+02,5.840000000000000000e+02,5.380000000000000000e+02,5.505000000000000000e+02,1.019100000000000000e+06
2.015111600000000000e+07,5.500000000000000000e+02,5.905000000000000000e+02,5.485000000000000000e+02,5.570000000000000000e+02,1.501800000000000000e+06
2.015112300000000000e+07,5.520000000000000000e+02,5.645000000000000000e+02,5.320000000000000000e+02,5.400000000000000000e+02,8.830000000000000000e+05
2.015113000000000000e+07,5.370000000000000000e+02,5.395000000000000000e+02,5.175000000000000000e+02,5.215000000000000000e+02,7.622000000000000000e+05
2.015120700000000000e+07,5.320000000000000000e+02,5.370000000000000000e+02,4.972000122070312500e+02,5.140000000000000000e+02,2.689000000000000000e+06
2.015121400000000000e+07,5.250000000000000000e+02,5.585000000000000000e+02,5.145000000000000000e+02,5.210000000000000000e+02,2.858500000000000000e+06
2.015122100000000000e+07,5.165000000000000000e+02,5.875000000000000000e+02,5.165000000000000000e+02,5.780000000000000000e+02,1.638700000000000000e+06
2.016010400000000000e+07,5.850000000000000000e+02,5.850000000000000000e+02,5.525000000000000000e+02,5.725000000000000000e+02,2.430000000000000000e+06
2.016011100000000000e+07,5.630000000000000000e+02,5.750000000000000000e+02,5.225000000000000000e+02,5.375000000000000000e+02,1.761200000000000000e+06
2.016011800000000000e+07,5.345000000000000000e+02,5.435000000000000000e+02,5.110000000000000000e+02,5.335000000000000000e+02,1.580800000000000000e+06
2.016012500000000000e+07,5.475000000000000000e+02,5.820000000000000000e+02,5.290000000000000000e+02,5.750000000000000000e+02,1.714600000000000000e+06
2.016020100000000000e+07,5.785000000000000000e+02,6.355000000000000000e+02,5.695000000000000000e+02,6.100000000000000000e+02,2.456200000000000000e+06
2.016020800000000000e+07,6.120000000000000000e+02,6.259790039062500000e+02,5.900000000000000000e+02,6.150000000000000000e+02,3.828300000000000000e+06
2.016021500000000000e+07,6.190000000000000000e+02,6.525000000000000000e+02,5.973200073242187500e+02,6.400000000000000000e+02,2.932300000000000000e+06
2.016022200000000000e+07,6.510000000000000000e+02,6.650000000000000000e+02,6.175000000000000000e+02,6.500000000000000000e+02,3.428400000000000000e+06
