2.006021300000000000e+07,2.120000000000000000e+02,2.215000000000000000e+02,2.050000000000000000e+02,2.055000000000000000e+02,7.846890400000000000e+07
2.006022000000000000e+07,2.070000000000000000e+02,2.103500061035156250e+02,2.025000000000000000e+02,2.040000000000000000e+02,2.752660000000000000e+07
2.006022700000000000e+07,2.050000000000000000e+02,2.063000030517578125e+02,1.951000061035156250e+02,1.995000000000000000e+02,3.024430000000000000e+07
2.006030600000000000e+07,2.000000000000000000e+02,2.040000000000000000e+02,1.932200012207031250e+02,2.000000000000000000e+02,1.923170000000000000e+07
2.006031300000000000e+07,1.990000000000000000e+02,2.056300048828125000e+02,1.950000000000000000e+02,1.970000000000000000e+02,1.632610000000000000e+07
2.006032000000000000e+07,1.980000000000000000e+02,2.000000000000000000e+02,1.816000061035156250e+02,1.942500000000000000e+02,3.839220000000000000e+07
2.006032700000000000e+07,1.915000000000000000e+02,1.965000000000000000e+02,9.412500000000000000e+01,1.952500000000000000e+02,4.365790000000000000e+07
2.006040300000000000e+07,1.967500000000000000e+02,1.980000000000000000e+02,1.900000000000000000e+02,1.940000000000000000e+02,1.862480000000000000e+07
2.006041000000000000e+07,1.935000000000000000e+02,1.983999938964843750e+02,1.902500000000000000e+02,1.940000000000000000e+02,1.502010000000000000e+07
2.006041700000000000e+07,1.940000000000000000e+02,2.050000000000000000e+02,1.940000000000000000e+02,2.025000000000000000e+02,8.102400000000000000e+06
2.006042400000000000e+07,2.012500000000000000e+02,2.050000000000000000e+02,1.928800048828125000e+02,2.015000000000000000e+02,1.040580000000000000e+07
2.006050100000000000e+07,2.015000000000000000e+02,2.057500000000000000e+02,1.990000000000000000e+02,2.020000000000000000e+02,1.474270000000000000e+07
2.006050800000000000e+07,2.005000000000000000e+02,2.024400024414062500e+02,1.910000000000000000e+02,1.945000000000000000e+02,1.406120000000000000e+07
2.006051500000000000e+07,1.925000000000000000e+02,2.000000000000000000e+02,1.800000000000000000e+02,1.870000000000000000e+02,8.756000000000000000e+06
2.006052200000000000e+07,1.842500000000000000e+02,1.876900024414062500e+02,1.614750061035156250e+02,1.700000000000000000e+02,1.820030000000000000e+07
2.006052900000000000e+07,1.700000000000000000e+02,1.764400024414062500e+02,1.661600036621093750e+02,1.685000000000000000e+02,6.017000000000000000e+06
2.006060500000000000e+07,1.700000000000000000e+02,1.760000000000000000e+02,1.591999969482421875e+02,1.667500000000000000e+02,2.878130000000000000e+07
2.006061200000000000e+07,1.670000000000000000e+02,1.788500061035156250e+02,1.620000000000000000e+02,1.710000000000000000e+02,3.862030000000000000e+07
2.006061900000000000e+07,1.752500000000000000e+02,1.770899963378906250e+02,1.603099975585937500e+02,1.755000000000000000e+02,1.748030000000000000e+07
2.006062600000000000e+07,1.740000000000000000e+02,1.787500000000000000e+02,1.645000000000000000e+02,1.767500000000000000e+02,1.626850000000000000e+07
2.006070300000000000e+07,1.792500000000000000e+02,1.795000000000000000e+02,1.657700042724609375e+02,1.712500000000000000e+02,8.604400000000000000e+06
2.006071000000000000e+07,1.705000000000000000e+02,2.150000000000000000e+02,1.603999938964843750e+02,1.640000000000000000e+02,8.653200000000000000e+06
2.006071700000000000e+07,1.612500000000000000e+02,1.709499969482421875e+02,1.600000000000000000e+02,1.657500000000000000e+02,8.804300000000000000e+06
2.006072400000000000e+07,1.670000000000000000e+02,1.695000000000000000e+02,1.507500000000000000e+02,1.650000000000000000e+02,7.253400000000000000e+06
2.006073100000000000e+07,1.670000000000000000e+02,1.723000030517578125e+02,1.630899963378906250e+02,1.660000000000000000e+02,1.064210000000000000e+07
2.006080700000000000e+07,1.632500000000000000e+02,1.692500000000000000e+02,1.600000000000000000e+02,1.635000000000000000e+02,9.455200000000000000e+06
2.006081400000000000e+07,1.610000000000000000e+02,1.683000030517578125e+02,1.600000000000000000e+02,1.652500000000000000e+02,3.817300000000000000e+06
2.006082100000000000e+07,1.645000000000000000e+02,1.743450012207031250e+02,1.604299926757812500e+02,1.650000000000000000e+02,5.326600000000000000e+06
2.006082800000000000e+07,1.650000000000000000e+02,1.680000000000000000e+02,1.613000030517578125e+02,1.647500000000000000e+02,4.077800000000000000e+06
2.006090400000000000e+07,1.672500000000000000e+02,1.795000000000000000e+02,1.602500000000000000e+02,1.715000000000000000e+02,1.384230000000000000e+07
2.006091100000000000e+07,1.682500000000000000e+02,1.842500000000000000e+02,1.534199981689453125e+02,1.835000000000000000e+02,1.649070000000000000e+07
2.006091800000000000e+07,1.805000000000000000e+02,1.893800048828125000e+02,1.705000000000000000e+02,1.760000000000000000e+02,1.133530000000000000e+07
2.006092500000000000e+07,1.835000000000000000e+02,1.835000000000000000e+02,1.690000000000000000e+02,1.740000000000000000e+02,1.245420000000000000e+07
2.006100200000000000e+07,1.780000000000000000e+02,1.845000000000000000e+02,1.670000000000000000e+02,1.765000000000000000e+02,1.127820000000000000e+07
2.006100900000000000e+07,1.730000000000000000e+02,1.838000030517578125e+02,1.613000030517578125e+02,1.810000000000000000e+02,1.032160000000000000e+07
2.006101600000000000e+07,1.795000000000000000e+02,1.901199951171875000e+02,1.619329986572265625e+02,1.875000000000000000e+02,1.092370000000000000e+07
2.006102300000000000e+07,1.860000000000000000e+02,1.888699951171875000e+02,1.803930053710937500e+02,1.825000000000000000e+02,4.486200000000000000e+06
2.006103000000000000e+07,1.852500000000000000e+02,1.914850006103515625e+02,1.792599945068359375e+02,1.817500000000000000e+02,8.074900000000000000e+06
2.006110600000000000e+07,1.855000000000000000e+02,1.928099975585937500e+02,1.822500000000000000e+02,1.907500000000000000e+02,1.251190000000000000e+07
2.006111300000000000e+07,1.930000000000000000e+02,1.964499969482421875e+02,1.860000000000000000e+02,1.875000000000000000e+02,1.386740000000000000e+07
2.006112000000000000e+07,1.855000000000000000e+02,1.897299957275390625e+02,1.682500000000000000e+02,1.800000000000000000e+02,2.371230000000000000e+07
2.006112700000000000e+07,1.827500000000000000e+02,1.935000000000000000e+02,1.670000000000000000e+02,1.890000000000000000e+02,1.325010000000000000e+07
2.006120400000000000e+07,1.885000000000000000e+02,1.940500030517578125e+02,1.792630004882812500e+02,1.897500000000000000e+02,1.210210000000000000e+07
2.006121100000000000e+07,1.912500000000000000e+02,1.965800018310546875e+02,1.870000000000000000e+02,1.922500000000000000e+02,1.069950000000000000e+07
2.006121800000000000e+07,1.925000000000000000e+02,1.945000000000000000e+02,1.870000000000000000e+02,1.870000000000000000e+02,7.708600000000000000e+06
2.006122500000000000e+07,1.870000000000000000e+02,1.947500000000000000e+02,1.618000030517578125e+02,1.915000000000000000e+02,1.429200000000000000e+06
2.007010100000000000e+07,1.915000000000000000e+02,2.050000000000000000e+02,1.915000000000000000e+02,1.965000000000000000e+02,1.640830000000000000e+07
2.007010800000000000e+07,1.980000000000000000e+02,2.040000000000000000e+02,1.960000000000000000e+02,2.007500000000000000e+02,1.584010000000000000e+07
2.007011500000000000e+07,2.032500000000000000e+02,2.152500000000000000e+02,2.011199951171875000e+02,2.152500000000000000e+02,3.037960000000000000e+07
2.007012200000000000e+07,2.130000000000000000e+02,2.195000000000000000e+02,2.002500000000000000e+02,2.050000000000000000e+02,1.917540000000000000e+07
2.007012900000000000e+07,2.070000000000000000e+02,2.153020019531250000e+02,2.035000000000000000e+02,2.050000000000000000e+02,8.587900000000000000e+06
2.007020500000000000e+07,2.050000000000000000e+02,2.119400024414062500e+02,2.025200042724609375e+02,2.070000000000000000e+02,1.754620160000000000e+08
2.007021200000000000e+07,2.050000000000000000e+02,2.100000000000000000e+02,1.060000000000000000e+02,2.072500000000000000e+02,6.348690000000000000e+07
2.007021900000000000e+07,2.085000000000000000e+02,2.090749969482421875e+02,1.877500000000000000e+02,1.960000000000000000e+02,1.292870000000000000e+07
2.007022600000000000e+07,1.977500000000000000e+02,2.000000000000000000e+02,1.900000000000000000e+02,1.947500000000000000e+02,1.373620000000000000e+07
2.007030500000000000e+07,1.902500000000000000e+02,1.986999969482421875e+02,1.886499938964843750e+02,1.945000000000000000e+02,2.383790000000000000e+07
2.007031200000000000e+07,1.967500000000000000e+02,1.996000061035156250e+02,1.858000030517578125e+02,1.910000000000000000e+02,1.028550000000000000e+07
2.007031900000000000e+07,1.927500000000000000e+02,1.950000000000000000e+02,1.830000000000000000e+02,1.847500000000000000e+02,1.809930000000000000e+07
2.007032600000000000e+07,1.875000000000000000e+02,1.897500000000000000e+02,1.773999938964843750e+02,1.872500000000000000e+02,1.150100000000000000e+07
2.007040200000000000e+07,1.882500000000000000e+02,1.925000000000000000e+02,1.830000000000000000e+02,1.890000000000000000e+02,1.387810000000000000e+07
2.007040900000000000e+07,1.890000000000000000e+02,1.922500000000000000e+02,1.870000000000000000e+02,1.895000000000000000e+02,5.141900000000000000e+06
2.007041600000000000e+07,1.890000000000000000e+02,1.915000000000000000e+02,1.840000000000000000e+02,1.860000000000000000e+02,9.918400000000000000e+06
2.007042300000000000e+07,1.860000000000000000e+02,1.907500000000000000e+02,1.845500030517578125e+02,1.895000000000000000e+02,1.513610000000000000e+07
2.007043000000000000e+07,1.885000000000000000e+02,1.925299987792968750e+02,1.875000000000000000e+02,1.887500000000000000e+02,9.197400000000000000e+06
2.007050700000000000e+07,1.887500000000000000e+02,1.908899993896484375e+02,1.862500000000000000e+02,1.882500000000000000e+02,1.258530000000000000e+07
2.007051400000000000e+07,1.910000000000000000e+02,1.952500000000000000e+02,1.861199951171875000e+02,1.922500000000000000e+02,8.862500000000000000e+06
2.007052100000000000e+07,1.937500000000000000e+02,1.975000000000000000e+02,1.900000000000000000e+02,1.960000000000000000e+02,1.246780000000000000e+07
2.007052800000000000e+07,1.960000000000000000e+02,2.040000000000000000e+02,1.951150054931640625e+02,1.990000000000000000e+02,1.468940000000000000e+07
2.007060400000000000e+07,1.990000000000000000e+02,2.090000000000000000e+02,1.950800018310546875e+02,1.980000000000000000e+02,2.076520000000000000e+07
2.007061100000000000e+07,2.012500000000000000e+02,2.027500000000000000e+02,1.957500000000000000e+02,2.015000000000000000e+02,9.819300000000000000e+06
2.007061800000000000e+07,2.042500000000000000e+02,2.042500000000000000e+02,1.846499938964843750e+02,1.890000000000000000e+02,1.927850000000000000e+07
2.007062500000000000e+07,1.870000000000000000e+02,1.900000000000000000e+02,1.835000000000000000e+02,1.857500000000000000e+02,1.474150000000000000e+07
2.007070200000000000e+07,1.832500000000000000e+02,1.920000000000000000e+02,1.832500000000000000e+02,1.900000000000000000e+02,2.250130000000000000e+07
2.007070900000000000e+07,1.897500000000000000e+02,2.050000000000000000e+02,1.858999938964843750e+02,1.945000000000000000e+02,3.338100000000000000e+07
2.007071600000000000e+07,1.955000000000000000e+02,1.965000000000000000e+02,1.815630035400390625e+02,1.892500000000000000e+02,1.231990000000000000e+07
2.007072300000000000e+07,1.890000000000000000e+02,1.935000000000000000e+02,1.694100036621093750e+02,1.770000000000000000e+02,1.529530000000000000e+07
2.007073000000000000e+07,1.770000000000000000e+02,1.817500000000000000e+02,1.675000000000000000e+02,1.712500000000000000e+02,1.876550000000000000e+07
2.007080600000000000e+07,1.690000000000000000e+02,1.750000000000000000e+02,1.652500000000000000e+02,1.700000000000000000e+02,1.756460000000000000e+07
2.007081300000000000e+07,1.732500000000000000e+02,1.790000000000000000e+02,1.612500000000000000e+02,1.672500000000000000e+02,1.747470000000000000e+07
2.007082000000000000e+07,1.700000000000000000e+02,1.796900024414062500e+02,1.672500000000000000e+02,1.785000000000000000e+02,1.053530000000000000e+07
2.007082700000000000e+07,1.785000000000000000e+02,1.832500000000000000e+02,1.710000000000000000e+02,1.780000000000000000e+02,1.028030000000000000e+07
2.007090300000000000e+07,1.800000000000000000e+02,1.807500000000000000e+02,1.710000000000000000e+02,1.727500000000000000e+02,1.119120000000000000e+07
2.007091000000000000e+07,1.747500000000000000e+02,1.760000000000000000e+02,1.608000030517578125e+02,1.680000000000000000e+02,7.769700000000000000e+06
2.007091700000000000e+07,1.627500000000000000e+02,1.749499969482421875e+02,1.614380035400390625e+02,1.662500000000000000e+02,1.568550000000000000e+07
2.007092400000000000e+07,1.645000000000000000e+02,1.787500000000000000e+02,1.630000000000000000e+02,1.752500000000000000e+02,1.623200000000000000e+07
2.007100100000000000e+07,1.730000000000000000e+02,1.800000000000000000e+02,1.690500030517578125e+02,1.780000000000000000e+02,7.102100000000000000e+06
2.007100800000000000e+07,1.780000000000000000e+02,1.820000000000000000e+02,1.715000000000000000e+02,1.810000000000000000e+02,7.503300000000000000e+06
2.007101500000000000e+07,1.825000000000000000e+02,1.914299926757812500e+02,1.787500000000000000e+02,1.800000000000000000e+02,1.460790000000000000e+07
2.007102200000000000e+07,1.730000000000000000e+02,1.882500000000000000e+02,1.730000000000000000e+02,1.852500000000000000e+02,8.281000000000000000e+06
2.007102900000000000e+07,1.857500000000000000e+02,1.970000000000000000e+02,1.826900024414062500e+02,1.865000000000000000e+02,6.344700000000000000e+06
2.007110500000000000e+07,1.900000000000000000e+02,1.920000000000000000e+02,1.730000000000000000e+02,1.747500000000000000e+02,5.451100000000000000e+06
2.007111200000000000e+07,1.812500000000000000e+02,1.862500000000000000e+02,1.765000000000000000e+02,1.800000000000000000e+02,5.662800000000000000e+06
2.007111900000000000e+07,1.767500000000000000e+02,1.820000000000000000e+02,1.692500000000000000e+02,1.742500000000000000e+02,5.182000000000000000e+06
2.007112600000000000e+07,1.767500000000000000e+02,1.865000000000000000e+02,1.675000000000000000e+02,1.822500000000000000e+02,9.231700000000000000e+06
2.007120300000000000e+07,1.820000000000000000e+02,1.875000000000000000e+02,1.730000000000000000e+02,1.850000000000000000e+02,9.349800000000000000e+06
2.007121000000000000e+07,1.857500000000000000e+02,1.985000000000000000e+02,1.810000000000000000e+02,1.880000000000000000e+02,9.721500000000000000e+06
2.007121700000000000e+07,1.842500000000000000e+02,1.977500000000000000e+02,1.812500000000000000e+02,1.950000000000000000e+02,7.376600000000000000e+06
2.007122400000000000e+07,1.940000000000000000e+02,1.985000000000000000e+02,1.932500000000000000e+02,1.962500000000000000e+02,1.507300000000000000e+06
2.007123100000000000e+07,1.947500000000000000e+02,2.020000000000000000e+02,1.937500000000000000e+02,1.952500000000000000e+02,4.043700000000000000e+06
2.008010700000000000e+07,1.952500000000000000e+02,2.140000000000000000e+02,1.915000000000000000e+02,1.987500000000000000e+02,2.076970000000000000e+07
2.008011400000000000e+07,1.980000000000000000e+02,2.045000000000000000e+02,1.857500000000000000e+02,1.905000000000000000e+02,1.307100000000000000e+07
2.008012100000000000e+07,1.870000000000000000e+02,1.950000000000000000e+02,1.745000000000000000e+02,1.832500000000000000e+02,1.532060000000000000e+07
2.008012800000000000e+07,1.822500000000000000e+02,1.950000000000000000e+02,1.805879974365234375e+02,1.947500000000000000e+02,8.505500000000000000e+06
2.008020400000000000e+07,1.960000000000000000e+02,2.037500000000000000e+02,1.880000000000000000e+02,1.922500000000000000e+02,1.133790000000000000e+07
2.008021100000000000e+07,1.920000000000000000e+02,2.025000000000000000e+02,1.893999938964843750e+02,1.947500000000000000e+02,7.722300000000000000e+06
2.008021800000000000e+07,1.947500000000000000e+02,1.992500000000000000e+02,1.915000000000000000e+02,1.930000000000000000e+02,7.346600000000000000e+06
2.008022500000000000e+07,1.967500000000000000e+02,2.012500000000000000e+02,1.912500000000000000e+02,1.982500000000000000e+02,7.546200000000000000e+06
2.008030300000000000e+07,1.945000000000000000e+02,1.990000000000000000e+02,1.852500000000000000e+02,1.892500000000000000e+02,8.865700000000000000e+06
2.008031000000000000e+07,1.900000000000000000e+02,1.970000000000000000e+02,1.857500000000000000e+02,1.882500000000000000e+02,7.484700000000000000e+06
2.008031700000000000e+07,1.840000000000000000e+02,1.919499969482421875e+02,1.767500000000000000e+02,1.810000000000000000e+02,7.167000000000000000e+06
2.008032400000000000e+07,1.810000000000000000e+02,1.962500000000000000e+02,1.707500000000000000e+02,1.907500000000000000e+02,6.559300000000000000e+06
2.008033100000000000e+07,1.877500000000000000e+02,2.057500000000000000e+02,1.872500000000000000e+02,2.007500000000000000e+02,7.472300000000000000e+06
2.008040700000000000e+07,2.027500000000000000e+02,2.027500000000000000e+02,1.867500000000000000e+02,1.885000000000000000e+02,6.531300000000000000e+06
2.008041400000000000e+07,1.862500000000000000e+02,1.907500000000000000e+02,1.800000000000000000e+02,1.900000000000000000e+02,7.401700000000000000e+06
2.008042100000000000e+07,1.890000000000000000e+02,2.010000000000000000e+02,1.855000000000000000e+02,2.000000000000000000e+02,9.331900000000000000e+06
2.008042800000000000e+07,1.995000000000000000e+02,2.000000000000000000e+02,1.922500000000000000e+02,1.980000000000000000e+02,4.233100000000000000e+06
2.008050500000000000e+07,1.980000000000000000e+02,2.000000000000000000e+02,1.950000000000000000e+02,1.952500000000000000e+02,2.803800000000000000e+06
2.008051200000000000e+07,1.947500000000000000e+02,1.987500000000000000e+02,1.840000000000000000e+02,1.885000000000000000e+02,6.916800000000000000e+06
2.008051900000000000e+07,1.905000000000000000e+02,1.952500000000000000e+02,1.853999938964843750e+02,1.930000000000000000e+02,6.538800000000000000e+06
2.008052600000000000e+07,1.930000000000000000e+02,2.087500000000000000e+02,1.922500000000000000e+02,2.070000000000000000e+02,1.254460000000000000e+07
2.008060200000000000e+07,2.067500000000000000e+02,2.095000000000000000e+02,1.995000000000000000e+02,1.995000000000000000e+02,8.622100000000000000e+06
2.008060900000000000e+07,1.995000000000000000e+02,2.443090057373046875e+02,1.972500000000000000e+02,2.040000000000000000e+02,9.093500000000000000e+06
2.008061600000000000e+07,2.040000000000000000e+02,2.085000000000000000e+02,1.845000000000000000e+02,1.972500000000000000e+02,1.412170000000000000e+07
2.008062300000000000e+07,1.970000000000000000e+02,2.035000000000000000e+02,1.940000000000000000e+02,2.000000000000000000e+02,9.050700000000000000e+06
2.008063000000000000e+07,1.980000000000000000e+02,2.070000000000000000e+02,1.910000000000000000e+02,1.920000000000000000e+02,1.002470000000000000e+07
2.008070700000000000e+07,1.947500000000000000e+02,2.040000000000000000e+02,1.900000000000000000e+02,1.902500000000000000e+02,7.387700000000000000e+06
2.008071400000000000e+07,1.917500000000000000e+02,2.010000000000000000e+02,1.900000000000000000e+02,1.990000000000000000e+02,1.047720000000000000e+07
2.008072100000000000e+07,1.977500000000000000e+02,2.047500000000000000e+02,1.940000000000000000e+02,2.030000000000000000e+02,6.998100000000000000e+06
2.008072800000000000e+07,2.030000000000000000e+02,2.040000000000000000e+02,1.960000000000000000e+02,2.002500000000000000e+02,6.696300000000000000e+06
2.008080400000000000e+07,2.057500000000000000e+02,2.095000000000000000e+02,1.967500000000000000e+02,2.070000000000000000e+02,6.744100000000000000e+06
2.008081100000000000e+07,2.065000000000000000e+02,2.110000000000000000e+02,2.010000000000000000e+02,2.085000000000000000e+02,8.450100000000000000e+06
2.008081800000000000e+07,2.087500000000000000e+02,2.200000000000000000e+02,2.042500000000000000e+02,2.170000000000000000e+02,9.084800000000000000e+06
2.008090100000000000e+07,2.222500000000000000e+02,2.352500000000000000e+02,2.145000000000000000e+02,2.180000000000000000e+02,8.507300000000000000e+06
2.008090800000000000e+07,2.240000000000000000e+02,2.305000000000000000e+02,2.030000000000000000e+02,2.180000000000000000e+02,2.763925760000000000e+08
2.008091500000000000e+07,2.152500000000000000e+02,2.250000000000000000e+02,2.060000000000000000e+02,2.227500000000000000e+02,2.664350000000000000e+07
2.008092200000000000e+07,2.220000000000000000e+02,2.305000000000000000e+02,2.050000000000000000e+02,2.075000000000000000e+02,9.651700000000000000e+06
2.008092900000000000e+07,2.052500000000000000e+02,2.122500000000000000e+02,1.857500000000000000e+02,2.017500000000000000e+02,1.715990000000000000e+07
2.008100600000000000e+07,1.970000000000000000e+02,2.010000000000000000e+02,1.560000000000000000e+02,1.700000000000000000e+02,1.708810000000000000e+07
2.008101300000000000e+07,1.742500000000000000e+02,1.849499969482421875e+02,1.595000000000000000e+02,1.675000000000000000e+02,1.309440000000000000e+07
2.008102000000000000e+07,1.707500000000000000e+02,1.832500000000000000e+02,1.587500000000000000e+02,1.665000000000000000e+02,8.099400000000000000e+06
2.008102700000000000e+07,1.592500000000000000e+02,1.790000000000000000e+02,1.517500000000000000e+02,1.700000000000000000e+02,1.031240000000000000e+07
2.008110300000000000e+07,1.715000000000000000e+02,1.750000000000000000e+02,1.532500000000000000e+02,1.657500000000000000e+02,9.236200000000000000e+06
2.008111000000000000e+07,1.700000000000000000e+02,1.735000000000000000e+02,1.522500000000000000e+02,1.552500000000000000e+02,6.460900000000000000e+06
2.008111700000000000e+07,1.557500000000000000e+02,1.575000000000000000e+02,1.297500000000000000e+02,1.457500000000000000e+02,9.703900000000000000e+06
2.008112400000000000e+07,1.460000000000000000e+02,1.877500000000000000e+02,1.452500000000000000e+02,1.735000000000000000e+02,2.124850000000000000e+07
2.008120100000000000e+07,1.750000000000000000e+02,1.865000000000000000e+02,1.572500000000000000e+02,1.672500000000000000e+02,1.243500000000000000e+07
2.008120800000000000e+07,1.787500000000000000e+02,1.795000000000000000e+02,1.545000000000000000e+02,1.630000000000000000e+02,1.139160000000000000e+07
2.008121500000000000e+07,1.630000000000000000e+02,1.710000000000000000e+02,1.445000000000000000e+02,1.515000000000000000e+02,1.468930000000000000e+07
2.008122200000000000e+07,1.502500000000000000e+02,1.627500000000000000e+02,1.452500000000000000e+02,1.572500000000000000e+02,3.979600000000000000e+06
2.008122900000000000e+07,1.530000000000000000e+02,1.680000000000000000e+02,1.530000000000000000e+02,1.602500000000000000e+02,4.135400000000000000e+06
2.009010500000000000e+07,1.630000000000000000e+02,1.630000000000000000e+02,1.475000000000000000e+02,1.585000000000000000e+02,1.127160000000000000e+07
2.009011200000000000e+07,1.602500000000000000e+02,1.630000000000000000e+02,1.522500000000000000e+02,1.600000000000000000e+02,1.118600000000000000e+07
2.009011900000000000e+07,1.630000000000000000e+02,1.660000000000000000e+02,1.490000000000000000e+02,1.507500000000000000e+02,9.502700000000000000e+06
2.009012600000000000e+07,1.490000000000000000e+02,1.525099945068359375e+02,1.387500000000000000e+02,1.502500000000000000e+02,2.015340000000000000e+07
2.009020200000000000e+07,1.490000000000000000e+02,1.700000000000000000e+02,1.437500000000000000e+02,1.650000000000000000e+02,1.744430000000000000e+07
2.009020900000000000e+07,1.622500000000000000e+02,1.672500000000000000e+02,1.522500000000000000e+02,1.557500000000000000e+02,1.251240000000000000e+07
2.009021600000000000e+07,1.547500000000000000e+02,1.572500000000000000e+02,1.405000000000000000e+02,1.412500000000000000e+02,1.108760000000000000e+07
2.009022300000000000e+07,1.417500000000000000e+02,1.457500000000000000e+02,1.280000000000000000e+02,1.387500000000000000e+02,1.386060000000000000e+07
2.009030200000000000e+07,1.370000000000000000e+02,1.420000000000000000e+02,1.292500000000000000e+02,1.320000000000000000e+02,1.102330000000000000e+07
2.009030900000000000e+07,1.332500000000000000e+02,1.472500000000000000e+02,1.287500000000000000e+02,1.385000000000000000e+02,1.269130000000000000e+07
2.009031600000000000e+07,1.407500000000000000e+02,1.415000000000000000e+02,1.305000000000000000e+02,1.355000000000000000e+02,1.598470000000000000e+07
2.009032300000000000e+07,1.380000000000000000e+02,1.402500000000000000e+02,1.315000000000000000e+02,1.332500000000000000e+02,1.233970000000000000e+07
2.009033000000000000e+07,1.305000000000000000e+02,1.372500000000000000e+02,1.277500000000000000e+02,1.320000000000000000e+02,1.664220000000000000e+07
2.009040600000000000e+07,1.347500000000000000e+02,1.350000000000000000e+02,1.237500000000000000e+02,1.325000000000000000e+02,1.021290000000000000e+07
2.009041300000000000e+07,1.325000000000000000e+02,1.365000000000000000e+02,1.287500000000000000e+02,1.345000000000000000e+02,8.069200000000000000e+06
2.009042000000000000e+07,1.342500000000000000e+02,1.350000000000000000e+02,1.244899978637695312e+02,1.295000000000000000e+02,1.227240000000000000e+07
2.009042700000000000e+07,1.292500000000000000e+02,1.420000000000000000e+02,1.230000000000000000e+02,1.400000000000000000e+02,1.567590000000000000e+07
2.009050400000000000e+07,1.400000000000000000e+02,1.440000000000000000e+02,1.335000000000000000e+02,1.350000000000000000e+02,1.311370000000000000e+07
2.009051100000000000e+07,1.352500000000000000e+02,1.447500000000000000e+02,1.325000000000000000e+02,1.437500000000000000e+02,2.211450000000000000e+07
2.009051800000000000e+07,1.417500000000000000e+02,1.550000000000000000e+02,1.404019927978515625e+02,1.420000000000000000e+02,1.876190000000000000e+07
2.009052500000000000e+07,1.420000000000000000e+02,1.507500000000000000e+02,1.362500000000000000e+02,1.462500000000000000e+02,1.647280000000000000e+07
2.009060100000000000e+07,1.495000000000000000e+02,1.572500000000000000e+02,1.460000000000000000e+02,1.510000000000000000e+02,1.946050000000000000e+07
2.009060800000000000e+07,1.510000000000000000e+02,1.542500000000000000e+02,1.487500000000000000e+02,1.505000000000000000e+02,9.347700000000000000e+06
2.009061500000000000e+07,1.502500000000000000e+02,1.507500000000000000e+02,1.420000000000000000e+02,1.450000000000000000e+02,1.260550000000000000e+07
2.009062200000000000e+07,1.442500000000000000e+02,1.470000000000000000e+02,1.413750000000000000e+02,1.430000000000000000e+02,7.374400000000000000e+06
2.009062900000000000e+07,1.435000000000000000e+02,1.452500000000000000e+02,1.402500000000000000e+02,1.415000000000000000e+02,1.135230000000000000e+07
2.009070600000000000e+07,1.410000000000000000e+02,1.415000000000000000e+02,1.337500000000000000e+02,1.370000000000000000e+02,1.486270000000000000e+07
2.009071300000000000e+07,1.357500000000000000e+02,1.487500000000000000e+02,1.357500000000000000e+02,1.450000000000000000e+02,1.028290000000000000e+07
2.009072000000000000e+07,1.445000000000000000e+02,1.492500000000000000e+02,1.420000000000000000e+02,1.430000000000000000e+02,6.155500000000000000e+06
2.009072700000000000e+07,1.432500000000000000e+02,1.447500000000000000e+02,1.330000000000000000e+02,1.350000000000000000e+02,1.020450000000000000e+07
2.009080300000000000e+07,1.376999999999999886e+02,1.421999969482421875e+02,1.280000000000000000e+02,1.311999999999999886e+02,1.211740000000000000e+07
2.009081000000000000e+07,1.314000000000000057e+02,1.378000030517578125e+02,1.308999938964843750e+02,1.335000000000000000e+02,9.117500000000000000e+06
2.009081700000000000e+07,1.343000000000000114e+02,1.408999938964843750e+02,1.296999969482421875e+02,1.404000000000000057e+02,9.847500000000000000e+06
2.009082400000000000e+07,1.416999999999999886e+02,1.480000000000000000e+02,1.390000000000000000e+02,1.395000000000000000e+02,1.083210000000000000e+07
2.009083100000000000e+07,1.395000000000000000e+02,1.428999938964843750e+02,1.376000061035156250e+02,1.408000000000000114e+02,6.229600000000000000e+06
2.009090700000000000e+07,1.424000000000000057e+02,1.458000030517578125e+02,1.398000030517578125e+02,1.420000000000000000e+02,1.125450000000000000e+07
2.009091400000000000e+07,1.418000000000000114e+02,1.437129974365234375e+02,1.398300018310546875e+02,1.425000000000000000e+02,1.828570000000000000e+07
2.009092100000000000e+07,1.418000000000000114e+02,1.427649993896484375e+02,1.395000000000000000e+02,1.410999999999999943e+02,1.115040000000000000e+07
2.009092800000000000e+07,1.420000000000000000e+02,1.425000000000000000e+02,1.368000030517578125e+02,1.374000000000000057e+02,9.720000000000000000e+06
2.009100500000000000e+07,1.373000000000000114e+02,1.433999938964843750e+02,1.353000030517578125e+02,1.396999999999999886e+02,1.038430000000000000e+07
2.009101200000000000e+07,1.405000000000000000e+02,1.430000000000000000e+02,1.361999969482421875e+02,1.369000000000000057e+02,1.459190000000000000e+07
2.009101900000000000e+07,1.375999999999999943e+02,1.383999938964843750e+02,1.323999938964843750e+02,1.375000000000000000e+02,1.799740000000000000e+07
2.009102600000000000e+07,1.389000000000000057e+02,1.681000061035156250e+02,1.371000061035156250e+02,1.641999999999999886e+02,3.880260000000000000e+07
2.009110200000000000e+07,1.653000000000000114e+02,1.653000030517578125e+02,1.598000030517578125e+02,1.638000000000000114e+02,1.120650000000000000e+07
2.009110900000000000e+07,1.649000000000000057e+02,1.728000030517578125e+02,1.641170043945312500e+02,1.715000000000000000e+02,8.937700000000000000e+06
2.009111600000000000e+07,1.714000000000000057e+02,1.763000030517578125e+02,1.701999969482421875e+02,1.738000000000000114e+02,8.743800000000000000e+06
2.009112300000000000e+07,1.736999999999999886e+02,1.791000061035156250e+02,1.561999969482421875e+02,1.610000000000000000e+02,3.605130000000000000e+07
2.009113000000000000e+07,1.619000000000000057e+02,1.646929931640625000e+02,1.521999969482421875e+02,1.630000000000000000e+02,1.415050000000000000e+07
2.009120700000000000e+07,1.625000000000000000e+02,1.660000000000000000e+02,1.600000000000000000e+02,1.650000000000000000e+02,9.628200000000000000e+06
2.009121400000000000e+07,1.650999999999999943e+02,1.660000000000000000e+02,1.598999938964843750e+02,1.613000000000000114e+02,7.524200000000000000e+06
2.009122100000000000e+07,1.609000000000000057e+02,1.648000030517578125e+02,1.601999969482421875e+02,1.640000000000000000e+02,3.010400000000000000e+06
2.010010400000000000e+07,1.645999999999999943e+02,1.688000030517578125e+02,1.626000061035156250e+02,1.658000000000000114e+02,5.172000000000000000e+06
2.010011100000000000e+07,1.653000000000000114e+02,1.671000061035156250e+02,1.371999969482421875e+02,1.433000000000000114e+02,1.931460000000000000e+07
2.010011800000000000e+07,1.475999999999999943e+02,1.476000061035156250e+02,1.331999969482421875e+02,1.336999999999999886e+02,2.193220000000000000e+07
2.010012500000000000e+07,1.330000000000000000e+02,1.356000061035156250e+02,1.300000000000000000e+02,1.339000000000000057e+02,1.208060000000000000e+07
2.010020100000000000e+07,1.345000000000000000e+02,1.380000000000000000e+02,1.255999984741210938e+02,1.265999999999999943e+02,8.246400000000000000e+06
2.010020800000000000e+07,1.272999999999999972e+02,1.280000000000000000e+02,1.220000000000000000e+02,1.224000000000000057e+02,1.025870000000000000e+07
2.010021500000000000e+07,1.222000000000000028e+02,1.283000030517578125e+02,1.213000030517578125e+02,1.280000000000000000e+02,1.001480000000000000e+07
2.010022200000000000e+07,1.280000000000000000e+02,1.298999938964843750e+02,1.248000030517578125e+02,1.260999999999999943e+02,5.480400000000000000e+06
2.010030100000000000e+07,1.277999999999999972e+02,1.316999969482421875e+02,1.266999969482421875e+02,1.275000000000000000e+02,5.892500000000000000e+06
2.010030800000000000e+07,1.310000000000000000e+02,1.398999938964843750e+02,1.300000000000000000e+02,1.380999999999999943e+02,5.645300000000000000e+06
2.010031500000000000e+07,1.380000000000000000e+02,1.438000030517578125e+02,1.370000000000000000e+02,1.418000000000000114e+02,9.925300000000000000e+06
2.010032200000000000e+07,1.416999999999999886e+02,1.425000000000000000e+02,1.346000061035156250e+02,1.350000000000000000e+02,1.186870000000000000e+07
2.010032900000000000e+07,1.350000000000000000e+02,1.368000030517578125e+02,1.331999969482421875e+02,1.360000000000000000e+02,6.942400000000000000e+06
2.010040500000000000e+07,1.360000000000000000e+02,1.368000030517578125e+02,1.335000000000000000e+02,1.343000000000000114e+02,3.239700000000000000e+06
2.010041200000000000e+07,1.358000000000000114e+02,1.396000061035156250e+02,1.355000000000000000e+02,1.355000000000000000e+02,6.876400000000000000e+06
2.010041900000000000e+07,1.350000000000000000e+02,1.361369934082031250e+02,1.321999969482421875e+02,1.335000000000000000e+02,5.928100000000000000e+06
2.010042600000000000e+07,1.339000000000000057e+02,1.351999969482421875e+02,1.260999984741210938e+02,1.275000000000000000e+02,6.952900000000000000e+06
2.010050300000000000e+07,1.275000000000000000e+02,1.360000000000000000e+02,1.175999984741210938e+02,1.200000000000000000e+02,7.686600000000000000e+06
2.010051000000000000e+07,1.235000000000000000e+02,1.333999938964843750e+02,1.215000000000000000e+02,1.249000000000000057e+02,1.094510000000000000e+07
2.010051700000000000e+07,1.245000000000000000e+02,1.260000000000000000e+02,1.155000000000000000e+02,1.172000000000000028e+02,1.000460000000000000e+07
2.010052400000000000e+07,1.185000000000000000e+02,1.341000061035156250e+02,1.139000015258789062e+02,1.295000000000000000e+02,1.644180000000000000e+07
2.010053100000000000e+07,1.295000000000000000e+02,1.326000061035156250e+02,1.259000015258789062e+02,1.280000000000000000e+02,9.433200000000000000e+06
2.010060700000000000e+07,1.252000000000000028e+02,1.260999984741210938e+02,1.165000000000000000e+02,1.197999999999999972e+02,1.048850000000000000e+07
2.010061400000000000e+07,1.202999999999999972e+02,1.225999984741210938e+02,1.180999984741210938e+02,1.200999999999999943e+02,6.116300000000000000e+06
2.010062100000000000e+07,1.225999999999999943e+02,1.225999984741210938e+02,1.155999984741210938e+02,1.170000000000000000e+02,9.362200000000000000e+06
2.010062800000000000e+07,1.170000000000000000e+02,1.200000000000000000e+02,1.150000000000000000e+02,1.195000000000000000e+02,1.825550000000000000e+07
2.010070500000000000e+07,1.187000000000000028e+02,1.261999969482421875e+02,1.181999969482421875e+02,1.255000000000000000e+02,5.905900000000000000e+06
2.010071200000000000e+07,1.262000000000000028e+02,1.307279968261718750e+02,1.248300018310546875e+02,1.252000000000000028e+02,3.326100000000000000e+06
2.010071900000000000e+07,1.252000000000000028e+02,1.313000030517578125e+02,1.236999969482421875e+02,1.310000000000000000e+02,5.874900000000000000e+06
2.010072600000000000e+07,1.306999999999999886e+02,1.310000000000000000e+02,1.213000030517578125e+02,1.235000000000000000e+02,4.057700000000000000e+06
2.010080200000000000e+07,1.249000000000000057e+02,1.265000000000000000e+02,1.219000015258789062e+02,1.230999999999999943e+02,2.641400000000000000e+06
2.010080900000000000e+07,1.235000000000000000e+02,1.236999969482421875e+02,1.091999969482421875e+02,1.092000000000000028e+02,4.607800000000000000e+06
2.010081600000000000e+07,1.102999999999999972e+02,1.109000015258789062e+02,1.055000000000000000e+02,1.060999999999999943e+02,4.990900000000000000e+06
2.010082300000000000e+07,1.072999999999999972e+02,1.081999969482421875e+02,1.035000000000000000e+02,1.080000000000000000e+02,4.576700000000000000e+06
2.010083000000000000e+07,1.080000000000000000e+02,1.144000015258789062e+02,1.061999969482421875e+02,1.140000000000000000e+02,4.024200000000000000e+06
2.010090600000000000e+07,1.140000000000000000e+02,1.164489974975585938e+02,1.135000000000000000e+02,1.147000000000000028e+02,3.259700000000000000e+06
2.010091300000000000e+07,1.165999999999999943e+02,1.165999984741210938e+02,1.101999969482421875e+02,1.110999999999999943e+02,6.159000000000000000e+06
2.010092000000000000e+07,1.114000000000000057e+02,1.125000000000000000e+02,1.075120010375976562e+02,1.110000000000000000e+02,4.750800000000000000e+06
2.010092700000000000e+07,1.117999999999999972e+02,1.130999984741210938e+02,1.066999969482421875e+02,1.080000000000000000e+02,5.664900000000000000e+06
2.010100400000000000e+07,1.084000000000000057e+02,1.095999984741210938e+02,1.060999984741210938e+02,1.070000000000000000e+02,2.521300000000000000e+06
2.010101100000000000e+07,1.075000000000000000e+02,1.119000015258789062e+02,1.060000000000000000e+02,1.095000000000000000e+02,2.983400000000000000e+06
2.010101800000000000e+07,1.087999999999999972e+02,1.130000000000000000e+02,9.600000000000000000e+01,1.080999999999999943e+02,1.373050000000000000e+07
2.010102500000000000e+07,1.090000000000000000e+02,1.090699996948242188e+02,1.055000000000000000e+02,1.074000000000000057e+02,7.276900000000000000e+06
2.010110100000000000e+07,1.077000000000000028e+02,1.128000030517578125e+02,1.000000000000000000e+02,1.002000000000000028e+02,7.052100000000000000e+06
2.010110800000000000e+07,1.002000000000000028e+02,1.008000030517578125e+02,9.644999694824218750e+01,9.700000000000000000e+01,5.747700000000000000e+06
2.010111500000000000e+07,9.700000000000000000e+01,1.160000000000000000e+02,9.625000000000000000e+01,1.122999999999999972e+02,9.529200000000000000e+06
2.010112200000000000e+07,1.154000000000000057e+02,1.170999984741210938e+02,1.114000015258789062e+02,1.160999999999999943e+02,5.600800000000000000e+06
2.010112900000000000e+07,1.157000000000000028e+02,1.213000030517578125e+02,1.138000030517578125e+02,1.200999999999999943e+02,5.028900000000000000e+06
2.010120600000000000e+07,1.204000000000000057e+02,1.283000030517578125e+02,1.195000000000000000e+02,1.280000000000000000e+02,4.093900000000000000e+06
2.010121300000000000e+07,1.280000000000000000e+02,1.346999969482421875e+02,1.271999969482421875e+02,1.304000000000000057e+02,5.579300000000000000e+06
2.010122000000000000e+07,1.285999999999999943e+02,1.328000030517578125e+02,1.245000000000000000e+02,1.285000000000000000e+02,2.785700000000000000e+06
2.010122700000000000e+07,1.285000000000000000e+02,1.323000030517578125e+02,1.261999969482421875e+02,1.323000000000000114e+02,3.300200000000000000e+06
2.011011000000000000e+07,1.280000000000000000e+02,1.371999969482421875e+02,1.263410034179687500e+02,1.349000000000000057e+02,2.550000000000000000e+06
2.011011700000000000e+07,1.335000000000000000e+02,1.376999969482421875e+02,1.321000061035156250e+02,1.360000000000000000e+02,2.848900000000000000e+06
2.011012400000000000e+07,1.381999999999999886e+02,1.381999969482421875e+02,1.305000000000000000e+02,1.340000000000000000e+02,2.566700000000000000e+06
2.011013100000000000e+07,1.333000000000000114e+02,1.376000061035156250e+02,1.281000061035156250e+02,1.303000000000000114e+02,5.206800000000000000e+06
2.011020700000000000e+07,1.314000000000000057e+02,1.350000000000000000e+02,1.293000030517578125e+02,1.325000000000000000e+02,4.508600000000000000e+06
2.011021400000000000e+07,1.325999999999999943e+02,1.352559967041015625e+02,1.255999984741210938e+02,1.306999999999999886e+02,4.895700000000000000e+06
2.011022100000000000e+07,1.306999999999999886e+02,1.308000030517578125e+02,1.231999969482421875e+02,1.242000000000000028e+02,1.979900000000000000e+06
2.011022800000000000e+07,1.240999999999999943e+02,1.293000030517578125e+02,1.204000015258789062e+02,1.260000000000000000e+02,4.009400000000000000e+06
2.011030700000000000e+07,1.257000000000000028e+02,1.273000030517578125e+02,1.220000000000000000e+02,1.232000000000000028e+02,2.549500000000000000e+06
2.011031400000000000e+07,1.219000000000000057e+02,1.234000015258789062e+02,1.171999969482421875e+02,1.222999999999999972e+02,4.257800000000000000e+06
2.011032100000000000e+07,1.227000000000000028e+02,1.268000030517578125e+02,1.205999984741210938e+02,1.237000000000000028e+02,1.679300000000000000e+06
2.011032800000000000e+07,1.237000000000000028e+02,1.265999984741210938e+02,1.185000000000000000e+02,1.220999999999999943e+02,2.412100000000000000e+06
2.011040400000000000e+07,1.215000000000000000e+02,1.244000015258789062e+02,1.208000030517578125e+02,1.227999999999999972e+02,1.249800000000000000e+06
2.011041100000000000e+07,1.230999999999999943e+02,1.240000000000000000e+02,1.199000015258789062e+02,1.217000000000000028e+02,1.643100000000000000e+06
2.011041800000000000e+07,1.192000000000000028e+02,1.234000015258789062e+02,1.159000015258789062e+02,1.160999999999999943e+02,2.023700000000000000e+06
2.011050900000000000e+07,1.150000000000000000e+02,1.185000000000000000e+02,1.150000000000000000e+02,1.177000000000000028e+02,1.810000000000000000e+06
2.011051600000000000e+07,1.172000000000000028e+02,1.195999984741210938e+02,1.149000015258789062e+02,1.177999999999999972e+02,2.224100000000000000e+06
2.011052300000000000e+07,1.207000000000000028e+02,1.206999969482421875e+02,1.100999984741210938e+02,1.125000000000000000e+02,3.520000000000000000e+06
2.011060600000000000e+07,1.157000000000000028e+02,1.195999984741210938e+02,1.150000000000000000e+02,1.180000000000000000e+02,3.725000000000000000e+06
2.011061300000000000e+07,1.175999999999999943e+02,1.210999984741210938e+02,1.140999984741210938e+02,1.185000000000000000e+02,3.406700000000000000e+06
2.011062000000000000e+07,1.162999999999999972e+02,1.185999984741210938e+02,1.135000000000000000e+02,1.154000000000000057e+02,2.754900000000000000e+06
2.011062700000000000e+07,1.149000000000000057e+02,1.333999938964843750e+02,1.143010025024414062e+02,1.290999999999999943e+02,3.591200000000000000e+06
2.011070400000000000e+07,1.290999999999999943e+02,1.310000000000000000e+02,1.225000000000000000e+02,1.240000000000000000e+02,2.586800000000000000e+06
2.011071100000000000e+07,1.222000000000000028e+02,1.270000000000000000e+02,1.213000030517578125e+02,1.224000000000000057e+02,2.494900000000000000e+06
2.011071800000000000e+07,1.227000000000000028e+02,1.233000030517578125e+02,1.150999984741210938e+02,1.182000000000000028e+02,2.004400000000000000e+06
2.011072500000000000e+07,1.150000000000000000e+02,1.184000015258789062e+02,1.120000000000000000e+02,1.130000000000000000e+02,2.351400000000000000e+06
2.011080100000000000e+07,1.147999999999999972e+02,1.148860015869140625e+02,9.750000000000000000e+01,1.035999999999999943e+02,3.284500000000000000e+06
2.011080800000000000e+07,1.029000000000000057e+02,1.180000000000000000e+02,9.675000000000000000e+01,1.172000000000000028e+02,4.597100000000000000e+06
2.011081500000000000e+07,1.175999999999999943e+02,1.189000015258789062e+02,1.079000015258789062e+02,1.105000000000000000e+02,4.110200000000000000e+06
2.011082200000000000e+07,1.100000000000000000e+02,1.183000030517578125e+02,1.100000000000000000e+02,1.159000000000000057e+02,2.762700000000000000e+06
2.011090500000000000e+07,1.205999999999999943e+02,1.225999984741210938e+02,1.160999984741210938e+02,1.180000000000000000e+02,2.644200000000000000e+06
2.011091200000000000e+07,1.159000000000000057e+02,1.221999969482421875e+02,1.159000015258789062e+02,1.189000000000000057e+02,2.714700000000000000e+06
2.011091900000000000e+07,1.175000000000000000e+02,1.185999984741210938e+02,1.124150009155273438e+02,1.150000000000000000e+02,3.216200000000000000e+06
2.011092600000000000e+07,1.140000000000000000e+02,1.170000000000000000e+02,1.119000015258789062e+02,1.167000000000000028e+02,4.226800000000000000e+06
2.011100300000000000e+07,1.152000000000000028e+02,1.186999969482421875e+02,1.126999969482421875e+02,1.150999999999999943e+02,3.067100000000000000e+06
2.011101000000000000e+07,1.157999999999999972e+02,1.200999984741210938e+02,1.136999969482421875e+02,1.175000000000000000e+02,2.490900000000000000e+06
2.011101700000000000e+07,1.180000000000000000e+02,1.184000015258789062e+02,1.134000015258789062e+02,1.164000000000000057e+02,2.263700000000000000e+06
2.011102400000000000e+07,1.170000000000000000e+02,1.198000030517578125e+02,1.145000000000000000e+02,1.177999999999999972e+02,3.752100000000000000e+06
2.011103100000000000e+07,1.172000000000000028e+02,1.209000015258789062e+02,1.158330001831054688e+02,1.200000000000000000e+02,3.100000000000000000e+06
2.011110700000000000e+07,1.194000000000000057e+02,1.231999969482421875e+02,1.165000000000000000e+02,1.212999999999999972e+02,2.328500000000000000e+06
2.011111400000000000e+07,1.220000000000000000e+02,1.235059967041015625e+02,1.156999969482421875e+02,1.180999999999999943e+02,4.177300000000000000e+06
2.011112100000000000e+07,1.180999999999999943e+02,1.273000030517578125e+02,1.143229980468750000e+02,1.215000000000000000e+02,5.803700000000000000e+06
2.011112800000000000e+07,1.224000000000000057e+02,1.313999938964843750e+02,1.187070007324218750e+02,1.311999999999999886e+02,5.835000000000000000e+06
2.011120500000000000e+07,1.316999999999999886e+02,1.380890045166015625e+02,1.258000030517578125e+02,1.374000000000000057e+02,5.060800000000000000e+06
2.011121200000000000e+07,1.371999999999999886e+02,1.386999969482421875e+02,1.300000000000000000e+02,1.315000000000000000e+02,3.996600000000000000e+06
2.011121900000000000e+07,1.311999999999999886e+02,1.373999938964843750e+02,1.308000030517578125e+02,1.351999999999999886e+02,1.907200000000000000e+06
2.011122600000000000e+07,1.351999999999999886e+02,1.361999969482421875e+02,1.320000000000000000e+02,1.325999999999999943e+02,1.569100000000000000e+06
2.012010200000000000e+07,1.325999999999999943e+02,1.354239959716796875e+02,1.293000030517578125e+02,1.311999999999999886e+02,4.559700000000000000e+06
2.012010900000000000e+07,1.318000000000000114e+02,1.381999969482421875e+02,1.311999969482421875e+02,1.350999999999999943e+02,4.766500000000000000e+06
2.012011600000000000e+07,1.353000000000000114e+02,1.370000000000000000e+02,1.300000000000000000e+02,1.350000000000000000e+02,3.053900000000000000e+06
2.012012300000000000e+07,1.354000000000000057e+02,1.370000000000000000e+02,1.310000000000000000e+02,1.320000000000000000e+02,3.540700000000000000e+06
2.012013000000000000e+07,1.319000000000000057e+02,1.428000030517578125e+02,1.286000061035156250e+02,1.350000000000000000e+02,5.563600000000000000e+06
2.012020600000000000e+07,1.350000000000000000e+02,1.430000000000000000e+02,1.340000000000000000e+02,1.424000000000000057e+02,3.612700000000000000e+06
2.012021300000000000e+07,1.426999999999999886e+02,1.480000000000000000e+02,1.413000030517578125e+02,1.480000000000000000e+02,3.255400000000000000e+06
2.012022000000000000e+07,1.486999999999999886e+02,1.548999938964843750e+02,1.461000061035156250e+02,1.519000000000000057e+02,3.796200000000000000e+06
2.012022700000000000e+07,1.516999999999999886e+02,1.541000061035156250e+02,1.486999969482421875e+02,1.515999999999999943e+02,2.705300000000000000e+06
2.012030500000000000e+07,1.508000000000000114e+02,1.528999938964843750e+02,1.481000061035156250e+02,1.505000000000000000e+02,3.454300000000000000e+06
2.012031200000000000e+07,1.505999999999999943e+02,1.530000000000000000e+02,1.493999938964843750e+02,1.498000000000000114e+02,4.682100000000000000e+06
2.012031900000000000e+07,1.501999999999999886e+02,1.506000061035156250e+02,1.426999969482421875e+02,1.445000000000000000e+02,6.628600000000000000e+06
2.012032600000000000e+07,1.455000000000000000e+02,1.598000030517578125e+02,1.423000030517578125e+02,1.593000000000000114e+02,7.236200000000000000e+06
2.012040200000000000e+07,1.593000000000000114e+02,1.596999969482421875e+02,1.492319946289062500e+02,1.515999999999999943e+02,2.637700000000000000e+06
2.012040900000000000e+07,1.515999999999999943e+02,1.538000030517578125e+02,1.485000000000000000e+02,1.520000000000000000e+02,2.385600000000000000e+06
2.012041600000000000e+07,1.515000000000000000e+02,1.580000000000000000e+02,1.502929992675781250e+02,1.528000000000000114e+02,3.838700000000000000e+06
2.012042300000000000e+07,1.526999999999999886e+02,1.566000061035156250e+02,1.460070037841796875e+02,1.550000000000000000e+02,4.991600000000000000e+06
2.012043000000000000e+07,1.553000000000000114e+02,1.573000030517578125e+02,1.478000030517578125e+02,1.495999999999999943e+02,7.074500000000000000e+06
2.012050700000000000e+07,1.495999999999999943e+02,1.507760009765625000e+02,1.446999969482421875e+02,1.453000000000000114e+02,3.264400000000000000e+06
2.012051400000000000e+07,1.448000000000000114e+02,1.488999938964843750e+02,1.416999969482421875e+02,1.421999999999999886e+02,3.555000000000000000e+06
2.012052100000000000e+07,1.430999999999999943e+02,1.521000061035156250e+02,1.414889984130859375e+02,1.480000000000000000e+02,4.746700000000000000e+06
2.012052800000000000e+07,1.491999999999999886e+02,1.546000061035156250e+02,1.473099975585937500e+02,1.500000000000000000e+02,5.515900000000000000e+06
2.012060400000000000e+07,1.500000000000000000e+02,1.566999969482421875e+02,1.490000000000000000e+02,1.550999999999999943e+02,1.220590000000000000e+07
2.012061100000000000e+07,1.588000000000000114e+02,1.588000030517578125e+02,1.453130035400390625e+02,1.454000000000000057e+02,8.563000000000000000e+06
2.012061800000000000e+07,1.505000000000000000e+02,1.568999938964843750e+02,1.461000061035156250e+02,1.535000000000000000e+02,6.304300000000000000e+06
2.012062500000000000e+07,1.526999999999999886e+02,1.588999938964843750e+02,1.481999969482421875e+02,1.570999999999999943e+02,4.447400000000000000e+06
2.012070200000000000e+07,1.570000000000000000e+02,1.642440032958984375e+02,1.558990020751953125e+02,1.605999999999999943e+02,6.086300000000000000e+06
2.012070900000000000e+07,1.604000000000000057e+02,1.638000030517578125e+02,1.573580017089843750e+02,1.621999999999999886e+02,8.644400000000000000e+06
2.012071600000000000e+07,1.620000000000000000e+02,1.683000030517578125e+02,1.620000000000000000e+02,1.670000000000000000e+02,4.341400000000000000e+06
2.012072300000000000e+07,1.655999999999999943e+02,1.708000030517578125e+02,1.631000061035156250e+02,1.699000000000000057e+02,8.071000000000000000e+06
2.012073000000000000e+07,1.705000000000000000e+02,1.728999938964843750e+02,1.663999938964843750e+02,1.720000000000000000e+02,5.313000000000000000e+06
2.012080600000000000e+07,1.714000000000000057e+02,1.713999938964843750e+02,1.631999969482421875e+02,1.660000000000000000e+02,1.448290000000000000e+07
2.012081300000000000e+07,1.655000000000000000e+02,1.686999969482421875e+02,1.625000000000000000e+02,1.685999999999999943e+02,4.626100000000000000e+06
2.012082000000000000e+07,1.694000000000000057e+02,1.743999938964843750e+02,1.666000061035156250e+02,1.739000000000000057e+02,3.476500000000000000e+06
2.012082700000000000e+07,1.739000000000000057e+02,1.738999938964843750e+02,1.693999938964843750e+02,1.710000000000000000e+02,2.667100000000000000e+06
2.012090300000000000e+07,1.710000000000000000e+02,1.758000030517578125e+02,1.684479980468750000e+02,1.735000000000000000e+02,1.042600000000000000e+07
2.012091000000000000e+07,1.730999999999999943e+02,1.755000000000000000e+02,1.696999969482421875e+02,1.751999999999999886e+02,3.374500000000000000e+06
2.012091700000000000e+07,1.743000000000000114e+02,1.760000000000000000e+02,1.716000061035156250e+02,1.718000000000000114e+02,9.595200000000000000e+06
2.012092400000000000e+07,1.791999999999999886e+02,1.901000061035156250e+02,1.791000061035156250e+02,1.895000000000000000e+02,1.113270000000000000e+07
2.012100100000000000e+07,1.885999999999999943e+02,1.998000030517578125e+02,1.838809967041015625e+02,1.993000000000000114e+02,6.784100000000000000e+06
2.012100800000000000e+07,1.985999999999999943e+02,2.008000030517578125e+02,1.945000000000000000e+02,1.950999999999999943e+02,5.902400000000000000e+06
2.012101500000000000e+07,1.950999999999999943e+02,1.986000061035156250e+02,1.921000061035156250e+02,1.950000000000000000e+02,5.166500000000000000e+06
2.012102200000000000e+07,1.953000000000000114e+02,1.961999969482421875e+02,1.912519989013671875e+02,1.936999999999999886e+02,8.268800000000000000e+06
2.012102900000000000e+07,1.943000000000000114e+02,2.081000061035156250e+02,1.911000061035156250e+02,2.028000000000000114e+02,5.710600000000000000e+06
2.012110500000000000e+07,2.015000000000000000e+02,2.056999969482421875e+02,1.998000030517578125e+02,2.003000000000000114e+02,3.882200000000000000e+06
2.012111200000000000e+07,2.000000000000000000e+02,2.005000000000000000e+02,1.915000000000000000e+02,1.916999999999999886e+02,6.700500000000000000e+06
2.012111900000000000e+07,1.895000000000000000e+02,1.996999969482421875e+02,1.895000000000000000e+02,1.956999999999999886e+02,3.182100000000000000e+06
2.012112600000000000e+07,1.956999999999999886e+02,1.983999938964843750e+02,1.887200012207031250e+02,1.979000000000000057e+02,9.724100000000000000e+06
2.012120300000000000e+07,1.981999999999999886e+02,1.991000061035156250e+02,1.935000000000000000e+02,1.960000000000000000e+02,3.000200000000000000e+06
2.012121000000000000e+07,1.940000000000000000e+02,1.953999938964843750e+02,1.853999938964843750e+02,1.900000000000000000e+02,3.754100000000000000e+06
2.012121700000000000e+07,1.900000000000000000e+02,1.908000030517578125e+02,1.818999938964843750e+02,1.859000000000000057e+02,5.076200000000000000e+06
2.012122400000000000e+07,1.863000000000000114e+02,1.890000000000000000e+02,1.829660034179687500e+02,1.835999999999999943e+02,7.848000000000000000e+05
2.012123100000000000e+07,1.830000000000000000e+02,1.878000030517578125e+02,1.800000000000000000e+02,1.850000000000000000e+02,4.266800000000000000e+06
2.013010700000000000e+07,1.820999999999999943e+02,1.852579956054687500e+02,1.803999938964843750e+02,1.816999999999999886e+02,6.270600000000000000e+06
2.013011400000000000e+07,1.805000000000000000e+02,1.825000000000000000e+02,1.776999969482421875e+02,1.800000000000000000e+02,1.155580000000000000e+07
2.013012100000000000e+07,1.800000000000000000e+02,1.875119934082031250e+02,1.800000000000000000e+02,1.863000000000000114e+02,1.165440000000000000e+07
2.013012800000000000e+07,1.859000000000000057e+02,1.988000030517578125e+02,1.851999969482421875e+02,1.975999999999999943e+02,1.529090000000000000e+07
2.013020400000000000e+07,1.976999999999999886e+02,2.030000000000000000e+02,1.960000000000000000e+02,2.004000000000000057e+02,9.035400000000000000e+06
2.013021100000000000e+07,2.000000000000000000e+02,2.103000030517578125e+02,1.981999969482421875e+02,2.081999999999999886e+02,5.790400000000000000e+06
2.013021800000000000e+07,2.086999999999999886e+02,2.146000061035156250e+02,2.038999938964843750e+02,2.068000000000000114e+02,5.103100000000000000e+06
2.013022500000000000e+07,2.088000000000000114e+02,2.090000000000000000e+02,2.015220031738281250e+02,2.055999999999999943e+02,3.353000000000000000e+06
2.013030400000000000e+07,2.045999999999999943e+02,2.066000061035156250e+02,1.991020050048828125e+02,2.018000000000000114e+02,4.632200000000000000e+06
2.013031100000000000e+07,2.015000000000000000e+02,2.015850067138671875e+02,1.941999969482421875e+02,1.966999999999999886e+02,5.238200000000000000e+06
2.013031800000000000e+07,1.943000000000000114e+02,2.093999938964843750e+02,1.943000030517578125e+02,2.085999999999999943e+02,6.746500000000000000e+06
2.013032500000000000e+07,2.095000000000000000e+02,2.120000000000000000e+02,1.948710021972656250e+02,2.074000000000000057e+02,5.631300000000000000e+06
2.013040100000000000e+07,2.074000000000000057e+02,2.115000000000000000e+02,1.893760070800781250e+02,1.935000000000000000e+02,3.802600000000000000e+06
2.013040800000000000e+07,1.935999999999999943e+02,1.993999938964843750e+02,1.905000000000000000e+02,1.969000000000000057e+02,7.369200000000000000e+06
2.013041500000000000e+07,1.975000000000000000e+02,1.975000000000000000e+02,1.829969940185546875e+02,1.843000000000000114e+02,4.344900000000000000e+06
2.013042200000000000e+07,1.845000000000000000e+02,1.943000030517578125e+02,1.841000061035156250e+02,1.936999999999999886e+02,3.864800000000000000e+06
2.013042900000000000e+07,1.936999999999999886e+02,1.950619964599609375e+02,1.846000061035156250e+02,1.910000000000000000e+02,3.320300000000000000e+06
2.013050600000000000e+07,1.910000000000000000e+02,1.920000000000000000e+02,1.808000030517578125e+02,1.889000000000000057e+02,8.567500000000000000e+06
2.013051300000000000e+07,1.895000000000000000e+02,1.995000000000000000e+02,1.895000000000000000e+02,1.970999999999999943e+02,3.669900000000000000e+06
2.013052000000000000e+07,1.936999999999999886e+02,2.076999969482421875e+02,1.883000030517578125e+02,1.903000000000000114e+02,5.570300000000000000e+06
2.013052700000000000e+07,1.903000000000000114e+02,1.937339935302734375e+02,1.838999938964843750e+02,1.853000000000000114e+02,4.988500000000000000e+06
2.013060300000000000e+07,1.845000000000000000e+02,1.918000030517578125e+02,1.801999969482421875e+02,1.845000000000000000e+02,5.918400000000000000e+06
2.013061000000000000e+07,1.846999999999999886e+02,1.883000030517578125e+02,1.808000030517578125e+02,1.873000000000000114e+02,5.786700000000000000e+06
2.013061700000000000e+07,1.881999999999999886e+02,1.906999969482421875e+02,1.803999938964843750e+02,1.816999999999999886e+02,7.725400000000000000e+06
2.013062400000000000e+07,1.820000000000000000e+02,1.830000000000000000e+02,1.785000000000000000e+02,1.804000000000000057e+02,5.313800000000000000e+06
2.013070100000000000e+07,1.811999999999999886e+02,1.931999969482421875e+02,1.810110015869140625e+02,1.895999999999999943e+02,5.705700000000000000e+06
2.013070800000000000e+07,1.901999999999999886e+02,1.948000030517578125e+02,1.863999938964843750e+02,1.906999999999999886e+02,3.474800000000000000e+06
2.013071500000000000e+07,1.908000000000000114e+02,1.926999969482421875e+02,1.866999969482421875e+02,1.909000000000000057e+02,3.489700000000000000e+06
2.013072200000000000e+07,1.905999999999999943e+02,1.968000030517578125e+02,1.841999969482421875e+02,1.901999999999999886e+02,3.353200000000000000e+06
2.013072900000000000e+07,1.920000000000000000e+02,1.920000000000000000e+02,1.843999938964843750e+02,1.876999999999999886e+02,3.638200000000000000e+06
2.013080500000000000e+07,1.879000000000000057e+02,1.900000000000000000e+02,1.791999969482421875e+02,1.871999999999999886e+02,3.765100000000000000e+06
2.013081200000000000e+07,1.859000000000000057e+02,1.911000061035156250e+02,1.816999969482421875e+02,1.825000000000000000e+02,3.531300000000000000e+06
2.013081900000000000e+07,1.815000000000000000e+02,1.925000000000000000e+02,1.815000000000000000e+02,1.906999999999999886e+02,3.524000000000000000e+06
2.013082600000000000e+07,1.906999999999999886e+02,1.906999969482421875e+02,1.863000030517578125e+02,1.880000000000000000e+02,2.814400000000000000e+06
2.013090200000000000e+07,1.880999999999999943e+02,1.936000061035156250e+02,1.860000000000000000e+02,1.935000000000000000e+02,3.420200000000000000e+06
2.013090900000000000e+07,1.935000000000000000e+02,1.976999969482421875e+02,1.916000061035156250e+02,1.929000000000000057e+02,3.436600000000000000e+06
2.013091600000000000e+07,1.939000000000000057e+02,1.953999938964843750e+02,1.860000000000000000e+02,1.890000000000000000e+02,4.202400000000000000e+06
2.013092300000000000e+07,1.895000000000000000e+02,1.976999969482421875e+02,1.875000000000000000e+02,1.961999999999999886e+02,5.771300000000000000e+06
2.013093000000000000e+07,1.936999999999999886e+02,1.961999969482421875e+02,1.828999938964843750e+02,1.850000000000000000e+02,7.777800000000000000e+06
2.013100700000000000e+07,1.840999999999999943e+02,1.903999938964843750e+02,1.806999969482421875e+02,1.904000000000000057e+02,5.637100000000000000e+06
2.013101400000000000e+07,1.893000000000000114e+02,1.946000061035156250e+02,1.868000030517578125e+02,1.939000000000000057e+02,3.554800000000000000e+06
2.013102100000000000e+07,1.950000000000000000e+02,2.038000030517578125e+02,1.950000000000000000e+02,2.003000000000000114e+02,2.371500000000000000e+07
2.013102800000000000e+07,2.005000000000000000e+02,2.005000000000000000e+02,1.951600036621093750e+02,1.988000000000000114e+02,2.870540000000000000e+07
2.013110400000000000e+07,1.986999999999999886e+02,2.011000061035156250e+02,1.953000030517578125e+02,1.975000000000000000e+02,1.540190000000000000e+07
2.013111100000000000e+07,1.975999999999999943e+02,2.013300018310546875e+02,1.941999969482421875e+02,1.946999999999999886e+02,5.192500000000000000e+06
2.013111800000000000e+07,1.941999999999999886e+02,2.151280059814453125e+02,1.941999969482421875e+02,2.135000000000000000e+02,8.233100000000000000e+06
2.013112500000000000e+07,2.136999999999999886e+02,2.194199981689453125e+02,2.136999969482421875e+02,2.175000000000000000e+02,6.436800000000000000e+06
2.013120200000000000e+07,2.158000000000000114e+02,2.175000000000000000e+02,2.038999938964843750e+02,2.085000000000000000e+02,5.321200000000000000e+06
2.013120900000000000e+07,2.083000000000000114e+02,2.160000000000000000e+02,2.054600067138671875e+02,2.081999999999999886e+02,5.144900000000000000e+06
2.013121600000000000e+07,2.095000000000000000e+02,2.143000030517578125e+02,2.073999938964843750e+02,2.125000000000000000e+02,4.524200000000000000e+06
2.013122300000000000e+07,2.134000000000000057e+02,2.185000000000000000e+02,2.110000000000000000e+02,2.181999999999999886e+02,9.362000000000000000e+05
2.013123000000000000e+07,2.200999999999999943e+02,2.223999938964843750e+02,2.151999969482421875e+02,2.205000000000000000e+02,2.996700000000000000e+06
2.014010600000000000e+07,2.225000000000000000e+02,2.290000000000000000e+02,2.180000000000000000e+02,2.290000000000000000e+02,5.445900000000000000e+06
2.014011300000000000e+07,2.270000000000000000e+02,2.386999969482421875e+02,2.245000000000000000e+02,2.319000000000000057e+02,6.984200000000000000e+06
2.014012000000000000e+07,2.320000000000000000e+02,2.320000000000000000e+02,2.188699951171875000e+02,2.201999999999999886e+02,3.589700000000000000e+06
2.014012700000000000e+07,2.188000000000000114e+02,2.263999938964843750e+02,2.141999969482421875e+02,2.235000000000000000e+02,4.745400000000000000e+06
2.014020300000000000e+07,2.230999999999999943e+02,2.252790069580078125e+02,2.168999938964843750e+02,2.198000000000000114e+02,4.197900000000000000e+06
2.014021000000000000e+07,2.199000000000000057e+02,2.235000000000000000e+02,2.180000000000000000e+02,2.194000000000000057e+02,3.852200000000000000e+06
2.014021700000000000e+07,2.179000000000000057e+02,2.276000061035156250e+02,2.176999969482421875e+02,2.265999999999999943e+02,9.873300000000000000e+06
2.014022400000000000e+07,2.269000000000000057e+02,2.318999938964843750e+02,2.246000061035156250e+02,2.293000000000000114e+02,6.191600000000000000e+06
2.014030300000000000e+07,2.250999999999999943e+02,2.315000000000000000e+02,2.220000000000000000e+02,2.243000000000000114e+02,4.582000000000000000e+06
2.014031000000000000e+07,2.223000000000000114e+02,2.270000000000000000e+02,2.166999969482421875e+02,2.203000000000000114e+02,3.864600000000000000e+06
2.014031700000000000e+07,2.199000000000000057e+02,2.256999969482421875e+02,2.153000030517578125e+02,2.218000000000000114e+02,3.832700000000000000e+06
2.014032400000000000e+07,2.210000000000000000e+02,2.240000000000000000e+02,2.151920013427734375e+02,2.230000000000000000e+02,2.748700000000000000e+06
2.014033100000000000e+07,2.220999999999999943e+02,2.336999969482421875e+02,2.221000061035156250e+02,2.275999999999999943e+02,3.369300000000000000e+06
2.014040700000000000e+07,2.260000000000000000e+02,2.303950042724609375e+02,2.168000030517578125e+02,2.176999999999999886e+02,3.325100000000000000e+06
2.014041400000000000e+07,2.153000000000000114e+02,2.231000061035156250e+02,2.115000000000000000e+02,2.215999999999999943e+02,2.349400000000000000e+06
2.014042100000000000e+07,2.215999999999999943e+02,2.256000061035156250e+02,2.155000000000000000e+02,2.173000000000000114e+02,4.465300000000000000e+06
2.014042800000000000e+07,2.183000000000000114e+02,2.183999938964843750e+02,2.093000030517578125e+02,2.140000000000000000e+02,4.470200000000000000e+06
2.014050500000000000e+07,2.140000000000000000e+02,2.176999969482421875e+02,2.088999938964843750e+02,2.100999999999999943e+02,3.365700000000000000e+06
2.014051200000000000e+07,2.080999999999999943e+02,2.115000000000000000e+02,1.941000061035156250e+02,1.965000000000000000e+02,5.668100000000000000e+06
2.014051900000000000e+07,1.969000000000000057e+02,2.030000000000000000e+02,1.945000000000000000e+02,1.970999999999999943e+02,4.578400000000000000e+06
2.014052600000000000e+07,1.970999999999999943e+02,2.128999938964843750e+02,1.946999969482421875e+02,2.090000000000000000e+02,7.881500000000000000e+06
2.014060200000000000e+07,2.090999999999999943e+02,2.130000000000000000e+02,2.088999938964843750e+02,2.118000000000000114e+02,5.894300000000000000e+06
2.014060900000000000e+07,2.120000000000000000e+02,2.155000000000000000e+02,2.091999969482421875e+02,2.100000000000000000e+02,4.161300000000000000e+06
2.014061600000000000e+07,2.090000000000000000e+02,2.116000061035156250e+02,2.076000061035156250e+02,2.104000000000000057e+02,7.151500000000000000e+06
2.014062300000000000e+07,2.100000000000000000e+02,2.105879974365234375e+02,2.006999969482421875e+02,2.060000000000000000e+02,5.035500000000000000e+06
2.014063000000000000e+07,2.055999999999999943e+02,2.130000000000000000e+02,2.046999969482421875e+02,2.116999999999999886e+02,4.026400000000000000e+06
2.014070700000000000e+07,2.111999999999999886e+02,2.121999969482421875e+02,2.020000000000000000e+02,2.031999999999999886e+02,4.431700000000000000e+06
2.014071400000000000e+07,2.048000000000000114e+02,2.088999938964843750e+02,2.036000061035156250e+02,2.080999999999999943e+02,4.026600000000000000e+06
2.014072100000000000e+07,2.076999999999999886e+02,2.160000000000000000e+02,2.040000000000000000e+02,2.089000000000000057e+02,5.190300000000000000e+06
2.014072800000000000e+07,2.089000000000000057e+02,2.100000000000000000e+02,2.025000000000000000e+02,2.064000000000000057e+02,2.876500000000000000e+06
2.014080400000000000e+07,2.055999999999999943e+02,2.056000061035156250e+02,1.968800048828125000e+02,2.025000000000000000e+02,5.082900000000000000e+06
2.014081100000000000e+07,2.039000000000000057e+02,2.109499969482421875e+02,2.033000030517578125e+02,2.089000000000000057e+02,3.896000000000000000e+06
2.014081800000000000e+07,2.106999999999999886e+02,2.151999969482421875e+02,2.090480041503906250e+02,2.133000000000000114e+02,2.990400000000000000e+06
2.014082500000000000e+07,2.133000000000000114e+02,2.191999969482421875e+02,2.128000030517578125e+02,2.165999999999999943e+02,2.550500000000000000e+06
2.014090100000000000e+07,2.173000000000000114e+02,2.226999969482421875e+02,2.153840026855468750e+02,2.195999999999999943e+02,3.362900000000000000e+06
2.014090800000000000e+07,2.200000000000000000e+02,2.281000061035156250e+02,2.151000061035156250e+02,2.256999999999999886e+02,3.923500000000000000e+06
2.014091500000000000e+07,2.234000000000000057e+02,2.318999938964843750e+02,2.206000061035156250e+02,2.280000000000000000e+02,4.173100000000000000e+06
2.014092200000000000e+07,2.265000000000000000e+02,2.281999969482421875e+02,2.188000030517578125e+02,2.233000000000000114e+02,3.415500000000000000e+06
2.014092900000000000e+07,2.218000000000000114e+02,2.293000030517578125e+02,2.211999969482421875e+02,2.278000000000000114e+02,3.673400000000000000e+06
2.014100600000000000e+07,2.280000000000000000e+02,2.306999969482421875e+02,2.141000061035156250e+02,2.179000000000000057e+02,3.334600000000000000e+06
2.014101300000000000e+07,2.164000000000000057e+02,2.201000061035156250e+02,1.913000030517578125e+02,1.990000000000000000e+02,1.039310000000000000e+07
2.014102000000000000e+07,1.983000000000000114e+02,2.066000061035156250e+02,1.972189941406250000e+02,2.043000000000000114e+02,6.949300000000000000e+06
2.014102700000000000e+07,2.025000000000000000e+02,2.086000061035156250e+02,2.008000030517578125e+02,2.019000000000000057e+02,7.952300000000000000e+06
2.014110300000000000e+07,2.028000000000000114e+02,2.080000000000000000e+02,2.006000061035156250e+02,2.053000000000000114e+02,6.426600000000000000e+06
2.014111000000000000e+07,2.065000000000000000e+02,2.106000061035156250e+02,2.043000030517578125e+02,2.078000000000000114e+02,5.396400000000000000e+06
2.014111700000000000e+07,2.059000000000000057e+02,2.086999969482421875e+02,1.998099975585937500e+02,2.044000000000000057e+02,5.623100000000000000e+06
2.014112400000000000e+07,2.035000000000000000e+02,2.086000061035156250e+02,1.946990051269531250e+02,1.979000000000000057e+02,5.813000000000000000e+06
2.014120100000000000e+07,1.966999999999999886e+02,2.023000030517578125e+02,1.945000000000000000e+02,1.990000000000000000e+02,4.404100000000000000e+06
2.014120800000000000e+07,1.979000000000000057e+02,1.991999969482421875e+02,1.850000000000000000e+02,1.850000000000000000e+02,5.018100000000000000e+06
2.014121500000000000e+07,1.845000000000000000e+02,1.913000030517578125e+02,1.791999969482421875e+02,1.900000000000000000e+02,7.676200000000000000e+06
2.014122200000000000e+07,1.920000000000000000e+02,1.925000000000000000e+02,1.893600006103515625e+02,1.904000000000000057e+02,1.478700000000000000e+06
2.014122900000000000e+07,1.900000000000000000e+02,1.918999938964843750e+02,1.790200042724609375e+02,1.890999999999999943e+02,1.690800000000000000e+06
2.015010500000000000e+07,1.893000000000000114e+02,1.905000000000000000e+02,1.830000000000000000e+02,1.870999999999999943e+02,4.822700000000000000e+06
2.015011200000000000e+07,1.881999999999999886e+02,1.896000061035156250e+02,1.791999969482421875e+02,1.819000000000000057e+02,1.015410000000000000e+07
2.015011900000000000e+07,1.834000000000000057e+02,1.911000061035156250e+02,1.833999938964843750e+02,1.876999999999999886e+02,6.851500000000000000e+06
2.015012600000000000e+07,1.881999999999999886e+02,1.943999938964843750e+02,1.861000061035156250e+02,1.870999999999999943e+02,5.564300000000000000e+06
2.015020200000000000e+07,1.865999999999999943e+02,1.940000000000000000e+02,1.866000061035156250e+02,1.894000000000000057e+02,4.057500000000000000e+06
2.015020900000000000e+07,1.898000000000000114e+02,1.956999969482421875e+02,1.847870025634765625e+02,1.941999999999999886e+02,6.253400000000000000e+06
2.015021600000000000e+07,1.950000000000000000e+02,1.976999969482421875e+02,1.931000061035156250e+02,1.975000000000000000e+02,2.832900000000000000e+06
2.015022300000000000e+07,1.971999999999999886e+02,2.007299957275390625e+02,1.971000061035156250e+02,1.996999999999999886e+02,6.546500000000000000e+06
2.015030200000000000e+07,2.000999999999999943e+02,2.017079925537109375e+02,1.960000000000000000e+02,1.995999999999999943e+02,5.518000000000000000e+06
2.015030900000000000e+07,1.979000000000000057e+02,2.008999938964843750e+02,1.963000030517578125e+02,1.993000000000000114e+02,5.211300000000000000e+06
2.015031600000000000e+07,2.013000000000000114e+02,2.018000030517578125e+02,1.955000000000000000e+02,1.975000000000000000e+02,6.818900000000000000e+06
2.015032300000000000e+07,1.966999999999999886e+02,1.998999938964843750e+02,1.915000000000000000e+02,1.915000000000000000e+02,1.030800000000000000e+07
2.015033000000000000e+07,1.935999999999999943e+02,1.968999938964843750e+02,1.876999969482421875e+02,1.918000000000000114e+02,4.841600000000000000e+06
2.015040600000000000e+07,1.918000000000000114e+02,1.980000000000000000e+02,1.918000030517578125e+02,1.975000000000000000e+02,5.703000000000000000e+06
2.015041300000000000e+07,1.970000000000000000e+02,2.065000000000000000e+02,1.943999938964843750e+02,2.025000000000000000e+02,7.797300000000000000e+06
2.015042000000000000e+07,2.030000000000000000e+02,2.070000000000000000e+02,2.013999938964843750e+02,2.028000000000000114e+02,8.841900000000000000e+06
2.015042700000000000e+07,2.026999999999999886e+02,2.046999969482421875e+02,1.993399963378906250e+02,2.029000000000000057e+02,8.197500000000000000e+06
2.015050400000000000e+07,2.029000000000000057e+02,2.131999969482421875e+02,2.001100006103515625e+02,2.069000000000000057e+02,9.699900000000000000e+06
2.015051100000000000e+07,2.074000000000000057e+02,2.143000030517578125e+02,2.055000000000000000e+02,2.139000000000000057e+02,9.152800000000000000e+06
2.015051800000000000e+07,2.136999999999999886e+02,2.395000000000000000e+02,2.124600067138671875e+02,2.354000000000000057e+02,1.344790000000000000e+07
2.015052500000000000e+07,2.354000000000000057e+02,2.401000061035156250e+02,2.313000030517578125e+02,2.365999999999999943e+02,9.344100000000000000e+06
2.015060100000000000e+07,2.390000000000000000e+02,2.390000000000000000e+02,2.330899963378906250e+02,2.363000000000000114e+02,7.351700000000000000e+06
2.015060800000000000e+07,2.349000000000000057e+02,2.376000061035156250e+02,2.295700073242187500e+02,2.300999999999999943e+02,6.169500000000000000e+06
2.015061500000000000e+07,2.293000000000000114e+02,2.321000061035156250e+02,2.251000061035156250e+02,2.271999999999999886e+02,7.157500000000000000e+06
2.015062200000000000e+07,2.314000000000000057e+02,2.371999969482421875e+02,2.288000030517578125e+02,2.305999999999999943e+02,6.537600000000000000e+06
2.015062900000000000e+07,2.269000000000000057e+02,2.311999969482421875e+02,2.228000030517578125e+02,2.268000000000000114e+02,6.306500000000000000e+06
2.015070600000000000e+07,2.255000000000000000e+02,2.296999969482421875e+02,2.228000030517578125e+02,2.295999999999999943e+02,4.765500000000000000e+06
2.015071300000000000e+07,2.285999999999999943e+02,2.380000000000000000e+02,2.285000000000000000e+02,2.376999999999999886e+02,4.653100000000000000e+06
2.015072000000000000e+07,2.390000000000000000e+02,2.390000000000000000e+02,2.250000000000000000e+02,2.331999999999999886e+02,5.365000000000000000e+06
2.015072700000000000e+07,2.315000000000000000e+02,2.371999969482421875e+02,2.288000030517578125e+02,2.371999999999999886e+02,7.550200000000000000e+06
2.015080300000000000e+07,2.365999999999999943e+02,2.402180023193359375e+02,2.321000061035156250e+02,2.351999999999999886e+02,5.717800000000000000e+06
2.015081000000000000e+07,2.373000000000000114e+02,2.411000061035156250e+02,2.288000030517578125e+02,2.363000000000000114e+02,7.320600000000000000e+06
2.015081700000000000e+07,2.389000000000000057e+02,2.406000061035156250e+02,2.293999938964843750e+02,2.294000000000000057e+02,6.338300000000000000e+06
2.015082400000000000e+07,2.250999999999999943e+02,2.328999938964843750e+02,2.176999969482421875e+02,2.329000000000000057e+02,7.542800000000000000e+06
2.015083100000000000e+07,2.329000000000000057e+02,2.343000030517578125e+02,2.278000030517578125e+02,2.290000000000000000e+02,7.318000000000000000e+06
2.015090700000000000e+07,2.315000000000000000e+02,2.356000061035156250e+02,2.255000000000000000e+02,2.340000000000000000e+02,1.008250000000000000e+07
2.015091400000000000e+07,2.351999999999999886e+02,2.365000000000000000e+02,2.251000061035156250e+02,2.273000000000000114e+02,6.275300000000000000e+06
2.015092100000000000e+07,2.261999999999999886e+02,2.290000000000000000e+02,2.208999938964843750e+02,2.246999999999999886e+02,3.856600000000000000e+06
2.015092800000000000e+07,2.248000000000000114e+02,2.320000000000000000e+02,2.208000030517578125e+02,2.294000000000000057e+02,6.622200000000000000e+06
2.015100500000000000e+07,2.323000000000000114e+02,2.350000000000000000e+02,2.280000000000000000e+02,2.309000000000000057e+02,5.266400000000000000e+06
2.015101200000000000e+07,2.296999999999999886e+02,2.321000061035156250e+02,2.240000000000000000e+02,2.255999999999999943e+02,4.378800000000000000e+06
2.015101900000000000e+07,2.260000000000000000e+02,2.275000000000000000e+02,2.231000061035156250e+02,2.250999999999999943e+02,7.688600000000000000e+06
2.015102600000000000e+07,2.254000000000000057e+02,2.265000000000000000e+02,2.216000061035156250e+02,2.240000000000000000e+02,4.987700000000000000e+06
2.015110200000000000e+07,2.236999999999999886e+02,2.303999938964843750e+02,2.233999938964843750e+02,2.300000000000000000e+02,7.305200000000000000e+06
2.015110900000000000e+07,2.300000000000000000e+02,2.323999938964843750e+02,2.275000000000000000e+02,2.300000000000000000e+02,7.670700000000000000e+06
2.015111600000000000e+07,2.269000000000000057e+02,2.638999938964843750e+02,2.268999938964843750e+02,2.608000000000000114e+02,1.580360000000000000e+07
2.015112300000000000e+07,2.610000000000000000e+02,2.660000000000000000e+02,2.558999938964843750e+02,2.583000000000000114e+02,9.367600000000000000e+06
2.015113000000000000e+07,2.588999999999999773e+02,2.705000000000000000e+02,2.565000000000000000e+02,2.645000000000000000e+02,7.845400000000000000e+06
2.015120700000000000e+07,2.640000000000000000e+02,2.737000122070312500e+02,2.640000000000000000e+02,2.695000000000000000e+02,1.008830000000000000e+07
2.015121400000000000e+07,2.756999999999999886e+02,2.757000122070312500e+02,2.669700012207031250e+02,2.715000000000000000e+02,6.717700000000000000e+06
2.015122100000000000e+07,2.721000000000000227e+02,2.731000061035156250e+02,2.641199951171875000e+02,2.726999999999999886e+02,3.748300000000000000e+06
2.016010400000000000e+07,2.693000000000000114e+02,2.692999877929687500e+02,2.518000030517578125e+02,2.606999999999999886e+02,5.980200000000000000e+06
2.016011100000000000e+07,2.573999999999999773e+02,2.600000000000000000e+02,2.435000000000000000e+02,2.469000000000000057e+02,1.051930000000000000e+07
2.016011800000000000e+07,2.460999999999999943e+02,2.478000030517578125e+02,2.326999969482421875e+02,2.350000000000000000e+02,8.300200000000000000e+06
2.016012500000000000e+07,2.355000000000000000e+02,2.366000061035156250e+02,2.260000000000000000e+02,2.323000000000000114e+02,8.870800000000000000e+06
2.016020100000000000e+07,2.325999999999999943e+02,2.343999938964843750e+02,2.208999938964843750e+02,2.221999999999999886e+02,6.966500000000000000e+06
2.016020800000000000e+07,2.220000000000000000e+02,2.293999938964843750e+02,2.110000000000000000e+02,2.240000000000000000e+02,1.091310000000000000e+07
2.016021500000000000e+07,2.269000000000000057e+02,2.421000061035156250e+02,2.231999969482421875e+02,2.348000000000000114e+02,6.205300000000000000e+06
2.016022200000000000e+07,2.335000000000000000e+02,2.398000030517578125e+02,2.305000000000000000e+02,2.350999999999999943e+02,4.056600000000000000e+06
