2.005071800000000000e+07,1.828000000000000000e+03,1.872000000000000000e+03,1.766290039062500000e+03,1.795000000000000000e+03,8.766960000000000000e+07
2.005072500000000000e+07,1.811000000000000000e+03,2.061000000000000000e+03,1.701000000000000000e+03,1.806000000000000000e+03,8.380700000000000000e+07
2.005080100000000000e+07,1.806000000000000000e+03,1.864900024414062500e+03,1.760000000000000000e+03,1.855000000000000000e+03,3.306230000000000000e+07
2.005080800000000000e+07,1.865000000000000000e+03,1.978890014648437500e+03,1.800599975585937500e+03,1.923000000000000000e+03,5.434430000000000000e+07
2.005081500000000000e+07,1.928000000000000000e+03,1.940560058593750000e+03,1.821000000000000000e+03,1.866000000000000000e+03,3.113270000000000000e+07
2.005082200000000000e+07,1.874000000000000000e+03,1.879000000000000000e+03,1.758000000000000000e+03,1.764000000000000000e+03,2.118120000000000000e+07
2.005082900000000000e+07,1.824000000000000000e+03,1.905000000000000000e+03,1.807000000000000000e+03,1.807000000000000000e+03,2.582940000000000000e+07
2.005090500000000000e+07,1.873000000000000000e+03,1.887000000000000000e+03,8.744299926757812500e+02,1.834000000000000000e+03,2.200970000000000000e+07
2.005091200000000000e+07,1.838000000000000000e+03,1.891000000000000000e+03,1.759000000000000000e+03,1.818000000000000000e+03,2.650190000000000000e+07
2.005091900000000000e+07,1.885000000000000000e+03,1.944000000000000000e+03,1.872000000000000000e+03,1.914000000000000000e+03,4.206740000000000000e+07
2.005092600000000000e+07,1.823000000000000000e+03,1.978000000000000000e+03,1.809000000000000000e+03,1.958000000000000000e+03,2.138380000000000000e+07
2.005100300000000000e+07,1.957000000000000000e+03,1.959000000000000000e+03,1.775000000000000000e+03,1.790000000000000000e+03,2.465120000000000000e+07
2.005101000000000000e+07,1.875000000000000000e+03,1.889000000000000000e+03,1.783000000000000000e+03,1.804000000000000000e+03,6.545600000000000000e+07
2.005101700000000000e+07,1.819000000000000000e+03,3.547919921875000000e+03,1.717000000000000000e+03,1.727000000000000000e+03,5.840870000000000000e+07
2.005102400000000000e+07,1.728000000000000000e+03,1.817400024414062500e+03,1.672000000000000000e+03,1.809000000000000000e+03,2.440520000000000000e+07
2.005103100000000000e+07,1.818000000000000000e+03,1.871250000000000000e+03,1.736000000000000000e+03,1.849000000000000000e+03,5.456230000000000000e+07
2.005110700000000000e+07,1.852000000000000000e+03,1.861000000000000000e+03,1.725000000000000000e+03,1.804000000000000000e+03,3.886310000000000000e+07
2.005111400000000000e+07,1.800000000000000000e+03,1.909439941406250000e+03,1.730000000000000000e+03,1.814000000000000000e+03,1.680420000000000000e+07
2.005112100000000000e+07,1.881000000000000000e+03,1.952000000000000000e+03,1.720170043945312500e+03,1.927000000000000000e+03,2.543200000000000000e+07
2.005112800000000000e+07,1.933000000000000000e+03,3.471000000000000000e+03,1.865000000000000000e+03,1.904000000000000000e+03,4.315750000000000000e+07
2.005120500000000000e+07,1.910000000000000000e+03,1.919000000000000000e+03,1.812000000000000000e+03,1.886000000000000000e+03,3.375500000000000000e+07
2.005121200000000000e+07,1.887000000000000000e+03,1.892000000000000000e+03,1.839329956054687500e+03,1.840000000000000000e+03,4.951930000000000000e+07
2.005121900000000000e+07,1.843000000000000000e+03,1.876000000000000000e+03,1.816000000000000000e+03,1.858000000000000000e+03,2.943330000000000000e+07
2.005122600000000000e+07,1.858000000000000000e+03,1.877000000000000000e+03,1.832000000000000000e+03,1.858000000000000000e+03,7.684000000000000000e+06
2.006010200000000000e+07,1.858000000000000000e+03,1.940000000000000000e+03,1.858000000000000000e+03,1.935000000000000000e+03,3.595780000000000000e+07
2.006010900000000000e+07,1.938000000000000000e+03,1.958000000000000000e+03,1.914160034179687500e+03,1.929000000000000000e+03,3.160960000000000000e+07
2.006011600000000000e+07,1.930000000000000000e+03,1.959000000000000000e+03,1.919000000000000000e+03,1.923000000000000000e+03,3.234730000000000000e+07
2.006012300000000000e+07,1.919000000000000000e+03,1.973000000000000000e+03,1.824489990234375000e+03,1.960000000000000000e+03,3.161290000000000000e+07
2.006013000000000000e+07,1.960000000000000000e+03,2.020000000000000000e+03,1.919329956054687500e+03,1.933000000000000000e+03,6.469890000000000000e+07
2.006020600000000000e+07,1.934000000000000000e+03,1.948000000000000000e+03,1.859359985351562500e+03,1.875000000000000000e+03,6.685360000000000000e+07
2.006021300000000000e+07,1.880000000000000000e+03,1.891000000000000000e+03,1.786000000000000000e+03,1.873000000000000000e+03,4.395720000000000000e+07
2.006022000000000000e+07,1.869000000000000000e+03,1.895000000000000000e+03,1.817109985351562500e+03,1.827000000000000000e+03,4.437860000000000000e+07
2.006022700000000000e+07,1.806000000000000000e+03,1.857000000000000000e+03,1.791000000000000000e+03,1.840000000000000000e+03,4.770650000000000000e+07
2.006030600000000000e+07,1.853000000000000000e+03,2.675790039062500000e+03,1.807329956054687500e+03,1.849000000000000000e+03,4.825500000000000000e+07
2.006031300000000000e+07,1.859000000000000000e+03,1.869000000000000000e+03,1.830310058593750000e+03,1.836000000000000000e+03,4.172820000000000000e+07
2.006032000000000000e+07,1.845000000000000000e+03,1.854609985351562500e+03,1.795000000000000000e+03,1.840000000000000000e+03,3.636680000000000000e+07
2.006032700000000000e+07,1.848000000000000000e+03,1.897000000000000000e+03,1.757000000000000000e+03,1.872000000000000000e+03,4.519030000000000000e+07
2.006040300000000000e+07,1.875000000000000000e+03,1.956699951171875000e+03,1.870000000000000000e+03,1.928000000000000000e+03,6.772070400000000000e+07
2.006041000000000000e+07,1.929000000000000000e+03,2.011010009765625000e+03,1.923000000000000000e+03,1.970000000000000000e+03,5.300430000000000000e+07
2.006041700000000000e+07,1.970000000000000000e+03,2.046000000000000000e+03,1.970000000000000000e+03,2.043000000000000000e+03,6.183380000000000000e+07
2.006042400000000000e+07,2.050000000000000000e+03,2.071000000000000000e+03,1.961000000000000000e+03,1.961000000000000000e+03,6.314380000000000000e+07
2.006050100000000000e+07,1.961000000000000000e+03,1.996000000000000000e+03,1.930000000000000000e+03,1.954000000000000000e+03,4.599580000000000000e+07
2.006050800000000000e+07,1.949000000000000000e+03,1.966000000000000000e+03,1.879000000000000000e+03,1.879000000000000000e+03,4.685670000000000000e+07
2.006051500000000000e+07,1.785000000000000000e+03,1.879000000000000000e+03,1.715000000000000000e+03,1.795000000000000000e+03,1.281970000000000000e+07
2.006052200000000000e+07,1.736000000000000000e+03,1.869000000000000000e+03,1.707000000000000000e+03,1.790000000000000000e+03,1.268590000000000000e+07
2.006052900000000000e+07,1.869000000000000000e+03,1.872739990234375000e+03,1.755000000000000000e+03,1.755000000000000000e+03,1.123420000000000000e+07
2.006060500000000000e+07,1.841000000000000000e+03,1.868130004882812500e+03,1.683000000000000000e+03,1.720000000000000000e+03,5.210800000000000000e+06
2.006061200000000000e+07,1.789000000000000000e+03,1.806000000000000000e+03,1.671000000000000000e+03,1.702000000000000000e+03,1.749530000000000000e+07
2.006061900000000000e+07,1.712000000000000000e+03,1.831000000000000000e+03,1.689000000000000000e+03,1.753000000000000000e+03,5.947700000000000000e+06
2.006062600000000000e+07,1.755000000000000000e+03,1.912000000000000000e+03,1.738000000000000000e+03,1.891000000000000000e+03,2.672100000000000000e+07
2.006070300000000000e+07,1.893000000000000000e+03,1.936000000000000000e+03,1.891000000000000000e+03,1.932000000000000000e+03,1.713110000000000000e+07
2.006071000000000000e+07,1.925000000000000000e+03,1.943000000000000000e+03,1.900000000000000000e+03,1.903000000000000000e+03,2.833360000000000000e+07
2.006071700000000000e+07,1.905000000000000000e+03,1.913000000000000000e+03,1.836000000000000000e+03,1.876000000000000000e+03,3.476520000000000000e+07
2.006072400000000000e+07,1.875000000000000000e+03,2.528840087890625000e+03,1.871000000000000000e+03,1.993000000000000000e+03,3.444160000000000000e+07
2.006073100000000000e+07,1.990000000000000000e+03,1.996000000000000000e+03,1.897719970703125000e+03,1.935000000000000000e+03,2.709890000000000000e+07
2.006080700000000000e+07,1.925000000000000000e+03,1.959000000000000000e+03,1.915000000000000000e+03,1.922000000000000000e+03,3.943080000000000000e+07
2.006081400000000000e+07,1.929000000000000000e+03,1.957000000000000000e+03,1.849000000000000000e+03,1.948000000000000000e+03,3.388650000000000000e+07
2.006082100000000000e+07,1.958000000000000000e+03,1.975959960937500000e+03,1.921000000000000000e+03,1.933000000000000000e+03,3.774310000000000000e+07
2.006082800000000000e+07,1.933000000000000000e+03,1.944000000000000000e+03,1.867000000000000000e+03,1.877000000000000000e+03,2.932920000000000000e+07
2.006090400000000000e+07,1.874000000000000000e+03,1.903000000000000000e+03,1.844000000000000000e+03,1.852000000000000000e+03,3.955160000000000000e+07
2.006091100000000000e+07,1.842000000000000000e+03,1.844000000000000000e+03,1.776579956054687500e+03,1.783000000000000000e+03,5.144000000000000000e+07
2.006091800000000000e+07,1.782000000000000000e+03,1.808369995117187500e+03,9.540000000000000000e+02,1.759000000000000000e+03,3.444020000000000000e+07
2.006092500000000000e+07,1.759000000000000000e+03,1.826000000000000000e+03,1.733000000000000000e+03,1.813000000000000000e+03,4.718670000000000000e+07
2.006100200000000000e+07,1.818000000000000000e+03,1.825000000000000000e+03,1.752000000000000000e+03,1.767000000000000000e+03,4.517520000000000000e+07
2.006100900000000000e+07,1.768000000000000000e+03,1.827000000000000000e+03,1.768000000000000000e+03,1.820000000000000000e+03,3.565420000000000000e+07
2.006101600000000000e+07,1.816000000000000000e+03,1.861000000000000000e+03,1.811000000000000000e+03,1.817000000000000000e+03,3.948770000000000000e+07
2.006102300000000000e+07,1.820000000000000000e+03,1.918000000000000000e+03,1.757000000000000000e+03,1.890000000000000000e+03,5.374760000000000000e+07
2.006103000000000000e+07,1.881000000000000000e+03,1.895000000000000000e+03,1.831000000000000000e+03,1.860000000000000000e+03,4.918860000000000000e+07
2.006110600000000000e+07,1.865000000000000000e+03,1.943000000000000000e+03,1.865000000000000000e+03,1.933000000000000000e+03,3.311850000000000000e+07
2.006111300000000000e+07,1.925000000000000000e+03,1.950000000000000000e+03,1.889750000000000000e+03,1.895000000000000000e+03,3.125050000000000000e+07
2.006112000000000000e+07,1.891000000000000000e+03,1.897000000000000000e+03,1.838000000000000000e+03,1.854000000000000000e+03,4.109810000000000000e+07
2.006112700000000000e+07,1.858000000000000000e+03,1.865270019531250000e+03,1.783000000000000000e+03,1.795000000000000000e+03,5.582460000000000000e+07
2.006120400000000000e+07,1.795000000000000000e+03,2.667330078125000000e+03,1.784000000000000000e+03,1.844000000000000000e+03,4.243310000000000000e+07
2.006121100000000000e+07,1.842000000000000000e+03,1.899430053710937500e+03,1.791000000000000000e+03,1.837000000000000000e+03,4.383260000000000000e+07
2.006121800000000000e+07,1.838000000000000000e+03,1.843000000000000000e+03,1.777810058593750000e+03,1.797000000000000000e+03,3.455340000000000000e+07
2.006122500000000000e+07,1.797000000000000000e+03,1.817000000000000000e+03,1.783000000000000000e+03,1.790000000000000000e+03,1.313650000000000000e+07
2.007010100000000000e+07,1.790000000000000000e+03,1.823000000000000000e+03,1.732000000000000000e+03,1.732000000000000000e+03,4.327530000000000000e+07
2.007010800000000000e+07,1.744000000000000000e+03,1.747000000000000000e+03,1.680469970703125000e+03,1.714000000000000000e+03,4.031530000000000000e+07
2.007011500000000000e+07,1.724000000000000000e+03,1.742000000000000000e+03,1.691000000000000000e+03,1.717000000000000000e+03,4.146800000000000000e+07
2.007012200000000000e+07,1.722000000000000000e+03,1.753000000000000000e+03,1.696170043945312500e+03,1.719000000000000000e+03,4.955140000000000000e+07
2.007012900000000000e+07,1.720000000000000000e+03,1.919500000000000000e+03,1.343000000000000000e+03,1.707000000000000000e+03,5.930570000000000000e+07
2.007020500000000000e+07,1.703000000000000000e+03,1.730000000000000000e+03,1.684109985351562500e+03,1.703000000000000000e+03,4.031220000000000000e+07
2.007021200000000000e+07,1.700000000000000000e+03,1.711560058593750000e+03,1.600000000000000000e+03,1.685000000000000000e+03,2.952430000000000000e+07
2.007021900000000000e+07,1.686000000000000000e+03,1.702000000000000000e+03,1.653000000000000000e+03,1.702000000000000000e+03,4.514070000000000000e+07
2.007022600000000000e+07,1.706000000000000000e+03,1.721000000000000000e+03,1.611979980468750000e+03,1.632000000000000000e+03,5.322800000000000000e+07
2.007030500000000000e+07,1.617000000000000000e+03,1.682000000000000000e+03,1.607000000000000000e+03,1.677000000000000000e+03,5.433700000000000000e+07
2.007031200000000000e+07,1.675000000000000000e+03,1.678000000000000000e+03,1.600000000000000000e+03,1.618000000000000000e+03,4.883560000000000000e+07
2.007031900000000000e+07,1.633000000000000000e+03,1.678000000000000000e+03,1.600000000000000000e+03,1.670000000000000000e+03,6.245390000000000000e+07
2.007032600000000000e+07,1.675000000000000000e+03,1.720000000000000000e+03,1.662339965820312500e+03,1.691000000000000000e+03,5.126020000000000000e+07
2.007040200000000000e+07,1.695000000000000000e+03,1.698000000000000000e+03,1.671000000000000000e+03,1.691000000000000000e+03,2.369690000000000000e+07
2.007040900000000000e+07,1.691000000000000000e+03,1.896000000000000000e+03,1.679000000000000000e+03,1.737000000000000000e+03,3.002600000000000000e+07
2.007041600000000000e+07,1.748000000000000000e+03,1.769000000000000000e+03,1.728000000000000000e+03,1.765000000000000000e+03,5.066650000000000000e+07
2.007042300000000000e+07,1.773000000000000000e+03,1.806000000000000000e+03,1.762000000000000000e+03,1.767000000000000000e+03,5.286170000000000000e+07
2.007043000000000000e+07,1.768000000000000000e+03,1.959900024414062500e+03,1.752000000000000000e+03,1.857000000000000000e+03,5.523410000000000000e+07
2.007050700000000000e+07,1.857000000000000000e+03,1.857000000000000000e+03,1.740060058593750000e+03,1.790000000000000000e+03,3.636450000000000000e+07
2.007051400000000000e+07,1.794000000000000000e+03,1.917000000000000000e+03,1.782709960937500000e+03,1.906000000000000000e+03,7.804070400000000000e+07
2.007052100000000000e+07,1.920000000000000000e+03,1.958000000000000000e+03,1.801349975585937500e+03,1.899000000000000000e+03,5.739150000000000000e+07
2.007052800000000000e+07,1.899000000000000000e+03,1.940439941406250000e+03,1.864000000000000000e+03,1.936000000000000000e+03,1.908630000000000000e+07
2.007060400000000000e+07,1.936000000000000000e+03,3.564179931640625000e+03,1.929000000000000000e+03,1.993000000000000000e+03,6.885100000000000000e+07
2.007061100000000000e+07,1.991000000000000000e+03,2.042000000000000000e+03,1.927000000000000000e+03,2.040000000000000000e+03,5.089700000000000000e+07
2.007061800000000000e+07,2.049000000000000000e+03,2.057000000000000000e+03,1.923959960937500000e+03,2.032000000000000000e+03,5.539500000000000000e+07
2.007062500000000000e+07,2.028000000000000000e+03,3.084000000000000000e+03,1.035000000000000000e+03,2.083000000000000000e+03,4.381200000000000000e+07
2.007070200000000000e+07,2.078000000000000000e+03,2.169000000000000000e+03,2.066860107421875000e+03,2.167000000000000000e+03,5.597750000000000000e+07
2.007070900000000000e+07,2.173000000000000000e+03,2.173750000000000000e+03,1.222000000000000000e+03,2.117000000000000000e+03,5.113020000000000000e+07
2.007071600000000000e+07,2.125000000000000000e+03,2.125000000000000000e+03,2.044000000000000000e+03,2.048000000000000000e+03,4.050810000000000000e+07
2.007072300000000000e+07,2.044000000000000000e+03,2.078000000000000000e+03,1.927000000000000000e+03,1.937000000000000000e+03,5.914640000000000000e+07
2.007073000000000000e+07,1.942000000000000000e+03,1.966000000000000000e+03,1.867000000000000000e+03,1.875000000000000000e+03,4.748860000000000000e+07
2.007080600000000000e+07,1.857000000000000000e+03,1.941000000000000000e+03,1.707410034179687500e+03,1.802000000000000000e+03,5.452890000000000000e+07
2.007081300000000000e+07,1.820000000000000000e+03,1.913869995117187500e+03,1.737000000000000000e+03,1.839000000000000000e+03,4.324870000000000000e+07
2.007082000000000000e+07,1.843000000000000000e+03,2.623000000000000000e+03,1.758579956054687500e+03,1.894000000000000000e+03,3.210080000000000000e+07
2.007082700000000000e+07,1.894000000000000000e+03,1.940630004882812500e+03,1.826000000000000000e+03,1.934000000000000000e+03,2.425980000000000000e+07
2.007090300000000000e+07,1.937000000000000000e+03,2.014000000000000000e+03,1.921000000000000000e+03,1.963000000000000000e+03,3.229060000000000000e+07
2.007091000000000000e+07,1.968000000000000000e+03,2.049959960937500000e+03,1.956000000000000000e+03,2.034000000000000000e+03,2.424330000000000000e+07
2.007091700000000000e+07,2.033000000000000000e+03,2.112000000000000000e+03,2.006000000000000000e+03,2.082000000000000000e+03,5.523390000000000000e+07
2.007092400000000000e+07,2.073000000000000000e+03,2.094000000000000000e+03,2.005000000000000000e+03,2.012000000000000000e+03,3.716970000000000000e+07
2.007100100000000000e+07,1.992000000000000000e+03,2.041000000000000000e+03,1.935000000000000000e+03,1.949000000000000000e+03,5.006270000000000000e+07
2.007100800000000000e+07,1.945000000000000000e+03,2.050070068359375000e+03,1.932000000000000000e+03,2.041000000000000000e+03,4.875830000000000000e+07
2.007101500000000000e+07,2.035000000000000000e+03,2.095000000000000000e+03,2.035000000000000000e+03,2.051000000000000000e+03,4.298410000000000000e+07
2.007102200000000000e+07,2.025000000000000000e+03,2.128500000000000000e+03,2.001000000000000000e+03,2.121000000000000000e+03,4.212870000000000000e+07
2.007102900000000000e+07,2.131000000000000000e+03,2.145000000000000000e+03,2.023000000000000000e+03,2.034000000000000000e+03,4.329910000000000000e+07
2.007110500000000000e+07,2.027000000000000000e+03,2.048000000000000000e+03,1.969000000000000000e+03,1.982000000000000000e+03,3.810460000000000000e+07
2.007111200000000000e+07,1.972000000000000000e+03,1.976000000000000000e+03,1.914000000000000000e+03,1.923000000000000000e+03,3.675060000000000000e+07
2.007111900000000000e+07,1.935000000000000000e+03,2.020000000000000000e+03,1.915000000000000000e+03,1.981000000000000000e+03,3.742590000000000000e+07
2.007112600000000000e+07,1.999000000000000000e+03,1.999000000000000000e+03,1.906000000000000000e+03,1.952000000000000000e+03,2.106960000000000000e+07
2.007120300000000000e+07,1.948000000000000000e+03,2.016000000000000000e+03,1.915000000000000000e+03,1.996000000000000000e+03,2.975660000000000000e+07
2.007121000000000000e+07,1.990000000000000000e+03,2.016000000000000000e+03,1.946000000000000000e+03,1.996000000000000000e+03,2.604920000000000000e+07
2.007121700000000000e+07,1.971000000000000000e+03,2.078000000000000000e+03,1.948000000000000000e+03,2.072000000000000000e+03,3.457530000000000000e+07
2.007122400000000000e+07,2.087000000000000000e+03,2.115000000000000000e+03,2.070000000000000000e+03,2.098000000000000000e+03,4.998900000000000000e+06
2.007123100000000000e+07,2.101000000000000000e+03,2.178000000000000000e+03,2.078000000000000000e+03,2.125000000000000000e+03,1.763950000000000000e+07
2.008010700000000000e+07,2.117000000000000000e+03,2.168000000000000000e+03,2.051000000000000000e+03,2.059000000000000000e+03,3.594930000000000000e+07
2.008011400000000000e+07,2.057000000000000000e+03,2.095000000000000000e+03,1.883000000000000000e+03,1.883000000000000000e+03,4.094780000000000000e+07
2.008012100000000000e+07,1.846000000000000000e+03,1.916000000000000000e+03,1.677890014648437500e+03,1.803000000000000000e+03,6.820670400000000000e+07
2.008012800000000000e+07,1.777000000000000000e+03,1.793000000000000000e+03,1.693000000000000000e+03,1.758000000000000000e+03,4.600330000000000000e+07
2.008020400000000000e+07,1.778000000000000000e+03,1.801000000000000000e+03,1.660000000000000000e+03,1.690000000000000000e+03,3.717660000000000000e+07
2.008021100000000000e+07,1.683000000000000000e+03,1.798000000000000000e+03,1.682000000000000000e+03,1.727000000000000000e+03,4.211370000000000000e+07
2.008021800000000000e+07,1.742000000000000000e+03,1.798000000000000000e+03,1.731449951171875000e+03,1.781000000000000000e+03,3.071740000000000000e+07
2.008022500000000000e+07,1.797000000000000000e+03,1.838000000000000000e+03,1.771000000000000000e+03,1.781000000000000000e+03,2.811500000000000000e+07
2.008030300000000000e+07,1.755000000000000000e+03,1.767000000000000000e+03,1.657000000000000000e+03,1.668000000000000000e+03,3.339640000000000000e+07
2.008031000000000000e+07,1.667000000000000000e+03,1.745000000000000000e+03,1.662000000000000000e+03,1.688000000000000000e+03,3.701510000000000000e+07
2.008031700000000000e+07,1.680000000000000000e+03,1.708000000000000000e+03,1.598000000000000000e+03,1.598000000000000000e+03,3.924240000000000000e+07
2.008032400000000000e+07,1.598000000000000000e+03,1.683000000000000000e+03,1.360000000000000000e+03,1.659000000000000000e+03,2.902700000000000000e+07
2.008033100000000000e+07,1.650000000000000000e+03,1.771000000000000000e+03,1.640000000000000000e+03,1.769000000000000000e+03,3.491770000000000000e+07
2.008040700000000000e+07,1.780000000000000000e+03,1.854000000000000000e+03,1.509750000000000000e+03,1.820000000000000000e+03,2.524890000000000000e+07
2.008041400000000000e+07,1.803000000000000000e+03,1.894000000000000000e+03,1.799069946289062500e+03,1.881000000000000000e+03,3.232400000000000000e+07
2.008042100000000000e+07,1.877000000000000000e+03,1.957000000000000000e+03,1.877000000000000000e+03,1.926000000000000000e+03,4.067230000000000000e+07
2.008042800000000000e+07,1.933000000000000000e+03,2.050199951171875000e+03,1.920000000000000000e+03,2.020000000000000000e+03,3.477330000000000000e+07
2.008050500000000000e+07,2.020000000000000000e+03,2.070000000000000000e+03,2.007000000000000000e+03,2.021000000000000000e+03,2.472330000000000000e+07
2.008051200000000000e+07,2.021000000000000000e+03,2.919100097656250000e+03,1.994199951171875000e+03,2.094000000000000000e+03,2.985120000000000000e+07
2.008051900000000000e+07,2.094000000000000000e+03,2.245000000000000000e+03,2.083000000000000000e+03,2.128000000000000000e+03,4.328130000000000000e+07
2.008052600000000000e+07,2.128000000000000000e+03,2.171330078125000000e+03,2.084000000000000000e+03,2.105000000000000000e+03,2.920830000000000000e+07
2.008060200000000000e+07,2.103000000000000000e+03,2.104000000000000000e+03,2.009000000000000000e+03,2.055000000000000000e+03,3.224040000000000000e+07
2.008060900000000000e+07,2.054000000000000000e+03,2.112000000000000000e+03,2.024000000000000000e+03,2.045000000000000000e+03,2.855620000000000000e+07
2.008061600000000000e+07,1.980000000000000000e+03,2.061000000000000000e+03,1.910000000000000000e+03,1.910000000000000000e+03,2.789840000000000000e+07
2.008062300000000000e+07,1.934000000000000000e+03,1.982000000000000000e+03,1.905400024414062500e+03,1.962000000000000000e+03,3.749090000000000000e+07
2.008063000000000000e+07,1.959000000000000000e+03,2.027000000000000000e+03,1.934000000000000000e+03,1.940000000000000000e+03,3.220070000000000000e+07
2.008070700000000000e+07,1.955000000000000000e+03,2.023660034179687500e+03,1.898000000000000000e+03,1.919000000000000000e+03,3.004250000000000000e+07
2.008071400000000000e+07,1.957000000000000000e+03,1.960000000000000000e+03,1.774000000000000000e+03,1.820000000000000000e+03,0.000000000000000000e+00
2.008072100000000000e+07,1.820000000000000000e+03,1.874000000000000000e+03,1.805000000000000000e+03,1.825000000000000000e+03,0.000000000000000000e+00
2.008072800000000000e+07,1.818000000000000000e+03,1.873000000000000000e+03,1.780000000000000000e+03,1.780000000000000000e+03,0.000000000000000000e+00
2.008080400000000000e+07,1.794000000000000000e+03,1.794000000000000000e+03,1.747000000000000000e+03,1.747000000000000000e+03,0.000000000000000000e+00
2.008081100000000000e+07,1.760000000000000000e+03,1.853000000000000000e+03,1.760000000000000000e+03,1.797000000000000000e+03,3.749800000000000000e+06
2.008081800000000000e+07,1.795000000000000000e+03,1.890000000000000000e+03,1.787869995117187500e+03,1.890000000000000000e+03,1.778760000000000000e+07
2.008082500000000000e+07,1.890000000000000000e+03,1.928000000000000000e+03,1.822000000000000000e+03,1.921000000000000000e+03,1.477020000000000000e+07
2.008090100000000000e+07,1.910000000000000000e+03,1.929000000000000000e+03,1.729000000000000000e+03,1.736000000000000000e+03,2.428920000000000000e+07
2.008090800000000000e+07,1.774000000000000000e+03,1.786000000000000000e+03,1.716000000000000000e+03,1.757000000000000000e+03,2.190120000000000000e+07
2.008091500000000000e+07,1.734000000000000000e+03,1.738400024414062500e+03,1.535000000000000000e+03,1.684000000000000000e+03,6.200400000000000000e+07
2.008092200000000000e+07,1.706000000000000000e+03,1.737000000000000000e+03,1.667000000000000000e+03,1.701000000000000000e+03,2.569210000000000000e+07
2.008092900000000000e+07,1.672000000000000000e+03,1.699000000000000000e+03,1.551000000000000000e+03,1.628000000000000000e+03,3.284260000000000000e+07
2.008100600000000000e+07,1.548000000000000000e+03,1.600000000000000000e+03,1.288000000000000000e+03,1.303000000000000000e+03,5.737890000000000000e+07
2.008101300000000000e+07,1.368000000000000000e+03,1.576000000000000000e+03,1.276000000000000000e+03,1.402000000000000000e+03,5.499670000000000000e+07
2.008102000000000000e+07,1.442000000000000000e+03,1.600000000000000000e+03,1.383000000000000000e+03,1.472000000000000000e+03,3.654100000000000000e+07
2.008102700000000000e+07,1.410000000000000000e+03,1.757000000000000000e+03,1.372000000000000000e+03,1.697000000000000000e+03,4.163650000000000000e+07
2.008110300000000000e+07,1.719000000000000000e+03,1.865000000000000000e+03,1.633000000000000000e+03,1.679000000000000000e+03,4.137520000000000000e+07
2.008111000000000000e+07,1.754000000000000000e+03,1.782000000000000000e+03,1.531000000000000000e+03,1.675000000000000000e+03,2.770470000000000000e+07
2.008111700000000000e+07,1.653000000000000000e+03,1.701000000000000000e+03,1.444000000000000000e+03,1.465000000000000000e+03,3.087010000000000000e+07
2.008112400000000000e+07,1.518000000000000000e+03,1.768000000000000000e+03,1.475000000000000000e+03,1.738000000000000000e+03,4.314230000000000000e+07
2.008120100000000000e+07,1.740000000000000000e+03,1.747000000000000000e+03,1.547000000000000000e+03,1.562000000000000000e+03,3.203510000000000000e+07
2.008120800000000000e+07,1.691000000000000000e+03,1.814000000000000000e+03,1.643000000000000000e+03,1.750000000000000000e+03,2.886170000000000000e+07
2.008121500000000000e+07,1.760000000000000000e+03,1.825000000000000000e+03,1.718000000000000000e+03,1.773000000000000000e+03,2.780240000000000000e+07
2.008122200000000000e+07,1.760000000000000000e+03,1.805000000000000000e+03,1.712000000000000000e+03,1.717000000000000000e+03,8.005300000000000000e+06
2.008122900000000000e+07,1.741000000000000000e+03,1.896000000000000000e+03,8.326459960937500000e+02,1.893000000000000000e+03,9.960500000000000000e+06
2.009010500000000000e+07,1.917000000000000000e+03,1.921000000000000000e+03,1.774000000000000000e+03,1.788000000000000000e+03,2.445250000000000000e+07
2.009011200000000000e+07,1.786000000000000000e+03,1.827000000000000000e+03,1.658000000000000000e+03,1.695000000000000000e+03,2.542000000000000000e+07
2.009011900000000000e+07,1.746000000000000000e+03,1.772739990234375000e+03,1.647000000000000000e+03,1.713000000000000000e+03,2.688420000000000000e+07
2.009012600000000000e+07,1.726000000000000000e+03,1.802000000000000000e+03,1.704000000000000000e+03,1.730000000000000000e+03,2.269480000000000000e+07
2.009020200000000000e+07,1.703000000000000000e+03,1.753000000000000000e+03,1.691000000000000000e+03,1.744000000000000000e+03,9.974200000000000000e+06
2.009020900000000000e+07,1.743000000000000000e+03,1.786000000000000000e+03,1.702000000000000000e+03,1.771000000000000000e+03,1.954210000000000000e+07
2.009021600000000000e+07,1.758000000000000000e+03,1.771000000000000000e+03,1.640000000000000000e+03,1.648000000000000000e+03,1.915350000000000000e+07
2.009022300000000000e+07,1.676000000000000000e+03,1.686000000000000000e+03,1.516000000000000000e+03,1.545000000000000000e+03,2.059380000000000000e+07
2.009030200000000000e+07,1.508000000000000000e+03,1.518000000000000000e+03,1.364000000000000000e+03,1.469000000000000000e+03,2.655870000000000000e+07
2.009030900000000000e+07,1.485000000000000000e+03,1.637099975585937500e+03,1.452630004882812500e+03,1.613000000000000000e+03,2.598410000000000000e+07
2.009031600000000000e+07,1.639000000000000000e+03,1.642000000000000000e+03,1.542000000000000000e+03,1.568000000000000000e+03,2.995470000000000000e+07
2.009032300000000000e+07,1.612000000000000000e+03,1.644109985351562500e+03,1.547170043945312500e+03,1.601000000000000000e+03,1.558700000000000000e+07
2.009033000000000000e+07,1.579000000000000000e+03,1.615000000000000000e+03,1.500000000000000000e+03,1.547000000000000000e+03,1.997650000000000000e+07
2.009040600000000000e+07,1.564000000000000000e+03,1.630000000000000000e+03,1.454000000000000000e+03,1.462000000000000000e+03,2.186880000000000000e+07
2.009041300000000000e+07,1.462000000000000000e+03,1.490000000000000000e+03,1.403000000000000000e+03,1.440000000000000000e+03,2.269700000000000000e+07
2.009042000000000000e+07,1.448000000000000000e+03,1.569000000000000000e+03,1.315359985351562500e+03,1.567000000000000000e+03,2.189560000000000000e+07
2.009042700000000000e+07,1.546000000000000000e+03,1.602000000000000000e+03,1.525000000000000000e+03,1.570000000000000000e+03,1.695460000000000000e+07
2.009050400000000000e+07,1.570000000000000000e+03,1.641000000000000000e+03,1.414369995117187500e+03,1.628000000000000000e+03,1.656520000000000000e+07
2.009051100000000000e+07,1.628000000000000000e+03,1.785000000000000000e+03,1.582000000000000000e+03,1.603000000000000000e+03,1.755980000000000000e+07
2.009051800000000000e+07,1.604000000000000000e+03,1.675000000000000000e+03,1.576000000000000000e+03,1.631000000000000000e+03,1.343960000000000000e+07
2.009052500000000000e+07,1.631000000000000000e+03,1.688000000000000000e+03,1.598000000000000000e+03,1.660000000000000000e+03,1.475070000000000000e+07
2.009060100000000000e+07,1.696000000000000000e+03,1.729000000000000000e+03,1.452020019531250000e+03,1.700000000000000000e+03,1.923570000000000000e+07
2.009060800000000000e+07,1.703000000000000000e+03,1.952000000000000000e+03,1.639560058593750000e+03,1.648000000000000000e+03,1.743370000000000000e+07
2.009061500000000000e+07,1.637000000000000000e+03,1.637000000000000000e+03,1.539189941406250000e+03,1.591000000000000000e+03,2.229580000000000000e+07
2.009062200000000000e+07,1.585000000000000000e+03,1.586000000000000000e+03,1.487599975585937500e+03,1.509000000000000000e+03,1.535230000000000000e+07
2.009062900000000000e+07,1.498000000000000000e+03,1.567000000000000000e+03,1.489000000000000000e+03,1.494000000000000000e+03,1.933280000000000000e+07
2.009070600000000000e+07,1.494000000000000000e+03,1.496000000000000000e+03,1.431000000000000000e+03,1.437000000000000000e+03,1.448710000000000000e+07
2.009071300000000000e+07,1.438000000000000000e+03,1.548000000000000000e+03,1.432000000000000000e+03,1.536000000000000000e+03,1.183790000000000000e+07
2.009072000000000000e+07,1.540000000000000000e+03,1.603000000000000000e+03,1.523000000000000000e+03,1.583000000000000000e+03,1.208750000000000000e+07
2.009072700000000000e+07,1.605000000000000000e+03,1.620000000000000000e+03,1.564969970703125000e+03,1.572000000000000000e+03,1.370600000000000000e+07
2.009080300000000000e+07,1.573000000000000000e+03,1.598000000000000000e+03,1.521500000000000000e+03,1.564000000000000000e+03,1.814760000000000000e+07
2.009081000000000000e+07,1.557000000000000000e+03,1.620000000000000000e+03,1.542000000000000000e+03,1.585000000000000000e+03,1.513970000000000000e+07
2.009081700000000000e+07,1.581500000000000000e+03,1.669260009765625000e+03,1.558150024414062500e+03,1.666000000000000000e+03,2.123220000000000000e+07
2.009082400000000000e+07,1.682500000000000000e+03,1.720000000000000000e+03,1.664500000000000000e+03,1.711000000000000000e+03,1.646480000000000000e+07
2.009083100000000000e+07,1.711000000000000000e+03,1.716199951171875000e+03,1.669650024414062500e+03,1.685000000000000000e+03,1.376060000000000000e+07
2.009090700000000000e+07,1.694500000000000000e+03,1.763000000000000000e+03,1.682000000000000000e+03,1.734000000000000000e+03,1.936850000000000000e+07
2.009091400000000000e+07,1.731500000000000000e+03,1.800000000000000000e+03,1.717500000000000000e+03,1.796000000000000000e+03,2.096490000000000000e+07
2.009092100000000000e+07,1.796000000000000000e+03,1.830469970703125000e+03,1.780069946289062500e+03,1.791000000000000000e+03,1.526660000000000000e+07
2.009092800000000000e+07,1.793500000000000000e+03,1.831000000000000000e+03,1.735000000000000000e+03,1.750000000000000000e+03,1.306860000000000000e+07
2.009100500000000000e+07,1.749000000000000000e+03,1.805500000000000000e+03,1.728000000000000000e+03,1.797500000000000000e+03,1.880940000000000000e+07
2.009101200000000000e+07,1.802000000000000000e+03,1.900500000000000000e+03,1.798000000000000000e+03,1.859000000000000000e+03,2.420320000000000000e+07
2.009101900000000000e+07,1.879000000000000000e+03,1.921500000000000000e+03,1.864500000000000000e+03,1.904000000000000000e+03,1.687820000000000000e+07
2.009102600000000000e+07,1.918500000000000000e+03,1.944000000000000000e+03,1.793500000000000000e+03,1.807000000000000000e+03,2.722050000000000000e+07
2.009110200000000000e+07,1.796500000000000000e+03,1.828500000000000000e+03,1.774000000000000000e+03,1.807500000000000000e+03,1.894660000000000000e+07
2.009110900000000000e+07,1.819000000000000000e+03,1.895000000000000000e+03,1.811000000000000000e+03,1.856500000000000000e+03,1.590770000000000000e+07
2.009111600000000000e+07,1.867000000000000000e+03,1.889500000000000000e+03,1.819000000000000000e+03,1.825500000000000000e+03,1.773320000000000000e+07
2.009112300000000000e+07,1.837500000000000000e+03,1.874500000000000000e+03,1.783000000000000000e+03,1.831000000000000000e+03,1.473570000000000000e+07
2.009113000000000000e+07,1.835500000000000000e+03,1.868500000000000000e+03,1.799000000000000000e+03,1.853500000000000000e+03,1.585720000000000000e+07
2.009120700000000000e+07,1.856000000000000000e+03,1.867500000000000000e+03,1.807000000000000000e+03,1.817000000000000000e+03,1.506440000000000000e+07
2.009121400000000000e+07,1.837500000000000000e+03,1.847500000000000000e+03,1.788000000000000000e+03,1.788000000000000000e+03,1.865560000000000000e+07
2.009122100000000000e+07,1.804000000000000000e+03,1.910000000000000000e+03,1.797500000000000000e+03,1.908500000000000000e+03,5.456200000000000000e+06
2.009122800000000000e+07,1.908500000000000000e+03,1.931000000000000000e+03,1.873500000000000000e+03,1.931000000000000000e+03,4.668800000000000000e+06
2.010010400000000000e+07,1.882500000000000000e+03,1.951500000000000000e+03,1.878500000000000000e+03,1.910000000000000000e+03,1.563750000000000000e+07
2.010011100000000000e+07,1.925500000000000000e+03,1.941000000000000000e+03,1.848000000000000000e+03,1.848000000000000000e+03,1.922350000000000000e+07
2.010011800000000000e+07,1.855000000000000000e+03,1.871000000000000000e+03,1.800000000000000000e+03,1.807000000000000000e+03,1.772980000000000000e+07
2.010012500000000000e+07,1.793500000000000000e+03,1.814000000000000000e+03,1.731500000000000000e+03,1.742500000000000000e+03,2.048070000000000000e+07
2.010020100000000000e+07,1.745000000000000000e+03,1.924500000000000000e+03,1.697000000000000000e+03,1.722500000000000000e+03,2.170610000000000000e+07
2.010020800000000000e+07,1.737000000000000000e+03,1.759000000000000000e+03,1.713500000000000000e+03,1.726500000000000000e+03,1.650050000000000000e+07
2.010021500000000000e+07,1.730500000000000000e+03,1.796000000000000000e+03,1.723500000000000000e+03,1.791500000000000000e+03,1.683220000000000000e+07
2.010022200000000000e+07,1.805000000000000000e+03,1.808500000000000000e+03,1.752500000000000000e+03,1.790000000000000000e+03,1.490970000000000000e+07
2.010030100000000000e+07,1.805000000000000000e+03,2.047500000000000000e+03,1.797000000000000000e+03,2.047500000000000000e+03,1.634150000000000000e+07
2.010030800000000000e+07,1.880500000000000000e+03,1.937500000000000000e+03,1.870500000000000000e+03,1.920000000000000000e+03,1.218870000000000000e+07
2.010031500000000000e+07,1.918000000000000000e+03,1.973000000000000000e+03,1.907000000000000000e+03,1.945000000000000000e+03,2.699200000000000000e+07
2.010032200000000000e+07,1.945000000000000000e+03,1.947000000000000000e+03,1.914000000000000000e+03,1.925500000000000000e+03,1.435220000000000000e+07
2.010032900000000000e+07,1.930000000000000000e+03,1.956000000000000000e+03,1.895500000000000000e+03,1.924500000000000000e+03,1.328700000000000000e+07
2.010040500000000000e+07,1.924500000000000000e+03,1.967000000000000000e+03,1.906500000000000000e+03,1.965000000000000000e+03,1.266230000000000000e+07
2.010041200000000000e+07,1.985000000000000000e+03,2.006000000000000000e+03,1.956500000000000000e+03,1.973500000000000000e+03,1.422420000000000000e+07
2.010041900000000000e+07,1.972000000000000000e+03,2.013500000000000000e+03,1.954500000000000000e+03,1.992500000000000000e+03,1.651690000000000000e+07
2.010042600000000000e+07,2.002000000000000000e+03,2.068500000000000000e+03,1.974500000000000000e+03,2.047500000000000000e+03,2.638680000000000000e+07
2.010050300000000000e+07,2.047500000000000000e+03,2.047500000000000000e+03,1.799500000000000000e+03,1.833000000000000000e+03,2.264770000000000000e+07
2.010051000000000000e+07,1.861000000000000000e+03,1.920500000000000000e+03,1.846000000000000000e+03,1.853500000000000000e+03,2.169710000000000000e+07
2.010051700000000000e+07,1.862500000000000000e+03,1.881000000000000000e+03,1.790000000000000000e+03,1.815500000000000000e+03,2.558100000000000000e+07
2.010052400000000000e+07,1.812000000000000000e+03,1.842000000000000000e+03,1.733000000000000000e+03,1.823000000000000000e+03,2.026840000000000000e+07
2.010053100000000000e+07,1.823000000000000000e+03,1.868500000000000000e+03,1.767000000000000000e+03,1.809000000000000000e+03,1.181700000000000000e+07
2.010060700000000000e+07,1.780000000000000000e+03,1.805000000000000000e+03,1.749000000000000000e+03,1.792000000000000000e+03,1.679980000000000000e+07
2.010061400000000000e+07,1.802500000000000000e+03,1.856000000000000000e+03,1.772000000000000000e+03,1.834000000000000000e+03,2.361470000000000000e+07
2.010062100000000000e+07,1.860500000000000000e+03,1.871000000000000000e+03,1.744000000000000000e+03,1.752500000000000000e+03,1.564990000000000000e+07
2.010062800000000000e+07,1.757500000000000000e+03,1.770000000000000000e+03,1.621000000000000000e+03,1.648500000000000000e+03,2.301060000000000000e+07
2.010070500000000000e+07,1.653500000000000000e+03,1.770500000000000000e+03,1.634500000000000000e+03,1.760000000000000000e+03,1.574680000000000000e+07
2.010071200000000000e+07,1.771500000000000000e+03,1.825000000000000000e+03,1.752500000000000000e+03,1.794500000000000000e+03,1.559030000000000000e+07
2.010071900000000000e+07,1.792000000000000000e+03,1.834000000000000000e+03,1.766000000000000000e+03,1.819500000000000000e+03,1.284620000000000000e+07
2.010072600000000000e+07,1.839000000000000000e+03,1.839000000000000000e+03,1.754500000000000000e+03,1.754500000000000000e+03,1.772480000000000000e+07
2.010080200000000000e+07,1.769500000000000000e+03,1.837000000000000000e+03,1.769500000000000000e+03,1.796000000000000000e+03,1.802900000000000000e+07
2.010080900000000000e+07,1.808500000000000000e+03,1.837000000000000000e+03,1.756500000000000000e+03,1.777500000000000000e+03,9.925600000000000000e+06
2.010081600000000000e+07,1.786000000000000000e+03,1.807000000000000000e+03,1.716500000000000000e+03,1.724500000000000000e+03,1.168680000000000000e+07
2.010082300000000000e+07,1.713000000000000000e+03,1.742500000000000000e+03,1.688500000000000000e+03,1.736000000000000000e+03,1.358230000000000000e+07
2.010083000000000000e+07,1.736000000000000000e+03,1.829500000000000000e+03,1.695500000000000000e+03,1.813500000000000000e+03,1.157630000000000000e+07
2.010090600000000000e+07,1.824500000000000000e+03,1.844000000000000000e+03,1.786500000000000000e+03,1.842500000000000000e+03,1.055870000000000000e+07
2.010091300000000000e+07,1.855500000000000000e+03,1.906000000000000000e+03,1.851000000000000000e+03,1.863500000000000000e+03,1.434500000000000000e+07
2.010092000000000000e+07,1.884500000000000000e+03,1.920500000000000000e+03,1.862500000000000000e+03,1.907000000000000000e+03,1.266280000000000000e+07
2.010092700000000000e+07,1.907500000000000000e+03,1.953000000000000000e+03,1.883000000000000000e+03,1.944000000000000000e+03,1.576130000000000000e+07
2.010100400000000000e+07,1.948500000000000000e+03,1.981500000000000000e+03,1.914000000000000000e+03,1.965000000000000000e+03,1.218430000000000000e+07
2.010101100000000000e+07,1.976500000000000000e+03,2.002500000000000000e+03,1.940000000000000000e+03,1.979500000000000000e+03,1.179410000000000000e+07
2.010101800000000000e+07,1.980500000000000000e+03,2.014500000000000000e+03,1.975000000000000000e+03,2.002000000000000000e+03,9.596200000000000000e+06
2.010102500000000000e+07,2.014500000000000000e+03,2.037000000000000000e+03,1.975000000000000000e+03,2.026000000000000000e+03,1.649270000000000000e+07
2.010110100000000000e+07,2.044500000000000000e+03,2.106500000000000000e+03,2.027500000000000000e+03,2.084000000000000000e+03,1.359820000000000000e+07
2.010110800000000000e+07,2.087500000000000000e+03,2.087500000000000000e+03,2.016500000000000000e+03,2.041500000000000000e+03,1.351030000000000000e+07
2.010111500000000000e+07,2.037500000000000000e+03,2.056000000000000000e+03,1.997000000000000000e+03,2.030500000000000000e+03,1.084460000000000000e+07
2.010112200000000000e+07,2.037500000000000000e+03,2.044000000000000000e+03,1.954500000000000000e+03,1.989500000000000000e+03,1.158860000000000000e+07
2.010112900000000000e+07,2.002000000000000000e+03,2.030000000000000000e+03,1.927000000000000000e+03,2.017500000000000000e+03,1.723200000000000000e+07
2.010120600000000000e+07,2.021000000000000000e+03,2.059500000000000000e+03,2.005000000000000000e+03,2.051000000000000000e+03,9.815100000000000000e+06
2.010121300000000000e+07,2.043500000000000000e+03,2.095500000000000000e+03,2.042000000000000000e+03,2.071000000000000000e+03,1.815180000000000000e+07
2.010122000000000000e+07,2.075500000000000000e+03,2.129000000000000000e+03,2.063000000000000000e+03,2.122500000000000000e+03,6.246700000000000000e+06
2.010122700000000000e+07,2.122500000000000000e+03,2.182500000000000000e+03,2.122500000000000000e+03,2.162000000000000000e+03,6.807400000000000000e+06
2.011011000000000000e+07,2.099500000000000000e+03,2.154000000000000000e+03,2.096500000000000000e+03,2.118500000000000000e+03,1.293790000000000000e+07
2.011011700000000000e+07,2.127000000000000000e+03,2.161500000000000000e+03,2.102000000000000000e+03,2.142500000000000000e+03,1.221680000000000000e+07
2.011012400000000000e+07,2.147000000000000000e+03,2.223000000000000000e+03,2.137500000000000000e+03,2.202500000000000000e+03,1.399540000000000000e+07
2.011013100000000000e+07,2.201500000000000000e+03,2.283500000000000000e+03,2.149500000000000000e+03,2.155000000000000000e+03,2.338490000000000000e+07
2.011020700000000000e+07,2.158500000000000000e+03,2.183500000000000000e+03,2.117500000000000000e+03,2.129500000000000000e+03,1.351710000000000000e+07
2.011021400000000000e+07,2.129500000000000000e+03,2.189000000000000000e+03,2.088149902343750000e+03,2.189000000000000000e+03,1.119030000000000000e+07
2.011022100000000000e+07,2.190000000000000000e+03,2.222000000000000000e+03,2.148000000000000000e+03,2.213000000000000000e+03,1.355600000000000000e+07
2.011022800000000000e+07,2.204500000000000000e+03,2.235000000000000000e+03,2.163500000000000000e+03,2.225000000000000000e+03,1.241930000000000000e+07
2.011030700000000000e+07,2.218000000000000000e+03,2.243000000000000000e+03,2.117669921875000000e+03,2.127000000000000000e+03,1.040980000000000000e+07
2.011031400000000000e+07,2.124000000000000000e+03,2.166500000000000000e+03,2.058689941406250000e+03,2.146000000000000000e+03,2.001630000000000000e+07
2.011032100000000000e+07,2.168500000000000000e+03,2.267000000000000000e+03,2.151500000000000000e+03,2.258000000000000000e+03,1.381600000000000000e+07
2.011032800000000000e+07,2.263500000000000000e+03,2.377100097656250000e+03,2.088879882812500000e+03,2.285000000000000000e+03,1.206580000000000000e+07
2.011040400000000000e+07,2.271500000000000000e+03,2.301139892578125000e+03,2.257500000000000000e+03,2.298500000000000000e+03,1.053380000000000000e+07
2.011041100000000000e+07,2.300000000000000000e+03,2.300000000000000000e+03,2.206149902343750000e+03,2.235500000000000000e+03,1.352680000000000000e+07
2.011041800000000000e+07,2.231500000000000000e+03,2.298000000000000000e+03,2.172500000000000000e+03,2.290500000000000000e+03,1.056490000000000000e+07
2.011050900000000000e+07,2.202500000000000000e+03,2.249000000000000000e+03,2.145500000000000000e+03,2.150000000000000000e+03,1.213410000000000000e+07
2.011051600000000000e+07,2.135500000000000000e+03,2.186000000000000000e+03,2.112000000000000000e+03,2.145000000000000000e+03,1.480680000000000000e+07
2.011052300000000000e+07,2.110500000000000000e+03,2.155000000000000000e+03,2.093500000000000000e+03,2.134000000000000000e+03,1.409010000000000000e+07
2.011060600000000000e+07,2.125500000000000000e+03,2.160000000000000000e+03,2.097000000000000000e+03,2.121000000000000000e+03,1.187920000000000000e+07
2.011061300000000000e+07,2.128000000000000000e+03,2.150719970703125000e+03,2.079000000000000000e+03,2.122500000000000000e+03,1.993010000000000000e+07
2.011062000000000000e+07,2.117000000000000000e+03,2.177500000000000000e+03,2.086500000000000000e+03,2.107500000000000000e+03,9.446500000000000000e+06
2.011062700000000000e+07,2.106000000000000000e+03,2.227500000000000000e+03,2.098500000000000000e+03,2.223000000000000000e+03,1.129360000000000000e+07
2.011070400000000000e+07,2.219500000000000000e+03,2.301229980468750000e+03,2.215000000000000000e+03,2.257000000000000000e+03,1.246090000000000000e+07
2.011071100000000000e+07,2.254000000000000000e+03,2.265500000000000000e+03,2.187500000000000000e+03,2.232000000000000000e+03,1.191950000000000000e+07
2.011071800000000000e+07,2.202000000000000000e+03,2.283500000000000000e+03,2.195000000000000000e+03,2.275000000000000000e+03,1.274480000000000000e+07
2.011072500000000000e+07,2.266000000000000000e+03,2.311000000000000000e+03,2.229500000000000000e+03,2.234500000000000000e+03,1.890670000000000000e+07
2.011080100000000000e+07,2.259000000000000000e+03,2.269500000000000000e+03,1.909000000000000000e+03,1.925000000000000000e+03,1.987890000000000000e+07
2.011080800000000000e+07,1.901000000000000000e+03,2.010000000000000000e+03,1.762000000000000000e+03,2.008000000000000000e+03,2.445050000000000000e+07
2.011081500000000000e+07,2.024000000000000000e+03,2.033000000000000000e+03,1.845000000000000000e+03,1.883500000000000000e+03,1.877350000000000000e+07
2.011082200000000000e+07,1.863500000000000000e+03,1.991500000000000000e+03,1.863000000000000000e+03,1.955000000000000000e+03,1.513090000000000000e+07
2.011090500000000000e+07,1.987500000000000000e+03,2.069500000000000000e+03,1.925000000000000000e+03,2.017500000000000000e+03,1.643560000000000000e+07
2.011091200000000000e+07,1.963000000000000000e+03,2.119500000000000000e+03,1.933500000000000000e+03,2.093000000000000000e+03,2.126290000000000000e+07
2.011091900000000000e+07,2.053500000000000000e+03,2.119000000000000000e+03,1.934000000000000000e+03,1.988500000000000000e+03,1.595430000000000000e+07
2.011092600000000000e+07,1.938500000000000000e+03,2.050000000000000000e+03,1.934500000000000000e+03,2.000000000000000000e+03,1.749980000000000000e+07
2.011100300000000000e+07,1.958000000000000000e+03,2.089500000000000000e+03,1.886000000000000000e+03,2.069000000000000000e+03,1.707050000000000000e+07
2.011101000000000000e+07,2.082000000000000000e+03,2.194500000000000000e+03,2.069000000000000000e+03,2.185500000000000000e+03,1.231510000000000000e+07
2.011101700000000000e+07,2.191500000000000000e+03,2.273000000000000000e+03,2.149000000000000000e+03,2.249500000000000000e+03,2.208020000000000000e+07
2.011102400000000000e+07,2.254500000000000000e+03,2.311000000000000000e+03,2.201000000000000000e+03,2.250000000000000000e+03,2.131870000000000000e+07
2.011103100000000000e+07,2.231500000000000000e+03,2.254000000000000000e+03,2.127000000000000000e+03,2.169000000000000000e+03,1.905090000000000000e+07
2.011110700000000000e+07,2.160500000000000000e+03,2.229000000000000000e+03,2.133000000000000000e+03,2.206000000000000000e+03,1.706220000000000000e+07
2.011111400000000000e+07,2.214500000000000000e+03,2.232000000000000000e+03,2.193500000000000000e+03,2.201000000000000000e+03,2.173770000000000000e+07
2.011112100000000000e+07,2.188500000000000000e+03,2.188500000000000000e+03,2.059120117187500000e+03,2.101000000000000000e+03,1.370290000000000000e+07
2.011112800000000000e+07,2.131000000000000000e+03,2.456800048828125000e+03,2.114500000000000000e+03,2.239000000000000000e+03,1.888580000000000000e+07
2.011120500000000000e+07,2.260000000000000000e+03,2.303000000000000000e+03,2.232000000000000000e+03,2.293500000000000000e+03,1.349800000000000000e+07
2.011121200000000000e+07,2.279500000000000000e+03,2.321000000000000000e+03,2.124379882812500000e+03,2.275500000000000000e+03,1.635210000000000000e+07
2.011121900000000000e+07,2.261000000000000000e+03,2.334500000000000000e+03,2.239500000000000000e+03,2.327000000000000000e+03,1.015800000000000000e+07
2.011122600000000000e+07,2.327000000000000000e+03,2.380500000000000000e+03,2.318500000000000000e+03,2.371000000000000000e+03,4.599800000000000000e+06
2.012010200000000000e+07,2.371000000000000000e+03,2.400000000000000000e+03,2.341500000000000000e+03,2.385000000000000000e+03,1.208020000000000000e+07
2.012010900000000000e+07,2.396500000000000000e+03,2.409699951171875000e+03,2.240500000000000000e+03,2.251000000000000000e+03,1.756540000000000000e+07
2.012011600000000000e+07,2.248000000000000000e+03,2.297000000000000000e+03,2.238510009765625000e+03,2.253500000000000000e+03,1.546580000000000000e+07
2.012012300000000000e+07,2.260000000000000000e+03,2.320500000000000000e+03,2.202000000000000000e+03,2.249000000000000000e+03,1.305610000000000000e+07
2.012013000000000000e+07,2.229500000000000000e+03,2.278000000000000000e+03,2.212000000000000000e+03,2.261000000000000000e+03,1.918490000000000000e+07
2.012020600000000000e+07,2.267500000000000000e+03,2.305500000000000000e+03,2.254500000000000000e+03,2.284000000000000000e+03,1.082090000000000000e+07
2.012021300000000000e+07,2.298500000000000000e+03,2.333500000000000000e+03,2.278000000000000000e+03,2.293000000000000000e+03,1.221850000000000000e+07
2.012022000000000000e+07,2.303500000000000000e+03,2.349000000000000000e+03,2.275500000000000000e+03,2.322000000000000000e+03,1.972370000000000000e+07
2.012022700000000000e+07,2.315500000000000000e+03,2.324500000000000000e+03,2.277350097656250000e+03,2.285500000000000000e+03,1.501230000000000000e+07
2.012030500000000000e+07,2.280000000000000000e+03,2.289000000000000000e+03,2.232000000000000000e+03,2.280000000000000000e+03,1.127610000000000000e+07
2.012031200000000000e+07,2.278000000000000000e+03,2.291000000000000000e+03,2.249000000000000000e+03,2.257500000000000000e+03,1.804660000000000000e+07
2.012031900000000000e+07,2.254000000000000000e+03,2.266000000000000000e+03,2.205000000000000000e+03,2.220000000000000000e+03,1.044410000000000000e+07
2.012032600000000000e+07,2.226500000000000000e+03,2.258260009765625000e+03,2.170000000000000000e+03,2.183500000000000000e+03,1.483870000000000000e+07
2.012040200000000000e+07,2.175000000000000000e+03,2.234500000000000000e+03,2.146000000000000000e+03,2.167500000000000000e+03,1.357290000000000000e+07
2.012040900000000000e+07,2.167500000000000000e+03,2.167500000000000000e+03,2.023500000000000000e+03,2.117000000000000000e+03,2.179130000000000000e+07
2.012041600000000000e+07,2.104000000000000000e+03,2.171500000000000000e+03,2.082500000000000000e+03,2.136500000000000000e+03,1.480910000000000000e+07
2.012042300000000000e+07,2.121000000000000000e+03,2.202000000000000000e+03,2.085500000000000000e+03,2.188000000000000000e+03,2.039280000000000000e+07
2.012043000000000000e+07,2.186000000000000000e+03,2.220209960937500000e+03,2.132000000000000000e+03,2.142000000000000000e+03,1.349520000000000000e+07
2.012050700000000000e+07,2.142000000000000000e+03,2.152500000000000000e+03,2.018500000000000000e+03,2.067000000000000000e+03,1.504070000000000000e+07
2.012051400000000000e+07,2.051500000000000000e+03,2.051500000000000000e+03,1.956500000000000000e+03,1.982000000000000000e+03,1.834720000000000000e+07
2.012052100000000000e+07,1.978500000000000000e+03,2.030500000000000000e+03,1.964500000000000000e+03,2.016000000000000000e+03,2.119860000000000000e+07
2.012052800000000000e+07,2.034500000000000000e+03,2.042500000000000000e+03,1.954479980468750000e+03,1.984000000000000000e+03,1.543270000000000000e+07
2.012060400000000000e+07,1.984000000000000000e+03,2.069000000000000000e+03,1.984000000000000000e+03,2.035000000000000000e+03,1.664230000000000000e+07
2.012061100000000000e+07,2.074000000000000000e+03,2.144500000000000000e+03,2.032500000000000000e+03,2.117500000000000000e+03,3.107030000000000000e+07
2.012061800000000000e+07,2.142000000000000000e+03,2.168000000000000000e+03,2.087000000000000000e+03,2.100000000000000000e+03,1.763780000000000000e+07
2.012062500000000000e+07,2.099000000000000000e+03,2.173000000000000000e+03,2.068000000000000000e+03,2.147500000000000000e+03,1.513620000000000000e+07
2.012070200000000000e+07,2.149000000000000000e+03,2.209959960937500000e+03,2.141000000000000000e+03,2.191500000000000000e+03,1.547220000000000000e+07
2.012070900000000000e+07,2.189000000000000000e+03,2.217000000000000000e+03,2.146500000000000000e+03,2.204500000000000000e+03,2.000180000000000000e+07
2.012071600000000000e+07,2.202500000000000000e+03,2.232000000000000000e+03,2.184000000000000000e+03,2.217000000000000000e+03,1.284440000000000000e+07
2.012072300000000000e+07,2.196500000000000000e+03,2.203500000000000000e+03,2.098500000000000000e+03,2.139500000000000000e+03,1.508050000000000000e+07
2.012073000000000000e+07,2.142000000000000000e+03,2.255000000000000000e+03,2.137399902343750000e+03,2.247000000000000000e+03,1.571370000000000000e+07
2.012080600000000000e+07,2.245000000000000000e+03,2.286500000000000000e+03,2.224000000000000000e+03,2.260000000000000000e+03,1.405130000000000000e+07
2.012081300000000000e+07,2.257000000000000000e+03,2.275000000000000000e+03,2.242500000000000000e+03,2.257000000000000000e+03,1.362650000000000000e+07
2.012082000000000000e+07,2.258000000000000000e+03,2.261000000000000000e+03,2.214500000000000000e+03,2.231000000000000000e+03,1.198950000000000000e+07
2.012082700000000000e+07,2.231000000000000000e+03,2.234000000000000000e+03,2.201500000000000000e+03,2.204000000000000000e+03,9.831100000000000000e+06
2.012090300000000000e+07,2.203500000000000000e+03,2.234500000000000000e+03,2.175500000000000000e+03,2.230500000000000000e+03,1.240730000000000000e+07
2.012091000000000000e+07,2.231500000000000000e+03,2.814000000000000000e+03,2.217500000000000000e+03,2.261000000000000000e+03,1.280280000000000000e+07
2.012091700000000000e+07,2.247000000000000000e+03,2.775500000000000000e+03,2.180500000000000000e+03,2.201500000000000000e+03,1.870880000000000000e+07
2.012092400000000000e+07,2.188500000000000000e+03,2.756500000000000000e+03,2.140500000000000000e+03,2.142000000000000000e+03,2.169480000000000000e+07
2.012100100000000000e+07,2.141500000000000000e+03,2.179500000000000000e+03,2.136000000000000000e+03,2.169000000000000000e+03,1.297780000000000000e+07
2.012100800000000000e+07,2.159500000000000000e+03,2.684500000000000000e+03,2.135500000000000000e+03,2.141000000000000000e+03,1.030930000000000000e+07
2.012101500000000000e+07,2.140000000000000000e+03,2.673000000000000000e+03,2.135500000000000000e+03,2.155500000000000000e+03,1.262070000000000000e+07
2.012102200000000000e+07,2.152000000000000000e+03,2.598500000000000000e+03,2.080000000000000000e+03,2.106500000000000000e+03,1.249210000000000000e+07
2.012102900000000000e+07,2.100000000000000000e+03,2.189500000000000000e+03,2.092500000000000000e+03,2.182000000000000000e+03,1.381290000000000000e+07
2.012110500000000000e+07,2.176000000000000000e+03,2.193500000000000000e+03,2.116000000000000000e+03,2.137000000000000000e+03,1.022710000000000000e+07
2.012111200000000000e+07,2.145500000000000000e+03,2.161500000000000000e+03,2.026000000000000000e+03,2.029500000000000000e+03,1.457560000000000000e+07
2.012111900000000000e+07,2.046000000000000000e+03,2.089500000000000000e+03,2.038000000000000000e+03,2.085500000000000000e+03,1.039140000000000000e+07
2.012112600000000000e+07,2.085500000000000000e+03,2.106000000000000000e+03,2.062500000000000000e+03,2.089500000000000000e+03,1.580140000000000000e+07
2.012120300000000000e+07,2.094000000000000000e+03,2.103500000000000000e+03,2.071000000000000000e+03,2.092500000000000000e+03,1.278040000000000000e+07
2.012121000000000000e+07,2.089000000000000000e+03,2.143500000000000000e+03,2.082500000000000000e+03,2.127000000000000000e+03,1.135190000000000000e+07
2.012121700000000000e+07,2.130000000000000000e+03,2.149500000000000000e+03,2.109500000000000000e+03,2.137500000000000000e+03,1.703520000000000000e+07
2.012122400000000000e+07,2.128000000000000000e+03,2.175000000000000000e+03,2.123340087890625000e+03,2.134000000000000000e+03,2.850000000000000000e+06
2.012123100000000000e+07,2.120500000000000000e+03,2.156879882812500000e+03,2.106000000000000000e+03,2.154500000000000000e+03,7.453600000000000000e+06
2.013010700000000000e+07,2.153000000000000000e+03,2.163000000000000000e+03,2.128000000000000000e+03,2.154000000000000000e+03,1.170780000000000000e+07
2.013011400000000000e+07,2.166500000000000000e+03,2.210000000000000000e+03,2.147000000000000000e+03,2.203000000000000000e+03,1.453050000000000000e+07
2.013012100000000000e+07,2.210500000000000000e+03,2.274000000000000000e+03,2.195000000000000000e+03,2.263500000000000000e+03,1.304650000000000000e+07
2.013012800000000000e+07,2.266500000000000000e+03,2.323500000000000000e+03,2.201000000000000000e+03,2.250000000000000000e+03,1.774540000000000000e+07
2.013020400000000000e+07,2.249500000000000000e+03,2.252500000000000000e+03,2.125000000000000000e+03,2.127000000000000000e+03,1.359260000000000000e+07
2.013021100000000000e+07,2.131500000000000000e+03,2.166000000000000000e+03,2.101500000000000000e+03,2.104500000000000000e+03,1.520240000000000000e+07
2.013021800000000000e+07,2.105000000000000000e+03,2.170500000000000000e+03,2.101000000000000000e+03,2.154500000000000000e+03,2.328070000000000000e+07
2.013022500000000000e+07,2.171500000000000000e+03,2.199000000000000000e+03,2.127500000000000000e+03,2.190000000000000000e+03,2.906250000000000000e+07
2.013030400000000000e+07,2.185000000000000000e+03,2.233000000000000000e+03,2.178500000000000000e+03,2.216500000000000000e+03,1.406800000000000000e+07
2.013031100000000000e+07,2.211500000000000000e+03,2.229000000000000000e+03,2.171500000000000000e+03,2.187500000000000000e+03,1.867610000000000000e+07
2.013031800000000000e+07,2.162000000000000000e+03,2.188000000000000000e+03,2.144000000000000000e+03,2.158500000000000000e+03,1.307750000000000000e+07
2.013032500000000000e+07,2.169000000000000000e+03,2.173000000000000000e+03,2.120500000000000000e+03,2.129000000000000000e+03,1.828900000000000000e+07
2.013040100000000000e+07,2.129000000000000000e+03,2.158500000000000000e+03,1.988560058593750000e+03,2.084000000000000000e+03,1.146280000000000000e+07
2.013040800000000000e+07,2.085500000000000000e+03,2.130500000000000000e+03,2.072500000000000000e+03,2.123500000000000000e+03,1.105540000000000000e+07
2.013041500000000000e+07,2.123500000000000000e+03,2.129719970703125000e+03,2.073000000000000000e+03,2.092000000000000000e+03,1.550590000000000000e+07
2.013042200000000000e+07,2.106500000000000000e+03,2.191500000000000000e+03,2.091500000000000000e+03,2.161000000000000000e+03,1.492870000000000000e+07
2.013042900000000000e+07,2.158500000000000000e+03,2.232000000000000000e+03,2.153500000000000000e+03,2.222500000000000000e+03,1.637100000000000000e+07
2.013050600000000000e+07,2.222500000000000000e+03,2.252500000000000000e+03,2.212500000000000000e+03,2.242500000000000000e+03,9.778000000000000000e+06
2.013051300000000000e+07,2.241000000000000000e+03,2.308500000000000000e+03,2.205000000000000000e+03,2.230000000000000000e+03,1.366690000000000000e+07
2.013052000000000000e+07,2.230500000000000000e+03,2.272500000000000000e+03,2.212500000000000000e+03,2.216500000000000000e+03,2.252090000000000000e+07
2.013052700000000000e+07,2.216500000000000000e+03,2.260500000000000000e+03,2.202360107421875000e+03,2.203000000000000000e+03,1.497680000000000000e+07
2.013060300000000000e+07,2.193500000000000000e+03,2.196000000000000000e+03,2.092500000000000000e+03,2.109500000000000000e+03,1.311390000000000000e+07
2.013061000000000000e+07,2.108000000000000000e+03,2.133500000000000000e+03,2.083000000000000000e+03,2.092000000000000000e+03,1.306150000000000000e+07
2.013061700000000000e+07,2.100500000000000000e+03,2.124500000000000000e+03,2.064500000000000000e+03,2.066500000000000000e+03,2.332600000000000000e+07
2.013062400000000000e+07,2.068500000000000000e+03,2.116500000000000000e+03,2.035500000000000000e+03,2.100000000000000000e+03,2.119170000000000000e+07
2.013070100000000000e+07,2.111000000000000000e+03,2.132000000000000000e+03,2.061500000000000000e+03,2.106500000000000000e+03,1.706990000000000000e+07
2.013070800000000000e+07,2.121500000000000000e+03,2.227360107421875000e+03,2.117500000000000000e+03,2.209000000000000000e+03,1.314420000000000000e+07
2.013071500000000000e+07,2.219500000000000000e+03,2.245000000000000000e+03,2.195500000000000000e+03,2.230500000000000000e+03,1.439060000000000000e+07
2.013072200000000000e+07,2.220500000000000000e+03,2.246000000000000000e+03,2.211500000000000000e+03,2.219500000000000000e+03,9.003100000000000000e+06
2.013072900000000000e+07,2.223000000000000000e+03,2.253500000000000000e+03,2.098000000000000000e+03,2.104000000000000000e+03,1.615490000000000000e+07
2.013080500000000000e+07,2.108000000000000000e+03,2.122500000000000000e+03,2.064000000000000000e+03,2.091000000000000000e+03,1.382810000000000000e+07
2.013081200000000000e+07,2.094000000000000000e+03,2.101000000000000000e+03,2.029500000000000000e+03,2.049500000000000000e+03,1.405190000000000000e+07
2.013081900000000000e+07,2.053500000000000000e+03,2.066500000000000000e+03,2.025000000000000000e+03,2.063000000000000000e+03,1.068210000000000000e+07
2.013082600000000000e+07,2.063000000000000000e+03,2.136500000000000000e+03,2.046500000000000000e+03,2.087500000000000000e+03,1.691830000000000000e+07
2.013090200000000000e+07,2.087000000000000000e+03,2.088000000000000000e+03,2.047500000000000000e+03,2.078500000000000000e+03,9.615400000000000000e+06
2.013090900000000000e+07,2.079500000000000000e+03,2.080000000000000000e+03,2.047000000000000000e+03,2.067500000000000000e+03,1.146020000000000000e+07
2.013091600000000000e+07,2.080000000000000000e+03,2.085370117187500000e+03,2.037000000000000000e+03,2.069500000000000000e+03,1.517600000000000000e+07
2.013092300000000000e+07,2.061500000000000000e+03,2.066500000000000000e+03,2.031000000000000000e+03,2.037500000000000000e+03,8.976800000000000000e+06
2.013093000000000000e+07,2.025000000000000000e+03,2.044500000000000000e+03,1.997000000000000000e+03,2.033000000000000000e+03,1.504740000000000000e+07
2.013100700000000000e+07,2.026000000000000000e+03,2.026500000000000000e+03,1.975000000000000000e+03,2.017500000000000000e+03,1.307410000000000000e+07
2.013101400000000000e+07,2.017500000000000000e+03,2.069500000000000000e+03,2.014500000000000000e+03,2.067500000000000000e+03,1.557520000000000000e+07
2.013102100000000000e+07,2.069500000000000000e+03,2.138000000000000000e+03,2.062500000000000000e+03,2.129500000000000000e+03,1.199980000000000000e+07
2.013102800000000000e+07,2.134000000000000000e+03,2.197500000000000000e+03,2.065000000000000000e+03,2.097500000000000000e+03,1.998820000000000000e+07
2.013110400000000000e+07,2.092000000000000000e+03,2.104500000000000000e+03,2.047000000000000000e+03,2.055000000000000000e+03,1.526600000000000000e+07
2.013111100000000000e+07,2.058500000000000000e+03,2.097000000000000000e+03,2.028500000000000000e+03,2.095000000000000000e+03,1.881040000000000000e+07
2.013111800000000000e+07,2.087500000000000000e+03,2.125500000000000000e+03,2.085000000000000000e+03,2.105000000000000000e+03,1.572210000000000000e+07
2.013112500000000000e+07,2.103500000000000000e+03,2.103500000000000000e+03,2.043500000000000000e+03,2.048000000000000000e+03,1.573660000000000000e+07
2.013120200000000000e+07,2.041000000000000000e+03,2.065500000000000000e+03,1.994500000000000000e+03,2.065500000000000000e+03,1.881630000000000000e+07
2.013120900000000000e+07,2.067000000000000000e+03,2.092500000000000000e+03,2.047500000000000000e+03,2.052000000000000000e+03,1.682790000000000000e+07
2.013121600000000000e+07,2.043000000000000000e+03,2.130500000000000000e+03,2.021689941406250000e+03,2.126500000000000000e+03,2.957940000000000000e+07
2.013122300000000000e+07,2.128500000000000000e+03,2.174000000000000000e+03,2.125600097656250000e+03,2.162500000000000000e+03,5.176900000000000000e+06
2.013123000000000000e+07,2.156500000000000000e+03,2.175500000000000000e+03,2.141500000000000000e+03,2.158500000000000000e+03,8.046100000000000000e+06
2.014010600000000000e+07,2.159500000000000000e+03,2.190500000000000000e+03,2.137000000000000000e+03,2.190000000000000000e+03,1.448430000000000000e+07
2.014011300000000000e+07,2.181500000000000000e+03,2.204500000000000000e+03,2.098500000000000000e+03,2.174500000000000000e+03,2.231970000000000000e+07
2.014012000000000000e+07,2.169500000000000000e+03,2.204000000000000000e+03,2.146500000000000000e+03,2.170500000000000000e+03,2.563260000000000000e+07
2.014012700000000000e+07,2.154500000000000000e+03,2.197500000000000000e+03,2.099050048828125000e+03,2.103500000000000000e+03,2.544000000000000000e+07
2.014020300000000000e+07,2.096500000000000000e+03,2.116500000000000000e+03,2.069500000000000000e+03,2.101000000000000000e+03,2.137080000000000000e+07
2.014021000000000000e+07,2.110000000000000000e+03,2.143500000000000000e+03,2.098000000000000000e+03,2.123000000000000000e+03,2.186100000000000000e+07
2.014021700000000000e+07,2.124000000000000000e+03,2.217500000000000000e+03,2.115000000000000000e+03,2.216000000000000000e+03,3.113920000000000000e+07
2.014022400000000000e+07,2.211500000000000000e+03,2.223000000000000000e+03,2.163000000000000000e+03,2.178000000000000000e+03,2.748680000000000000e+07
2.014030300000000000e+07,2.153000000000000000e+03,2.195000000000000000e+03,2.143000000000000000e+03,2.171000000000000000e+03,1.842820000000000000e+07
2.014031000000000000e+07,2.167000000000000000e+03,2.202000000000000000e+03,2.132500000000000000e+03,2.143000000000000000e+03,2.218670000000000000e+07
2.014031700000000000e+07,2.145500000000000000e+03,2.188500000000000000e+03,2.133000000000000000e+03,2.173000000000000000e+03,2.888930000000000000e+07
2.014032400000000000e+07,2.179500000000000000e+03,2.203500000000000000e+03,1.992640014648437500e+03,2.193500000000000000e+03,1.670240000000000000e+07
2.014033100000000000e+07,2.201500000000000000e+03,2.223500000000000000e+03,2.187000000000000000e+03,2.216000000000000000e+03,1.485050000000000000e+07
2.014040700000000000e+07,2.207500000000000000e+03,2.222750000000000000e+03,2.188000000000000000e+03,2.194500000000000000e+03,1.994770000000000000e+07
2.014041400000000000e+07,2.189000000000000000e+03,2.244000000000000000e+03,2.182800048828125000e+03,2.244000000000000000e+03,1.424420000000000000e+07
2.014042100000000000e+07,2.244000000000000000e+03,2.263000000000000000e+03,2.226000000000000000e+03,2.248500000000000000e+03,1.999400000000000000e+07
2.014042800000000000e+07,2.242500000000000000e+03,2.864000000000000000e+03,2.237500000000000000e+03,2.354000000000000000e+03,2.915400000000000000e+07
2.014050500000000000e+07,2.354000000000000000e+03,2.385000000000000000e+03,2.332750000000000000e+03,2.370000000000000000e+03,1.704980000000000000e+07
2.014051200000000000e+07,2.367000000000000000e+03,2.378500000000000000e+03,2.334000000000000000e+03,2.345500000000000000e+03,1.832670000000000000e+07
2.014051900000000000e+07,2.353000000000000000e+03,2.405000000000000000e+03,2.334000000000000000e+03,2.353000000000000000e+03,3.628830000000000000e+07
2.014052600000000000e+07,2.353000000000000000e+03,2.370500000000000000e+03,2.337000000000000000e+03,2.345000000000000000e+03,1.870370000000000000e+07
2.014060200000000000e+07,2.350000000000000000e+03,2.370500000000000000e+03,2.322500000000000000e+03,2.361500000000000000e+03,1.742300000000000000e+07
2.014060900000000000e+07,2.362000000000000000e+03,2.395500000000000000e+03,2.344500000000000000e+03,2.371000000000000000e+03,1.602860000000000000e+07
2.014061600000000000e+07,2.373500000000000000e+03,2.433000000000000000e+03,2.365500000000000000e+03,2.430000000000000000e+03,2.213930000000000000e+07
2.014062300000000000e+07,2.425000000000000000e+03,2.448500000000000000e+03,2.383500000000000000e+03,2.416000000000000000e+03,1.763740000000000000e+07
2.014063000000000000e+07,2.418000000000000000e+03,2.444000000000000000e+03,2.394500000000000000e+03,2.415500000000000000e+03,1.265190000000000000e+07
2.014070700000000000e+07,2.418000000000000000e+03,2.423500000000000000e+03,2.367500000000000000e+03,2.389500000000000000e+03,1.588460000000000000e+07
2.014071400000000000e+07,2.395000000000000000e+03,2.437000000000000000e+03,2.385500000000000000e+03,2.411000000000000000e+03,1.633900000000000000e+07
2.014072100000000000e+07,2.404500000000000000e+03,2.438000000000000000e+03,2.383500000000000000e+03,2.418500000000000000e+03,1.071050000000000000e+07
2.014072800000000000e+07,2.419500000000000000e+03,2.469500000000000000e+03,2.373500000000000000e+03,2.412000000000000000e+03,2.129050000000000000e+07
2.014080400000000000e+07,2.412500000000000000e+03,2.444500000000000000e+03,2.375000000000000000e+03,2.380500000000000000e+03,2.100690000000000000e+07
2.014081100000000000e+07,2.385500000000000000e+03,2.424149902343750000e+03,2.352800048828125000e+03,2.384000000000000000e+03,1.945660000000000000e+07
2.014081800000000000e+07,2.383500000000000000e+03,2.437000000000000000e+03,2.381500000000000000e+03,2.400500000000000000e+03,1.774050000000000000e+07
2.014082500000000000e+07,2.400500000000000000e+03,2.445000000000000000e+03,2.394500000000000000e+03,2.438000000000000000e+03,1.229620000000000000e+07
2.014090100000000000e+07,2.428500000000000000e+03,2.475500000000000000e+03,2.410000000000000000e+03,2.450000000000000000e+03,1.638460000000000000e+07
2.014090800000000000e+07,2.461500000000000000e+03,2.467000000000000000e+03,2.382500000000000000e+03,2.387500000000000000e+03,2.022290000000000000e+07
2.014091500000000000e+07,2.374500000000000000e+03,2.420500000000000000e+03,2.360500000000000000e+03,2.407500000000000000e+03,2.736940000000000000e+07
2.014092200000000000e+07,2.404500000000000000e+03,2.418000000000000000e+03,2.325939941406250000e+03,2.346500000000000000e+03,2.104950000000000000e+07
2.014092900000000000e+07,2.349000000000000000e+03,2.376500000000000000e+03,2.279500000000000000e+03,2.294000000000000000e+03,2.321800000000000000e+07
2.014100600000000000e+07,2.292000000000000000e+03,2.308500000000000000e+03,2.185500000000000000e+03,2.191000000000000000e+03,2.499090000000000000e+07
2.014101300000000000e+07,2.162000000000000000e+03,2.209000000000000000e+03,2.036500000000000000e+03,2.149000000000000000e+03,4.363740000000000000e+07
2.014102000000000000e+07,2.139000000000000000e+03,2.216500000000000000e+03,2.084000000000000000e+03,2.197000000000000000e+03,2.748800000000000000e+07
2.014102700000000000e+07,2.213000000000000000e+03,2.262000000000000000e+03,2.172000000000000000e+03,2.235500000000000000e+03,1.927520000000000000e+07
2.014110300000000000e+07,2.221500000000000000e+03,2.240500000000000000e+03,2.134000000000000000e+03,2.230500000000000000e+03,2.673230000000000000e+07
2.014111000000000000e+07,2.237000000000000000e+03,2.257000000000000000e+03,2.157500000000000000e+03,2.201500000000000000e+03,1.788920000000000000e+07
2.014111700000000000e+07,2.192500000000000000e+03,2.296500000000000000e+03,2.188500000000000000e+03,2.283500000000000000e+03,1.913240000000000000e+07
2.014112400000000000e+07,2.288500000000000000e+03,2.299500000000000000e+03,2.086500000000000000e+03,2.132500000000000000e+03,2.375430000000000000e+07
2.014120100000000000e+07,2.103000000000000000e+03,2.229500000000000000e+03,2.065810058593750000e+03,2.149000000000000000e+03,2.494060000000000000e+07
2.014120800000000000e+07,2.139500000000000000e+03,2.148500000000000000e+03,1.982000000000000000e+03,1.984000000000000000e+03,2.844600000000000000e+07
2.014121500000000000e+07,1.980000000000000000e+03,2.177000000000000000e+03,1.929000000000000000e+03,2.170000000000000000e+03,5.051900000000000000e+07
2.014122200000000000e+07,2.201500000000000000e+03,2.239500000000000000e+03,2.155500000000000000e+03,2.203500000000000000e+03,1.299420000000000000e+07
2.014122900000000000e+07,2.208000000000000000e+03,2.214500000000000000e+03,2.125000000000000000e+03,2.168000000000000000e+03,1.173390000000000000e+07
2.015010500000000000e+07,2.157500000000000000e+03,2.161000000000000000e+03,2.033000000000000000e+03,2.106500000000000000e+03,3.151440000000000000e+07
2.015011200000000000e+07,2.115000000000000000e+03,2.115500000000000000e+03,1.974000000000000000e+03,2.102500000000000000e+03,4.234380000000000000e+07
2.015011900000000000e+07,2.103500000000000000e+03,2.215250000000000000e+03,2.083000000000000000e+03,2.185000000000000000e+03,3.430490000000000000e+07
2.015012600000000000e+07,2.157500000000000000e+03,2.216500000000000000e+03,2.014000000000000000e+03,2.018000000000000000e+03,4.709260000000000000e+07
2.015020200000000000e+07,2.044000000000000000e+03,2.189000000000000000e+03,2.037500000000000000e+03,2.165000000000000000e+03,6.390030000000000000e+07
2.015020900000000000e+07,2.163000000000000000e+03,2.195500000000000000e+03,2.105500000000000000e+03,2.149000000000000000e+03,4.283900000000000000e+07
2.015021600000000000e+07,2.155000000000000000e+03,2.173500000000000000e+03,2.103000000000000000e+03,2.127000000000000000e+03,2.679820000000000000e+07
2.015022300000000000e+07,2.139000000000000000e+03,2.139000000000000000e+03,2.094500000000000000e+03,2.118000000000000000e+03,2.376080000000000000e+07
2.015030200000000000e+07,2.113000000000000000e+03,2.119500000000000000e+03,2.023500000000000000e+03,2.030000000000000000e+03,3.249000000000000000e+07
2.015030900000000000e+07,2.025500000000000000e+03,2.035500000000000000e+03,1.918500000000000000e+03,1.921500000000000000e+03,3.151770000000000000e+07
2.015031600000000000e+07,1.925000000000000000e+03,2.069500000000000000e+03,1.916790039062500000e+03,2.064000000000000000e+03,4.131110000000000000e+07
2.015032300000000000e+07,2.073500000000000000e+03,2.118000000000000000e+03,1.990349975585937500e+03,2.034500000000000000e+03,2.579870000000000000e+07
2.015033000000000000e+07,2.049000000000000000e+03,2.072000000000000000e+03,2.006500000000000000e+03,2.024500000000000000e+03,1.771590000000000000e+07
2.015040600000000000e+07,2.024500000000000000e+03,2.099750000000000000e+03,1.971000000000000000e+03,2.026500000000000000e+03,3.612380000000000000e+07
2.015041300000000000e+07,2.034500000000000000e+03,2.119000000000000000e+03,2.023000000000000000e+03,2.089000000000000000e+03,3.010630000000000000e+07
2.015042000000000000e+07,2.098000000000000000e+03,2.122000000000000000e+03,2.059500000000000000e+03,2.066000000000000000e+03,3.150230000000000000e+07
2.015042700000000000e+07,2.066500000000000000e+03,2.094500000000000000e+03,2.033500000000000000e+03,2.060000000000000000e+03,2.723530000000000000e+07
2.015050400000000000e+07,2.060000000000000000e+03,2.119500000000000000e+03,2.001500000000000000e+03,2.072000000000000000e+03,2.730070000000000000e+07
2.015051100000000000e+07,2.066500000000000000e+03,2.094500000000000000e+03,1.985500000000000000e+03,1.991500000000000000e+03,2.854610000000000000e+07
2.015051800000000000e+07,1.998500000000000000e+03,2.019500000000000000e+03,1.956500000000000000e+03,1.970500000000000000e+03,2.682410000000000000e+07
2.015052500000000000e+07,1.970500000000000000e+03,1.973500000000000000e+03,1.924000000000000000e+03,1.943000000000000000e+03,2.161650000000000000e+07
2.015060100000000000e+07,1.956000000000000000e+03,1.958500000000000000e+03,1.886500000000000000e+03,1.902500000000000000e+03,3.506010000000000000e+07
2.015060800000000000e+07,1.913500000000000000e+03,1.915500000000000000e+03,1.851500000000000000e+03,1.858000000000000000e+03,2.935380000000000000e+07
2.015061500000000000e+07,1.851000000000000000e+03,1.866050048828125000e+03,1.825500000000000000e+03,1.843500000000000000e+03,2.583550000000000000e+07
2.015062200000000000e+07,1.870500000000000000e+03,1.918000000000000000e+03,1.855500000000000000e+03,1.858000000000000000e+03,2.891230000000000000e+07
2.015062900000000000e+07,1.835000000000000000e+03,1.838000000000000000e+03,1.786500000000000000e+03,1.812000000000000000e+03,3.104570000000000000e+07
2.015070600000000000e+07,1.799500000000000000e+03,1.842000000000000000e+03,1.753000000000000000e+03,1.822000000000000000e+03,3.010740000000000000e+07
2.015071300000000000e+07,1.844000000000000000e+03,1.845500000000000000e+03,1.803500000000000000e+03,1.814000000000000000e+03,2.164430000000000000e+07
2.015072000000000000e+07,1.818500000000000000e+03,1.838500000000000000e+03,1.752500000000000000e+03,1.755500000000000000e+03,2.102210000000000000e+07
2.015072700000000000e+07,1.753000000000000000e+03,1.864000000000000000e+03,1.725500000000000000e+03,1.840000000000000000e+03,3.355980000000000000e+07
2.015080300000000000e+07,1.837000000000000000e+03,1.902500000000000000e+03,1.811500000000000000e+03,1.885500000000000000e+03,3.831500000000000000e+07
2.015081000000000000e+07,1.888500000000000000e+03,1.893119995117187500e+03,1.794500000000000000e+03,1.797000000000000000e+03,3.412880000000000000e+07
2.015081700000000000e+07,1.805000000000000000e+03,1.805500000000000000e+03,1.684839965820312500e+03,1.686000000000000000e+03,2.994620000000000000e+07
2.015082400000000000e+07,1.638000000000000000e+03,1.705500000000000000e+03,1.543000000000000000e+03,1.695000000000000000e+03,5.574130000000000000e+07
2.015083100000000000e+07,1.695000000000000000e+03,1.721500000000000000e+03,1.597000000000000000e+03,1.605000000000000000e+03,3.787460000000000000e+07
2.015090700000000000e+07,1.624500000000000000e+03,1.668619995117187500e+03,1.600000000000000000e+03,1.612000000000000000e+03,2.897960000000000000e+07
2.015091400000000000e+07,1.616000000000000000e+03,1.669000000000000000e+03,1.578500000000000000e+03,1.582000000000000000e+03,3.317380000000000000e+07
2.015092100000000000e+07,1.574000000000000000e+03,1.598000000000000000e+03,1.519000000000000000e+03,1.552000000000000000e+03,2.933340000000000000e+07
2.015092800000000000e+07,1.562000000000000000e+03,1.635989990234375000e+03,1.497500000000000000e+03,1.608000000000000000e+03,2.905670000000000000e+07
2.015100500000000000e+07,1.645500000000000000e+03,1.833000000000000000e+03,1.635000000000000000e+03,1.811000000000000000e+03,3.974760000000000000e+07
2.015101200000000000e+07,1.804500000000000000e+03,1.824000000000000000e+03,1.750000000000000000e+03,1.808000000000000000e+03,2.264650000000000000e+07
2.015101900000000000e+07,1.807500000000000000e+03,1.816500000000000000e+03,1.746000000000000000e+03,1.762500000000000000e+03,2.473890000000000000e+07
2.015102600000000000e+07,1.768500000000000000e+03,1.777500000000000000e+03,1.684000000000000000e+03,1.690000000000000000e+03,3.078590000000000000e+07
2.015110200000000000e+07,1.681500000000000000e+03,1.794000000000000000e+03,1.673000000000000000e+03,1.712000000000000000e+03,3.234580000000000000e+07
2.015110900000000000e+07,1.712000000000000000e+03,1.739500000000000000e+03,1.559000000000000000e+03,1.568000000000000000e+03,2.805600000000000000e+07
2.015111600000000000e+07,1.566500000000000000e+03,1.692000000000000000e+03,1.566500000000000000e+03,1.635000000000000000e+03,3.781040000000000000e+07
2.015112300000000000e+07,1.614500000000000000e+03,1.678000000000000000e+03,1.604000000000000000e+03,1.656500000000000000e+03,2.634720000000000000e+07
2.015113000000000000e+07,1.644500000000000000e+03,1.685000000000000000e+03,1.576000000000000000e+03,1.585500000000000000e+03,3.469380000000000000e+07
2.015120700000000000e+07,1.584500000000000000e+03,1.584500000000000000e+03,1.453500000000000000e+03,1.453500000000000000e+03,4.224610000000000000e+07
2.015121400000000000e+07,1.465500000000000000e+03,1.489500000000000000e+03,1.415500000000000000e+03,1.463500000000000000e+03,4.341320000000000000e+07
2.015122100000000000e+07,1.460000000000000000e+03,1.571000000000000000e+03,1.442000000000000000e+03,1.557000000000000000e+03,2.419360000000000000e+07
2.015122800000000000e+07,1.557000000000000000e+03,1.566500000000000000e+03,1.491500000000000000e+03,1.516000000000000000e+03,2.035710000000000000e+07
2.016010400000000000e+07,1.546000000000000000e+03,1.560000000000000000e+03,1.374500000000000000e+03,1.375000000000000000e+03,5.093560000000000000e+07
2.016011100000000000e+07,1.368500000000000000e+03,1.405000000000000000e+03,1.326000000000000000e+03,1.351000000000000000e+03,7.008150400000000000e+07
2.016011800000000000e+07,1.346000000000000000e+03,1.401000000000000000e+03,1.256000000000000000e+03,1.387000000000000000e+03,5.888820000000000000e+07
2.016012500000000000e+07,1.409000000000000000e+03,1.540500000000000000e+03,1.349000000000000000e+03,1.518000000000000000e+03,6.569720000000000000e+07
2.016020100000000000e+07,1.526000000000000000e+03,1.563500000000000000e+03,1.408000000000000000e+03,1.535000000000000000e+03,5.439300000000000000e+07
2.016020800000000000e+07,1.547000000000000000e+03,1.554000000000000000e+03,1.405500000000000000e+03,1.525500000000000000e+03,6.519550000000000000e+07
2.016021500000000000e+07,1.545000000000000000e+03,1.642000000000000000e+03,1.516000000000000000e+03,1.563000000000000000e+03,5.535200000000000000e+07
2.016022200000000000e+07,1.584000000000000000e+03,1.650510009765625000e+03,1.531000000000000000e+03,1.641500000000000000e+03,5.745750000000000000e+07
