2.006031300000000000e+07,3.900000000000000000e+02,4.152500000000000000e+02,3.730000000000000000e+02,3.815000000000000000e+02,1.140320000000000000e+07
2.006032000000000000e+07,3.770000000000000000e+02,3.900000000000000000e+02,3.770000000000000000e+02,3.840000000000000000e+02,1.686300000000000000e+06
2.006032700000000000e+07,3.876000000000000227e+02,3.880000000000000000e+02,3.800000000000000000e+02,3.812500000000000000e+02,5.185000000000000000e+05
2.006040300000000000e+07,3.800000000000000000e+02,3.847500000000000000e+02,3.570700073242187500e+02,3.600000000000000000e+02,3.835900000000000000e+06
2.006041000000000000e+07,3.600000000000000000e+02,3.780000000000000000e+02,3.570000000000000000e+02,3.625000000000000000e+02,2.013800000000000000e+06
2.006042400000000000e+07,3.550000000000000000e+02,3.600000000000000000e+02,3.478999938964843750e+02,3.570000000000000000e+02,1.268500000000000000e+06
2.006050800000000000e+07,3.520000000000000000e+02,3.770000000000000000e+02,3.495000000000000000e+02,3.605000000000000000e+02,3.371500000000000000e+06
2.006051500000000000e+07,3.600000000000000000e+02,3.605140075683593750e+02,3.450000000000000000e+02,3.485000000000000000e+02,1.980500000000000000e+06
2.006052200000000000e+07,3.550000000000000000e+02,3.550000000000000000e+02,3.351000061035156250e+02,3.450000000000000000e+02,5.996000000000000000e+05
2.006060500000000000e+07,3.440000000000000000e+02,3.450000000000000000e+02,3.370000000000000000e+02,3.415000000000000000e+02,4.671000000000000000e+05
2.006061200000000000e+07,3.400000000000000000e+02,3.547500000000000000e+02,3.330000000000000000e+02,3.330000000000000000e+02,4.208100000000000000e+06
2.006061900000000000e+07,3.447500000000000000e+02,3.497500000000000000e+02,3.400000000000000000e+02,3.430000000000000000e+02,1.382300000000000000e+06
2.006062600000000000e+07,3.400000000000000000e+02,3.540000000000000000e+02,3.400000000000000000e+02,3.535000000000000000e+02,4.425000000000000000e+05
2.006070300000000000e+07,3.550000000000000000e+02,3.950000000000000000e+02,3.500000000000000000e+02,3.830000000000000000e+02,3.275400000000000000e+06
2.006071000000000000e+07,3.820000000000000000e+02,3.900000000000000000e+02,3.597500000000000000e+02,3.652500000000000000e+02,1.149800000000000000e+06
2.006071700000000000e+07,3.610000000000000000e+02,3.720000000000000000e+02,2.682500000000000000e+02,2.800000000000000000e+02,5.900900000000000000e+06
2.006072400000000000e+07,2.800000000000000000e+02,3.095400085449218750e+02,2.781000061035156250e+02,2.890000000000000000e+02,1.892900000000000000e+06
2.006073100000000000e+07,2.920000000000000000e+02,2.920000000000000000e+02,2.683999938964843750e+02,2.810000000000000000e+02,2.861900000000000000e+06
2.006080700000000000e+07,2.755000000000000000e+02,2.835000000000000000e+02,2.720000000000000000e+02,2.835000000000000000e+02,1.203200000000000000e+06
2.006081400000000000e+07,2.835000000000000000e+02,2.850000000000000000e+02,2.750000000000000000e+02,2.837500000000000000e+02,9.755000000000000000e+05
2.006082100000000000e+07,2.752500000000000000e+02,2.850000000000000000e+02,2.732500000000000000e+02,2.850000000000000000e+02,1.130000000000000000e+06
2.006090400000000000e+07,3.060000000000000000e+02,3.340000000000000000e+02,3.060000000000000000e+02,3.330000000000000000e+02,1.924600000000000000e+06
2.006091100000000000e+07,3.255000000000000000e+02,3.540000000000000000e+02,3.250000000000000000e+02,3.485000000000000000e+02,2.646700000000000000e+06
2.006091800000000000e+07,3.470000000000000000e+02,3.542500000000000000e+02,3.402999877929687500e+02,3.450000000000000000e+02,2.725400000000000000e+06
2.006092500000000000e+07,3.497500000000000000e+02,3.500000000000000000e+02,3.430000000000000000e+02,3.477500000000000000e+02,1.669000000000000000e+05
2.006100200000000000e+07,3.430000000000000000e+02,3.600000000000000000e+02,3.430000000000000000e+02,3.550000000000000000e+02,4.755600000000000000e+06
2.006100900000000000e+07,3.500000000000000000e+02,3.500000000000000000e+02,3.430000000000000000e+02,3.480000000000000000e+02,3.992000000000000000e+05
2.006101600000000000e+07,3.430000000000000000e+02,3.500000000000000000e+02,3.430000000000000000e+02,3.490000000000000000e+02,4.768000000000000000e+05
2.006102300000000000e+07,3.440000000000000000e+02,3.500000000000000000e+02,3.350000000000000000e+02,3.460000000000000000e+02,4.134000000000000000e+05
2.006103000000000000e+07,3.407500000000000000e+02,3.510000000000000000e+02,3.407500000000000000e+02,3.500000000000000000e+02,3.963400000000000000e+06
2.006110600000000000e+07,3.500000000000000000e+02,3.512500000000000000e+02,3.460000000000000000e+02,3.500000000000000000e+02,4.012000000000000000e+05
2.006111300000000000e+07,3.500000000000000000e+02,3.520000000000000000e+02,3.405000000000000000e+02,3.405000000000000000e+02,2.772000000000000000e+05
2.006112000000000000e+07,3.430000000000000000e+02,3.440000000000000000e+02,3.000000000000000000e+02,3.115000000000000000e+02,5.418000000000000000e+05
2.006112700000000000e+07,3.085000000000000000e+02,3.847500000000000000e+02,3.010000000000000000e+02,3.677500000000000000e+02,1.851000000000000000e+06
2.006120400000000000e+07,3.620000000000000000e+02,4.080000000000000000e+02,3.585000000000000000e+02,3.732500000000000000e+02,5.651000000000000000e+05
2.006121100000000000e+07,3.772500000000000000e+02,3.782500000000000000e+02,3.320000000000000000e+02,3.565000000000000000e+02,2.590700000000000000e+06
2.006121800000000000e+07,3.520000000000000000e+02,4.000000000000000000e+02,2.950000000000000000e+02,3.962500000000000000e+02,4.038500000000000000e+06
2.007010800000000000e+07,3.965000000000000000e+02,4.760000000000000000e+02,3.902500000000000000e+02,4.760000000000000000e+02,3.677400000000000000e+06
2.007011500000000000e+07,4.750000000000000000e+02,4.913380126953125000e+02,4.654750061035156250e+02,4.822500000000000000e+02,2.538500000000000000e+06
2.007012200000000000e+07,4.820000000000000000e+02,4.880000000000000000e+02,4.720000000000000000e+02,4.790000000000000000e+02,1.398700000000000000e+06
2.007012900000000000e+07,4.850000000000000000e+02,4.861000061035156250e+02,4.662500000000000000e+02,4.680000000000000000e+02,2.036800000000000000e+06
2.007020500000000000e+07,4.745000000000000000e+02,5.359400024414062500e+02,4.664500122070312500e+02,5.270000000000000000e+02,2.360800000000000000e+06
2.007021200000000000e+07,5.300000000000000000e+02,5.350000000000000000e+02,5.100000000000000000e+02,5.100000000000000000e+02,1.352200000000000000e+06
2.007021900000000000e+07,5.170000000000000000e+02,5.200000000000000000e+02,4.750000000000000000e+02,4.792500000000000000e+02,1.262700000000000000e+06
2.007022600000000000e+07,4.800000000000000000e+02,4.932500000000000000e+02,4.500000000000000000e+02,4.855000000000000000e+02,2.129000000000000000e+06
2.007030500000000000e+07,4.800000000000000000e+02,4.900000000000000000e+02,4.632500000000000000e+02,4.900000000000000000e+02,1.111120000000000000e+07
2.007031200000000000e+07,4.900000000000000000e+02,4.947000122070312500e+02,4.600000000000000000e+02,4.700000000000000000e+02,1.569800000000000000e+06
2.007031900000000000e+07,4.700000000000000000e+02,5.200000000000000000e+02,4.605599975585937500e+02,5.140000000000000000e+02,1.364640000000000000e+07
2.007032600000000000e+07,5.140000000000000000e+02,5.150000000000000000e+02,5.000000000000000000e+02,5.000000000000000000e+02,1.741600000000000000e+06
2.007040200000000000e+07,5.070000000000000000e+02,5.200000000000000000e+02,5.005000000000000000e+02,5.200000000000000000e+02,1.684600000000000000e+06
2.007041600000000000e+07,5.132500000000000000e+02,5.132500000000000000e+02,5.030000000000000000e+02,5.050000000000000000e+02,7.613000000000000000e+05
2.007042300000000000e+07,5.050000000000000000e+02,5.170000000000000000e+02,5.022500000000000000e+02,5.170000000000000000e+02,1.896800000000000000e+06
2.007043000000000000e+07,5.170000000000000000e+02,5.750000000000000000e+02,5.100000000000000000e+02,5.750000000000000000e+02,2.835100000000000000e+06
2.007051400000000000e+07,6.000000000000000000e+02,6.115000000000000000e+02,5.950000000000000000e+02,6.085000000000000000e+02,1.337780000000000000e+07
2.007052100000000000e+07,6.105000000000000000e+02,6.250000000000000000e+02,6.050000000000000000e+02,6.180000000000000000e+02,5.851200000000000000e+06
2.007060400000000000e+07,6.110000000000000000e+02,6.250000000000000000e+02,6.018099975585937500e+02,6.152500000000000000e+02,2.305500000000000000e+06
2.007061100000000000e+07,6.225000000000000000e+02,6.257500000000000000e+02,6.055000000000000000e+02,6.090000000000000000e+02,2.675600000000000000e+06
2.007061800000000000e+07,6.060000000000000000e+02,6.295000000000000000e+02,6.005000000000000000e+02,6.065000000000000000e+02,2.271900000000000000e+06
2.007062500000000000e+07,6.020000000000000000e+02,6.300000000000000000e+02,6.000000000000000000e+02,6.280000000000000000e+02,4.477900000000000000e+06
2.007070200000000000e+07,6.215000000000000000e+02,6.280000000000000000e+02,6.125000000000000000e+02,6.185000000000000000e+02,1.303400000000000000e+06
2.007070900000000000e+07,6.155000000000000000e+02,6.250000000000000000e+02,6.135000000000000000e+02,6.250000000000000000e+02,3.973500000000000000e+06
2.007071600000000000e+07,6.175000000000000000e+02,6.250000000000000000e+02,6.100499877929687500e+02,6.150000000000000000e+02,7.005000000000000000e+05
2.007072300000000000e+07,6.140000000000000000e+02,6.216749877929687500e+02,5.285000000000000000e+02,5.425000000000000000e+02,3.526400000000000000e+06
2.007073000000000000e+07,5.375000000000000000e+02,5.970000000000000000e+02,5.300000000000000000e+02,5.965000000000000000e+02,2.011100000000000000e+06
2.007080600000000000e+07,5.875000000000000000e+02,5.950000000000000000e+02,5.095000000000000000e+02,5.220000000000000000e+02,5.151600000000000000e+06
2.007081300000000000e+07,5.225000000000000000e+02,5.874890136718750000e+02,5.070000000000000000e+02,5.360000000000000000e+02,2.297900000000000000e+06
2.007082000000000000e+07,5.305000000000000000e+02,5.600000000000000000e+02,5.260000000000000000e+02,5.375000000000000000e+02,1.249200000000000000e+06
2.007090300000000000e+07,5.850000000000000000e+02,6.270000000000000000e+02,5.840000000000000000e+02,6.225000000000000000e+02,3.205100000000000000e+06
2.007091000000000000e+07,6.150000000000000000e+02,6.200000000000000000e+02,5.410000000000000000e+02,5.500000000000000000e+02,2.996400000000000000e+06
2.007091700000000000e+07,5.550000000000000000e+02,5.720000000000000000e+02,5.415000000000000000e+02,5.585000000000000000e+02,1.672600000000000000e+06
2.007092400000000000e+07,5.610000000000000000e+02,5.610000000000000000e+02,5.160000000000000000e+02,5.170000000000000000e+02,2.797100000000000000e+06
2.007100100000000000e+07,5.220000000000000000e+02,5.300000000000000000e+02,5.155000000000000000e+02,5.260000000000000000e+02,7.600200000000000000e+06
2.007100800000000000e+07,5.250000000000000000e+02,5.800000000000000000e+02,5.150000000000000000e+02,5.640000000000000000e+02,3.094300000000000000e+06
2.007101500000000000e+07,5.670000000000000000e+02,6.200000000000000000e+02,5.550000000000000000e+02,6.120000000000000000e+02,1.097600000000000000e+07
2.007102200000000000e+07,6.000000000000000000e+02,6.345000000000000000e+02,5.930000000000000000e+02,6.000000000000000000e+02,9.117400000000000000e+06
2.007102900000000000e+07,6.000000000000000000e+02,6.040000000000000000e+02,5.650000000000000000e+02,5.715000000000000000e+02,5.884000000000000000e+06
2.007110500000000000e+07,5.660000000000000000e+02,5.980000000000000000e+02,5.660000000000000000e+02,5.770000000000000000e+02,4.068600000000000000e+06
2.007111200000000000e+07,5.800000000000000000e+02,5.920000000000000000e+02,5.410000000000000000e+02,5.440000000000000000e+02,2.477500000000000000e+06
2.007111900000000000e+07,5.400000000000000000e+02,5.400000000000000000e+02,4.332500000000000000e+02,4.740000000000000000e+02,5.112300000000000000e+06
2.007112600000000000e+07,4.800000000000000000e+02,4.850000000000000000e+02,4.472500000000000000e+02,4.850000000000000000e+02,4.932800000000000000e+06
2.007120300000000000e+07,4.750000000000000000e+02,4.967500000000000000e+02,4.532500000000000000e+02,4.680000000000000000e+02,3.616800000000000000e+06
2.007121000000000000e+07,4.697500000000000000e+02,4.912500000000000000e+02,4.410000000000000000e+02,4.452500000000000000e+02,3.025300000000000000e+06
2.007121700000000000e+07,4.400000000000000000e+02,4.600000000000000000e+02,4.190000000000000000e+02,4.550000000000000000e+02,3.259500000000000000e+06
2.007122400000000000e+07,4.607500000000000000e+02,4.700000000000000000e+02,4.552500000000000000e+02,4.600000000000000000e+02,7.424000000000000000e+05
2.007123100000000000e+07,4.600000000000000000e+02,4.920000000000000000e+02,4.550000000000000000e+02,4.560000000000000000e+02,4.284500000000000000e+06
2.008010700000000000e+07,4.540000000000000000e+02,4.600000000000000000e+02,4.197500000000000000e+02,4.280000000000000000e+02,5.137000000000000000e+06
2.008011400000000000e+07,4.250000000000000000e+02,4.320000000000000000e+02,3.550000000000000000e+02,3.900000000000000000e+02,3.904900000000000000e+06
2.008012100000000000e+07,3.850000000000000000e+02,4.295000000000000000e+02,3.475000000000000000e+02,4.150000000000000000e+02,4.624900000000000000e+06
2.008012800000000000e+07,4.150000000000000000e+02,4.450000000000000000e+02,3.987500000000000000e+02,4.267500000000000000e+02,4.540500000000000000e+06
2.008020400000000000e+07,4.275000000000000000e+02,4.417500000000000000e+02,4.225000000000000000e+02,4.335000000000000000e+02,4.430300000000000000e+06
2.008021100000000000e+07,4.272500000000000000e+02,5.040000000000000000e+02,4.272500000000000000e+02,4.830000000000000000e+02,2.353800000000000000e+06
2.008021800000000000e+07,4.900000000000000000e+02,5.200000000000000000e+02,4.860000000000000000e+02,5.010000000000000000e+02,2.372900000000000000e+06
2.008022500000000000e+07,5.075000000000000000e+02,5.515000000000000000e+02,4.850000000000000000e+02,5.020000000000000000e+02,4.073100000000000000e+06
2.008030300000000000e+07,4.895000000000000000e+02,5.095000000000000000e+02,4.800000000000000000e+02,4.890000000000000000e+02,3.338300000000000000e+06
2.008031000000000000e+07,4.880000000000000000e+02,5.020000000000000000e+02,4.752500000000000000e+02,4.925000000000000000e+02,3.449200000000000000e+06
2.008031700000000000e+07,4.900000000000000000e+02,4.948699951171875000e+02,4.650000000000000000e+02,4.680000000000000000e+02,3.614700000000000000e+06
2.008032400000000000e+07,4.680000000000000000e+02,5.080000000000000000e+02,4.680000000000000000e+02,4.990000000000000000e+02,3.457600000000000000e+06
2.008033100000000000e+07,4.950000000000000000e+02,4.997500000000000000e+02,4.792500000000000000e+02,4.882500000000000000e+02,2.375900000000000000e+06
2.008040700000000000e+07,4.827500000000000000e+02,4.960660095214843750e+02,4.375000000000000000e+02,4.482500000000000000e+02,7.085200000000000000e+06
2.008041400000000000e+07,4.460000000000000000e+02,4.525000000000000000e+02,4.192500000000000000e+02,4.437500000000000000e+02,6.733300000000000000e+06
2.008042100000000000e+07,4.450000000000000000e+02,4.500000000000000000e+02,3.912500000000000000e+02,4.255000000000000000e+02,5.899000000000000000e+06
2.008042800000000000e+07,4.275000000000000000e+02,4.530000000000000000e+02,4.075000000000000000e+02,4.400000000000000000e+02,4.949300000000000000e+06
2.008050500000000000e+07,4.400000000000000000e+02,4.400000000000000000e+02,3.895000000000000000e+02,4.020000000000000000e+02,6.017800000000000000e+06
2.008051200000000000e+07,4.000000000000000000e+02,4.050000000000000000e+02,3.570000000000000000e+02,3.787500000000000000e+02,1.909360000000000000e+07
2.008051900000000000e+07,3.760000000000000000e+02,3.910000000000000000e+02,3.630000000000000000e+02,3.720000000000000000e+02,8.810400000000000000e+06
2.008052600000000000e+07,3.720000000000000000e+02,3.772500000000000000e+02,3.420000000000000000e+02,3.515000000000000000e+02,6.082300000000000000e+06
2.008060200000000000e+07,3.497500000000000000e+02,3.497500000000000000e+02,3.205000000000000000e+02,3.300000000000000000e+02,1.183550000000000000e+07
2.008060900000000000e+07,3.295000000000000000e+02,3.385000000000000000e+02,3.102500000000000000e+02,3.307500000000000000e+02,1.954610000000000000e+07
2.008061600000000000e+07,3.290000000000000000e+02,3.410000000000000000e+02,2.867500000000000000e+02,3.000000000000000000e+02,1.561870000000000000e+07
2.008062300000000000e+07,3.050000000000000000e+02,3.050000000000000000e+02,2.717500000000000000e+02,2.777500000000000000e+02,1.158580000000000000e+07
2.008063000000000000e+07,2.705000000000000000e+02,2.755000000000000000e+02,2.172500000000000000e+02,2.490000000000000000e+02,7.685900000000000000e+06
2.008070700000000000e+07,2.520000000000000000e+02,2.600000000000000000e+02,2.182500000000000000e+02,2.220000000000000000e+02,6.930100000000000000e+06
2.008071400000000000e+07,2.220000000000000000e+02,2.912500000000000000e+02,2.127500000000000000e+02,2.700000000000000000e+02,1.060710000000000000e+07
2.008072100000000000e+07,2.720000000000000000e+02,3.150000000000000000e+02,2.700000000000000000e+02,2.830000000000000000e+02,9.829400000000000000e+06
2.008072800000000000e+07,2.822500000000000000e+02,3.012500000000000000e+02,2.652500000000000000e+02,2.900000000000000000e+02,2.949600000000000000e+06
2.008080400000000000e+07,2.860000000000000000e+02,3.390000000000000000e+02,2.775000000000000000e+02,3.160000000000000000e+02,5.636700000000000000e+06
2.008081100000000000e+07,3.220000000000000000e+02,3.540000000000000000e+02,3.150000000000000000e+02,3.200000000000000000e+02,4.545700000000000000e+06
2.008081800000000000e+07,3.120000000000000000e+02,3.222500000000000000e+02,2.890000000000000000e+02,3.200000000000000000e+02,4.512600000000000000e+06
2.008082500000000000e+07,3.200000000000000000e+02,3.272500000000000000e+02,2.930000000000000000e+02,3.090000000000000000e+02,3.413100000000000000e+06
2.008090100000000000e+07,3.097500000000000000e+02,3.270000000000000000e+02,3.092500000000000000e+02,3.140000000000000000e+02,3.186200000000000000e+06
2.008090800000000000e+07,3.212500000000000000e+02,3.315000000000000000e+02,2.950000000000000000e+02,3.045000000000000000e+02,1.949600000000000000e+06
2.008091500000000000e+07,2.997500000000000000e+02,3.465000000000000000e+02,2.830000000000000000e+02,3.020000000000000000e+02,1.338240000000000000e+07
2.008092200000000000e+07,3.070000000000000000e+02,3.070000000000000000e+02,2.697500000000000000e+02,2.750000000000000000e+02,4.501800000000000000e+06
2.008092900000000000e+07,2.700000000000000000e+02,2.840000000000000000e+02,2.380000000000000000e+02,2.550000000000000000e+02,5.469900000000000000e+06
2.008100600000000000e+07,2.420000000000000000e+02,2.545000000000000000e+02,2.140000000000000000e+02,2.320000000000000000e+02,5.433400000000000000e+06
2.008101300000000000e+07,2.360000000000000000e+02,2.730000000000000000e+02,2.000000000000000000e+02,2.215000000000000000e+02,3.080000000000000000e+06
2.008102000000000000e+07,2.190000000000000000e+02,2.230000000000000000e+02,1.900000000000000000e+02,2.002500000000000000e+02,4.182800000000000000e+06
2.008102700000000000e+07,2.010000000000000000e+02,2.255000000000000000e+02,1.615000000000000000e+02,1.925000000000000000e+02,3.950500000000000000e+06
2.008110300000000000e+07,1.930000000000000000e+02,2.202500000000000000e+02,1.930000000000000000e+02,2.000000000000000000e+02,3.099200000000000000e+06
2.008111000000000000e+07,2.022500000000000000e+02,2.057500000000000000e+02,1.655000000000000000e+02,1.850000000000000000e+02,1.552200000000000000e+06
2.008111700000000000e+07,1.795000000000000000e+02,1.840000000000000000e+02,1.715000000000000000e+02,1.730000000000000000e+02,1.575900000000000000e+06
2.008112400000000000e+07,1.795000000000000000e+02,1.985000000000000000e+02,1.782500000000000000e+02,1.902500000000000000e+02,9.375000000000000000e+05
2.008120100000000000e+07,1.877500000000000000e+02,1.922500000000000000e+02,1.642500000000000000e+02,1.725000000000000000e+02,1.716500000000000000e+06
2.008120800000000000e+07,1.705000000000000000e+02,1.850000000000000000e+02,1.550000000000000000e+02,1.632500000000000000e+02,9.450000000000000000e+06
2.008121500000000000e+07,1.662500000000000000e+02,1.710000000000000000e+02,1.600000000000000000e+02,1.700000000000000000e+02,2.202700000000000000e+06
2.008122200000000000e+07,1.600000000000000000e+02,1.765000000000000000e+02,1.597500000000000000e+02,1.727500000000000000e+02,1.465200000000000000e+06
2.008122900000000000e+07,1.720000000000000000e+02,1.862500000000000000e+02,1.700000000000000000e+02,1.830000000000000000e+02,8.492000000000000000e+05
2.009010500000000000e+07,1.887500000000000000e+02,1.960000000000000000e+02,1.817500000000000000e+02,1.910000000000000000e+02,6.099000000000000000e+06
2.009011200000000000e+07,1.897500000000000000e+02,1.920000000000000000e+02,1.592500000000000000e+02,1.615000000000000000e+02,3.062600000000000000e+06
2.009011900000000000e+07,1.650000000000000000e+02,1.680000000000000000e+02,1.585000000000000000e+02,1.600000000000000000e+02,1.388700000000000000e+06
2.009012600000000000e+07,1.630000000000000000e+02,1.757500000000000000e+02,1.582500000000000000e+02,1.685000000000000000e+02,1.726400000000000000e+06
2.009020200000000000e+07,1.675000000000000000e+02,1.975000000000000000e+02,1.625000000000000000e+02,1.930000000000000000e+02,1.209900000000000000e+06
2.009020900000000000e+07,1.937500000000000000e+02,2.070000000000000000e+02,1.892500000000000000e+02,1.960000000000000000e+02,1.978500000000000000e+06
2.009021600000000000e+07,1.930000000000000000e+02,1.967500000000000000e+02,1.845000000000000000e+02,1.942500000000000000e+02,1.657600000000000000e+06
2.009022300000000000e+07,1.990000000000000000e+02,2.290000000000000000e+02,1.902500000000000000e+02,2.250000000000000000e+02,5.764300000000000000e+06
2.009030200000000000e+07,2.212500000000000000e+02,2.300000000000000000e+02,2.182500000000000000e+02,2.250000000000000000e+02,3.396300000000000000e+06
2.009030900000000000e+07,2.205000000000000000e+02,2.445000000000000000e+02,2.185000000000000000e+02,2.255000000000000000e+02,2.837300000000000000e+06
2.009031600000000000e+07,2.320000000000000000e+02,2.480000000000000000e+02,2.270000000000000000e+02,2.457500000000000000e+02,4.510100000000000000e+06
2.009032300000000000e+07,2.507500000000000000e+02,2.897500000000000000e+02,2.450000000000000000e+02,2.647500000000000000e+02,7.806500000000000000e+06
2.009033000000000000e+07,2.635000000000000000e+02,2.847500000000000000e+02,2.537500000000000000e+02,2.847500000000000000e+02,3.092400000000000000e+06
2.009040600000000000e+07,2.820000000000000000e+02,3.012500000000000000e+02,2.817500000000000000e+02,2.940000000000000000e+02,2.721500000000000000e+06
2.009041300000000000e+07,2.940000000000000000e+02,3.160000000000000000e+02,2.940000000000000000e+02,3.160000000000000000e+02,2.997100000000000000e+06
2.009042000000000000e+07,3.107500000000000000e+02,3.162500000000000000e+02,2.852500000000000000e+02,3.162500000000000000e+02,2.731400000000000000e+06
2.009042700000000000e+07,3.100000000000000000e+02,3.387500000000000000e+02,3.006669921875000000e+02,3.250000000000000000e+02,2.642600000000000000e+06
2.009050400000000000e+07,3.250000000000000000e+02,3.550000000000000000e+02,3.247500000000000000e+02,3.407500000000000000e+02,4.608800000000000000e+06
2.009051100000000000e+07,3.470000000000000000e+02,3.470000000000000000e+02,3.047500000000000000e+02,3.150000000000000000e+02,3.527300000000000000e+06
2.009051800000000000e+07,3.147500000000000000e+02,3.520000000000000000e+02,3.122500000000000000e+02,3.315000000000000000e+02,5.843400000000000000e+06
2.009052500000000000e+07,3.315000000000000000e+02,3.687500000000000000e+02,3.202500000000000000e+02,3.527500000000000000e+02,4.467700000000000000e+06
2.009060100000000000e+07,3.507500000000000000e+02,3.677500000000000000e+02,3.425000000000000000e+02,3.455000000000000000e+02,2.936900000000000000e+06
2.009060800000000000e+07,3.440000000000000000e+02,3.650000000000000000e+02,3.405000000000000000e+02,3.615000000000000000e+02,2.963600000000000000e+06
2.009061500000000000e+07,3.580000000000000000e+02,3.725000000000000000e+02,3.447500000000000000e+02,3.500000000000000000e+02,4.468200000000000000e+06
2.009062200000000000e+07,3.522500000000000000e+02,3.550000000000000000e+02,2.810000000000000000e+02,3.485000000000000000e+02,3.200100000000000000e+06
2.009062900000000000e+07,3.505000000000000000e+02,3.565000000000000000e+02,3.445000000000000000e+02,3.497500000000000000e+02,2.356200000000000000e+06
2.009070600000000000e+07,3.465000000000000000e+02,3.517500000000000000e+02,3.340000000000000000e+02,3.392500000000000000e+02,2.402300000000000000e+06
2.009071300000000000e+07,3.365000000000000000e+02,3.670000000000000000e+02,3.350000000000000000e+02,3.600000000000000000e+02,2.193000000000000000e+06
2.009072000000000000e+07,3.582500000000000000e+02,4.337500000000000000e+02,3.582500000000000000e+02,4.215000000000000000e+02,2.703500000000000000e+06
2.009072700000000000e+07,4.205000000000000000e+02,4.290299987792968750e+02,3.987500000000000000e+02,4.175000000000000000e+02,1.258300000000000000e+06
2.009080300000000000e+07,4.250000000000000000e+02,4.282179870605468750e+02,3.995000000000000000e+02,4.230000000000000000e+02,1.076200000000000000e+06
2.009081000000000000e+07,4.230000000000000000e+02,4.545769958496093750e+02,4.101000061035156250e+02,4.248000000000000114e+02,6.128000000000000000e+05
2.009081700000000000e+07,4.200000000000000000e+02,5.240000000000000000e+02,4.040729980468750000e+02,5.085000000000000000e+02,3.772000000000000000e+06
2.009082400000000000e+07,5.160000000000000000e+02,5.500000000000000000e+02,5.110000000000000000e+02,5.350000000000000000e+02,1.255510000000000000e+07
2.009083100000000000e+07,5.350000000000000000e+02,5.485000000000000000e+02,5.165499877929687500e+02,5.410000000000000000e+02,1.518700000000000000e+06
2.009090700000000000e+07,5.390000000000000000e+02,6.105000000000000000e+02,5.386099853515625000e+02,5.900000000000000000e+02,8.567300000000000000e+06
2.009091400000000000e+07,5.900000000000000000e+02,6.000000000000000000e+02,5.605999755859375000e+02,5.760000000000000000e+02,3.231900000000000000e+06
2.009092100000000000e+07,5.705000000000000000e+02,5.775000000000000000e+02,5.305000000000000000e+02,5.540000000000000000e+02,2.213300000000000000e+06
2.009092800000000000e+07,5.445000000000000000e+02,5.776199951171875000e+02,5.270000000000000000e+02,5.335000000000000000e+02,1.530700000000000000e+06
2.009100500000000000e+07,5.295000000000000000e+02,5.995000000000000000e+02,5.295000000000000000e+02,5.850000000000000000e+02,1.503800000000000000e+06
2.009101200000000000e+07,5.885000000000000000e+02,5.915000000000000000e+02,5.562509765625000000e+02,5.665000000000000000e+02,1.342400000000000000e+06
2.009101900000000000e+07,5.640000000000000000e+02,5.800000000000000000e+02,5.485000000000000000e+02,5.515000000000000000e+02,1.903800000000000000e+06
2.009102600000000000e+07,5.560000000000000000e+02,5.560000000000000000e+02,5.100000000000000000e+02,5.270000000000000000e+02,2.313000000000000000e+06
2.009110200000000000e+07,5.290000000000000000e+02,5.440000000000000000e+02,5.145000000000000000e+02,5.285000000000000000e+02,2.425100000000000000e+06
2.009110900000000000e+07,5.370000000000000000e+02,5.535000000000000000e+02,5.245000000000000000e+02,5.510000000000000000e+02,1.103900000000000000e+06
2.009111600000000000e+07,5.610000000000000000e+02,5.795000000000000000e+02,5.515000000000000000e+02,5.700000000000000000e+02,6.211200000000000000e+06
2.009112300000000000e+07,5.795000000000000000e+02,5.795000000000000000e+02,5.400000000000000000e+02,5.485000000000000000e+02,1.990600000000000000e+06
2.009113000000000000e+07,5.430000000000000000e+02,5.635000000000000000e+02,4.635000000000000000e+02,4.980000000000000000e+02,1.468650000000000000e+07
2.009120700000000000e+07,4.915000000000000000e+02,5.000000000000000000e+02,4.568999938964843750e+02,4.640000000000000000e+02,8.469900000000000000e+06
2.009121400000000000e+07,4.646999999999999886e+02,4.993999938964843750e+02,4.647000122070312500e+02,4.823000000000000114e+02,4.481600000000000000e+06
2.009122100000000000e+07,4.806000000000000227e+02,4.990000000000000000e+02,4.732999877929687500e+02,4.920000000000000000e+02,3.215900000000000000e+06
2.010010400000000000e+07,4.980000000000000000e+02,5.250000000000000000e+02,4.980000000000000000e+02,5.195000000000000000e+02,1.840000000000000000e+06
2.010011100000000000e+07,5.230000000000000000e+02,5.328649902343750000e+02,5.148599853515625000e+02,5.295000000000000000e+02,3.095700000000000000e+06
2.010011800000000000e+07,5.340000000000000000e+02,5.485000000000000000e+02,5.080000000000000000e+02,5.115000000000000000e+02,2.810000000000000000e+06
2.010012500000000000e+07,5.105000000000000000e+02,5.395000000000000000e+02,4.952000122070312500e+02,5.285000000000000000e+02,2.205900000000000000e+06
2.010020100000000000e+07,5.320000000000000000e+02,6.900000000000000000e+02,5.125000000000000000e+02,5.250000000000000000e+02,2.881800000000000000e+06
2.010020800000000000e+07,5.255000000000000000e+02,5.965000000000000000e+02,5.135000000000000000e+02,5.770000000000000000e+02,3.233200000000000000e+06
2.010021500000000000e+07,5.760000000000000000e+02,6.140750122070312500e+02,5.725000000000000000e+02,6.100000000000000000e+02,1.416500000000000000e+06
2.010022200000000000e+07,6.070000000000000000e+02,6.620000000000000000e+02,5.930000000000000000e+02,6.350000000000000000e+02,4.177500000000000000e+06
2.010030100000000000e+07,6.445000000000000000e+02,6.955000000000000000e+02,6.338950195312500000e+02,6.955000000000000000e+02,3.096300000000000000e+06
2.010030800000000000e+07,6.805000000000000000e+02,6.990000000000000000e+02,6.580000000000000000e+02,6.580000000000000000e+02,2.149300000000000000e+06
2.010031500000000000e+07,6.535000000000000000e+02,6.625000000000000000e+02,6.380000000000000000e+02,6.495000000000000000e+02,2.385700000000000000e+06
2.010032200000000000e+07,6.550000000000000000e+02,6.785000000000000000e+02,6.325000000000000000e+02,6.750000000000000000e+02,5.797000000000000000e+06
2.010032900000000000e+07,6.715000000000000000e+02,6.935000000000000000e+02,6.620000000000000000e+02,6.900000000000000000e+02,2.074400000000000000e+06
2.010040500000000000e+07,6.900000000000000000e+02,6.960000000000000000e+02,6.590000000000000000e+02,6.745000000000000000e+02,1.889400000000000000e+06
2.010041200000000000e+07,6.750000000000000000e+02,6.785000000000000000e+02,6.575000000000000000e+02,6.575000000000000000e+02,9.475000000000000000e+05
2.010041900000000000e+07,6.540000000000000000e+02,7.125000000000000000e+02,6.475000000000000000e+02,7.030000000000000000e+02,2.357100000000000000e+06
2.010042600000000000e+07,6.985000000000000000e+02,7.135000000000000000e+02,6.635000000000000000e+02,6.955000000000000000e+02,1.175900000000000000e+06
2.010050300000000000e+07,6.955000000000000000e+02,7.120000000000000000e+02,6.500000000000000000e+02,6.520000000000000000e+02,2.720000000000000000e+06
2.010051000000000000e+07,6.685000000000000000e+02,7.030000000000000000e+02,6.535000000000000000e+02,6.730000000000000000e+02,3.953700000000000000e+06
2.010051700000000000e+07,6.675000000000000000e+02,6.690000000000000000e+02,6.125000000000000000e+02,6.205000000000000000e+02,3.132000000000000000e+06
2.010052400000000000e+07,6.325000000000000000e+02,7.255000000000000000e+02,6.070000000000000000e+02,6.975000000000000000e+02,2.308600000000000000e+06
2.010053100000000000e+07,6.975000000000000000e+02,7.293400268554687500e+02,6.910000000000000000e+02,7.060000000000000000e+02,1.298700000000000000e+06
2.010060700000000000e+07,7.065000000000000000e+02,7.265000000000000000e+02,6.820000000000000000e+02,6.890000000000000000e+02,3.185700000000000000e+06
2.010061400000000000e+07,6.970000000000000000e+02,7.140000000000000000e+02,6.840000000000000000e+02,6.870000000000000000e+02,3.466200000000000000e+06
2.010062100000000000e+07,6.925000000000000000e+02,7.005000000000000000e+02,6.605000000000000000e+02,6.615000000000000000e+02,1.554400000000000000e+06
2.010062800000000000e+07,6.585000000000000000e+02,6.660000000000000000e+02,6.130000000000000000e+02,6.180000000000000000e+02,2.298800000000000000e+06
2.010070500000000000e+07,6.195000000000000000e+02,6.355000000000000000e+02,6.040000000000000000e+02,6.160000000000000000e+02,8.449000000000000000e+05
2.010071200000000000e+07,6.190000000000000000e+02,6.460000000000000000e+02,6.125000000000000000e+02,6.300000000000000000e+02,7.727000000000000000e+05
2.010071900000000000e+07,6.255000000000000000e+02,6.665000000000000000e+02,5.990000000000000000e+02,6.660000000000000000e+02,2.838700000000000000e+06
2.010072600000000000e+07,6.735000000000000000e+02,6.760000000000000000e+02,6.495000000000000000e+02,6.535000000000000000e+02,8.129000000000000000e+05
2.010080200000000000e+07,6.630000000000000000e+02,6.820000000000000000e+02,6.330000000000000000e+02,6.400000000000000000e+02,1.353500000000000000e+06
2.010080900000000000e+07,6.500000000000000000e+02,6.530000000000000000e+02,5.885000000000000000e+02,6.000000000000000000e+02,1.589400000000000000e+06
2.010081600000000000e+07,5.945000000000000000e+02,6.080000000000000000e+02,5.870000000000000000e+02,5.970000000000000000e+02,1.389000000000000000e+06
2.010082300000000000e+07,5.950000000000000000e+02,6.335000000000000000e+02,5.860000000000000000e+02,6.190000000000000000e+02,3.764500000000000000e+06
2.010083000000000000e+07,6.190000000000000000e+02,7.115000000000000000e+02,6.115000000000000000e+02,6.950000000000000000e+02,3.076800000000000000e+06
2.010090600000000000e+07,6.980000000000000000e+02,7.965000000000000000e+02,6.815000000000000000e+02,7.400000000000000000e+02,2.998400000000000000e+06
2.010091300000000000e+07,7.305000000000000000e+02,7.440000000000000000e+02,7.160000000000000000e+02,7.340000000000000000e+02,1.259400000000000000e+06
2.010092000000000000e+07,7.335000000000000000e+02,7.500230102539062500e+02,7.210000000000000000e+02,7.420000000000000000e+02,1.347800000000000000e+06
2.010092700000000000e+07,7.405000000000000000e+02,7.510000000000000000e+02,7.135000000000000000e+02,7.425000000000000000e+02,1.671700000000000000e+06
2.010100400000000000e+07,7.415000000000000000e+02,7.650000000000000000e+02,7.305000000000000000e+02,7.620000000000000000e+02,2.720200000000000000e+06
2.010101100000000000e+07,7.580000000000000000e+02,7.740000000000000000e+02,7.485000000000000000e+02,7.675000000000000000e+02,1.427600000000000000e+06
2.010101800000000000e+07,7.615000000000000000e+02,7.850000000000000000e+02,7.505000000000000000e+02,7.815000000000000000e+02,1.392100000000000000e+06
2.010102500000000000e+07,7.810000000000000000e+02,8.300000000000000000e+02,7.700000000000000000e+02,7.960000000000000000e+02,1.369100000000000000e+06
2.010110100000000000e+07,7.975000000000000000e+02,8.050000000000000000e+02,7.640000000000000000e+02,7.915000000000000000e+02,1.060900000000000000e+06
2.010110800000000000e+07,7.900000000000000000e+02,8.005239868164062500e+02,7.540000000000000000e+02,7.825000000000000000e+02,9.691000000000000000e+05
2.010111500000000000e+07,7.815000000000000000e+02,7.905000000000000000e+02,7.425000000000000000e+02,7.625000000000000000e+02,3.504700000000000000e+06
2.010112200000000000e+07,7.700000000000000000e+02,7.975000000000000000e+02,7.320000000000000000e+02,7.500000000000000000e+02,6.356000000000000000e+05
2.010112900000000000e+07,7.570000000000000000e+02,7.715000000000000000e+02,7.450000000000000000e+02,7.590000000000000000e+02,1.083900000000000000e+06
2.010120600000000000e+07,7.635000000000000000e+02,7.650000000000000000e+02,7.430000000000000000e+02,7.555000000000000000e+02,1.186400000000000000e+06
2.010121300000000000e+07,7.600000000000000000e+02,7.925000000000000000e+02,7.365000000000000000e+02,7.905000000000000000e+02,8.463000000000000000e+05
2.010122000000000000e+07,7.895000000000000000e+02,8.035000000000000000e+02,7.780000000000000000e+02,7.780000000000000000e+02,3.944000000000000000e+05
2.010122700000000000e+07,7.780000000000000000e+02,8.200000000000000000e+02,7.695000000000000000e+02,8.120000000000000000e+02,5.098000000000000000e+05
2.011011000000000000e+07,7.980000000000000000e+02,8.150000000000000000e+02,7.715000000000000000e+02,7.770000000000000000e+02,5.776000000000000000e+05
2.011011700000000000e+07,7.830000000000000000e+02,8.100000000000000000e+02,7.665000000000000000e+02,7.850000000000000000e+02,2.808100000000000000e+06
2.011012400000000000e+07,7.835000000000000000e+02,8.445000000000000000e+02,7.835000000000000000e+02,8.320000000000000000e+02,2.014600000000000000e+06
2.011013100000000000e+07,8.350000000000000000e+02,8.690000000000000000e+02,8.045000000000000000e+02,8.515000000000000000e+02,7.736000000000000000e+05
2.011020700000000000e+07,8.515000000000000000e+02,9.150000000000000000e+02,8.355000000000000000e+02,9.050000000000000000e+02,1.433900000000000000e+06
2.011021400000000000e+07,8.885000000000000000e+02,9.240000000000000000e+02,8.865000000000000000e+02,8.925000000000000000e+02,1.932500000000000000e+06
2.011022100000000000e+07,8.975000000000000000e+02,9.085000000000000000e+02,8.496329956054687500e+02,8.980000000000000000e+02,7.847000000000000000e+05
2.011022800000000000e+07,8.980000000000000000e+02,9.690000000000000000e+02,8.890000000000000000e+02,9.590000000000000000e+02,3.502900000000000000e+06
2.011030700000000000e+07,9.530000000000000000e+02,1.011000000000000000e+03,9.435000000000000000e+02,9.650000000000000000e+02,1.528100000000000000e+06
2.011031400000000000e+07,9.570000000000000000e+02,9.930000000000000000e+02,9.425000000000000000e+02,9.800000000000000000e+02,2.303200000000000000e+06
2.011032100000000000e+07,9.840000000000000000e+02,9.910000000000000000e+02,9.440000000000000000e+02,9.615000000000000000e+02,7.645000000000000000e+05
2.011032800000000000e+07,9.570000000000000000e+02,9.685000000000000000e+02,9.465000000000000000e+02,9.580000000000000000e+02,9.260000000000000000e+05
2.011040400000000000e+07,9.575000000000000000e+02,9.625000000000000000e+02,9.490000000000000000e+02,9.510000000000000000e+02,1.154500000000000000e+06
2.011041100000000000e+07,9.550000000000000000e+02,1.018000000000000000e+03,9.205000000000000000e+02,1.005000000000000000e+03,2.832600000000000000e+06
2.011041800000000000e+07,1.003000000000000000e+03,1.051819946289062500e+03,9.900000000000000000e+02,1.042000000000000000e+03,7.160000000000000000e+05
2.011050900000000000e+07,1.078000000000000000e+03,1.120000000000000000e+03,1.054000000000000000e+03,1.056000000000000000e+03,6.675000000000000000e+05
2.011051600000000000e+07,1.057000000000000000e+03,1.112000000000000000e+03,1.028000000000000000e+03,1.090000000000000000e+03,5.248000000000000000e+05
2.011052300000000000e+07,1.079000000000000000e+03,1.106000000000000000e+03,1.065000000000000000e+03,1.095000000000000000e+03,4.639000000000000000e+05
2.011060600000000000e+07,1.078000000000000000e+03,1.104000000000000000e+03,1.074000000000000000e+03,1.089000000000000000e+03,6.114000000000000000e+05
2.011061300000000000e+07,1.089000000000000000e+03,1.119000000000000000e+03,1.065000000000000000e+03,1.119000000000000000e+03,8.534000000000000000e+05
2.011062000000000000e+07,1.103000000000000000e+03,1.142000000000000000e+03,1.099000000000000000e+03,1.125000000000000000e+03,1.363700000000000000e+06
2.011062700000000000e+07,1.128000000000000000e+03,1.230000000000000000e+03,1.128000000000000000e+03,1.207000000000000000e+03,6.202000000000000000e+05
2.011070400000000000e+07,1.207000000000000000e+03,1.260000000000000000e+03,1.196000000000000000e+03,1.240000000000000000e+03,5.394000000000000000e+05
2.011071100000000000e+07,1.237000000000000000e+03,1.247199951171875000e+03,1.125209960937500000e+03,1.220000000000000000e+03,7.648000000000000000e+05
2.011071800000000000e+07,1.217000000000000000e+03,1.227000000000000000e+03,1.171000000000000000e+03,1.199000000000000000e+03,6.223000000000000000e+05
2.011072500000000000e+07,1.199000000000000000e+03,1.234599975585937500e+03,1.179000000000000000e+03,1.222000000000000000e+03,5.276000000000000000e+05
2.011080100000000000e+07,1.206000000000000000e+03,1.280000000000000000e+03,9.920000000000000000e+02,1.106000000000000000e+03,1.155500000000000000e+06
2.011080800000000000e+07,1.103000000000000000e+03,1.166489990234375000e+03,9.865000000000000000e+02,1.126000000000000000e+03,1.350800000000000000e+06
2.011081500000000000e+07,1.129000000000000000e+03,1.145000000000000000e+03,1.027000000000000000e+03,1.072000000000000000e+03,9.252000000000000000e+05
2.011082200000000000e+07,1.079000000000000000e+03,1.228000000000000000e+03,1.061150024414062500e+03,1.204000000000000000e+03,5.932000000000000000e+05
2.011090500000000000e+07,1.267000000000000000e+03,1.299000000000000000e+03,1.206000000000000000e+03,1.228000000000000000e+03,6.421000000000000000e+05
2.011091200000000000e+07,1.214000000000000000e+03,1.296000000000000000e+03,1.197000000000000000e+03,1.231000000000000000e+03,1.071400000000000000e+06
2.011091900000000000e+07,1.249000000000000000e+03,1.308000000000000000e+03,1.218000000000000000e+03,1.240000000000000000e+03,9.351000000000000000e+05
2.011092600000000000e+07,1.219000000000000000e+03,1.290000000000000000e+03,1.196000000000000000e+03,1.196000000000000000e+03,1.136100000000000000e+06
2.011100300000000000e+07,1.183000000000000000e+03,1.239000000000000000e+03,1.152000000000000000e+03,1.229000000000000000e+03,1.743100000000000000e+06
2.011101000000000000e+07,1.238000000000000000e+03,1.291000000000000000e+03,1.228000000000000000e+03,1.281000000000000000e+03,5.751000000000000000e+05
2.011101700000000000e+07,1.278000000000000000e+03,1.308000000000000000e+03,1.225000000000000000e+03,1.298000000000000000e+03,6.519000000000000000e+05
2.011102400000000000e+07,1.302000000000000000e+03,1.364000000000000000e+03,1.302000000000000000e+03,1.335000000000000000e+03,5.794000000000000000e+05
2.011103100000000000e+07,1.322000000000000000e+03,1.383000000000000000e+03,1.264000000000000000e+03,1.381000000000000000e+03,7.246000000000000000e+05
2.011110700000000000e+07,1.379000000000000000e+03,1.424089965820312500e+03,1.329599975585937500e+03,1.398000000000000000e+03,1.530000000000000000e+06
2.011111400000000000e+07,1.412000000000000000e+03,1.412000000000000000e+03,1.225000000000000000e+03,1.225000000000000000e+03,1.158200000000000000e+06
2.011112100000000000e+07,1.213000000000000000e+03,1.226000000000000000e+03,1.190719970703125000e+03,1.205000000000000000e+03,2.039900000000000000e+06
2.011112800000000000e+07,1.209000000000000000e+03,1.286000000000000000e+03,1.206000000000000000e+03,1.276000000000000000e+03,8.101000000000000000e+05
2.011120500000000000e+07,1.287000000000000000e+03,1.323000000000000000e+03,1.175000000000000000e+03,1.212000000000000000e+03,1.048600000000000000e+06
2.011121200000000000e+07,1.215000000000000000e+03,1.232000000000000000e+03,1.170000000000000000e+03,1.225000000000000000e+03,8.959000000000000000e+05
2.011121900000000000e+07,1.214000000000000000e+03,1.250000000000000000e+03,1.201000000000000000e+03,1.209000000000000000e+03,4.630000000000000000e+05
2.011122600000000000e+07,1.209000000000000000e+03,1.244000000000000000e+03,1.194000000000000000e+03,1.244000000000000000e+03,2.646000000000000000e+05
2.012010200000000000e+07,1.244000000000000000e+03,1.318000000000000000e+03,1.244000000000000000e+03,1.318000000000000000e+03,7.007000000000000000e+05
2.012010900000000000e+07,1.315000000000000000e+03,1.366000000000000000e+03,1.300000000000000000e+03,1.318000000000000000e+03,7.605000000000000000e+05
2.012011600000000000e+07,1.322000000000000000e+03,1.361000000000000000e+03,1.286000000000000000e+03,1.298000000000000000e+03,1.049200000000000000e+06
2.012012300000000000e+07,1.296000000000000000e+03,1.318000000000000000e+03,1.269000000000000000e+03,1.303000000000000000e+03,5.125000000000000000e+05
2.012013000000000000e+07,1.295000000000000000e+03,1.311000000000000000e+03,1.271000000000000000e+03,1.299000000000000000e+03,1.914700000000000000e+06
2.012020600000000000e+07,1.267000000000000000e+03,1.337000000000000000e+03,1.267000000000000000e+03,1.316000000000000000e+03,8.725000000000000000e+05
2.012021300000000000e+07,1.328000000000000000e+03,1.400000000000000000e+03,1.312000000000000000e+03,1.332000000000000000e+03,5.377000000000000000e+05
2.012022000000000000e+07,1.336000000000000000e+03,1.394500000000000000e+03,1.289000000000000000e+03,1.336000000000000000e+03,6.157000000000000000e+05
2.012022700000000000e+07,1.356000000000000000e+03,1.456000000000000000e+03,1.326000000000000000e+03,1.391000000000000000e+03,1.777500000000000000e+06
2.012030500000000000e+07,1.390000000000000000e+03,1.411000000000000000e+03,1.334000000000000000e+03,1.390000000000000000e+03,1.144700000000000000e+06
2.012031200000000000e+07,1.374000000000000000e+03,1.411000000000000000e+03,1.359000000000000000e+03,1.388000000000000000e+03,9.729000000000000000e+05
2.012031900000000000e+07,1.388000000000000000e+03,1.443000000000000000e+03,1.364000000000000000e+03,1.430000000000000000e+03,1.080900000000000000e+06
2.012032600000000000e+07,1.438000000000000000e+03,1.457000000000000000e+03,1.409430053710937500e+03,1.452000000000000000e+03,1.098000000000000000e+06
2.012040200000000000e+07,1.457000000000000000e+03,1.466000000000000000e+03,1.405000000000000000e+03,1.414000000000000000e+03,1.019300000000000000e+06
2.012040900000000000e+07,1.414000000000000000e+03,1.484000000000000000e+03,1.392000000000000000e+03,1.447000000000000000e+03,8.961000000000000000e+05
2.012041600000000000e+07,1.440000000000000000e+03,1.531000000000000000e+03,1.440000000000000000e+03,1.514000000000000000e+03,1.126600000000000000e+06
2.012042300000000000e+07,1.501000000000000000e+03,1.527000000000000000e+03,1.480000000000000000e+03,1.520000000000000000e+03,1.024900000000000000e+06
2.012043000000000000e+07,1.529000000000000000e+03,1.607099975585937500e+03,1.508000000000000000e+03,1.524000000000000000e+03,1.552600000000000000e+06
2.012050700000000000e+07,1.524000000000000000e+03,1.524000000000000000e+03,1.462000000000000000e+03,1.498000000000000000e+03,9.898000000000000000e+05
2.012051400000000000e+07,1.499000000000000000e+03,1.515000000000000000e+03,1.434000000000000000e+03,1.437000000000000000e+03,8.166000000000000000e+05
2.012052100000000000e+07,1.422000000000000000e+03,1.475000000000000000e+03,1.415000000000000000e+03,1.428000000000000000e+03,7.770000000000000000e+05
2.012052800000000000e+07,1.454000000000000000e+03,1.483000000000000000e+03,1.413660034179687500e+03,1.427000000000000000e+03,1.119000000000000000e+06
2.012060400000000000e+07,1.427000000000000000e+03,1.454000000000000000e+03,1.420000000000000000e+03,1.450000000000000000e+03,7.029000000000000000e+05
2.012061100000000000e+07,1.474000000000000000e+03,1.534000000000000000e+03,1.446079956054687500e+03,1.528000000000000000e+03,1.340000000000000000e+06
2.012061800000000000e+07,1.539000000000000000e+03,1.580000000000000000e+03,1.510000000000000000e+03,1.539000000000000000e+03,7.173000000000000000e+05
2.012062500000000000e+07,1.516000000000000000e+03,1.625000000000000000e+03,1.506000000000000000e+03,1.592000000000000000e+03,9.615000000000000000e+05
2.012070200000000000e+07,1.597000000000000000e+03,1.637000000000000000e+03,1.596800048828125000e+03,1.615000000000000000e+03,6.255000000000000000e+05
2.012070900000000000e+07,1.620000000000000000e+03,1.631000000000000000e+03,1.554650024414062500e+03,1.582000000000000000e+03,1.248400000000000000e+06
2.012071600000000000e+07,1.585000000000000000e+03,1.602000000000000000e+03,1.565000000000000000e+03,1.589000000000000000e+03,6.382000000000000000e+05
2.012072300000000000e+07,1.585000000000000000e+03,1.604000000000000000e+03,1.524329956054687500e+03,1.570000000000000000e+03,5.846000000000000000e+05
2.012073000000000000e+07,1.534000000000000000e+03,1.699000000000000000e+03,1.492000000000000000e+03,1.647000000000000000e+03,9.659000000000000000e+05
2.012080600000000000e+07,1.654000000000000000e+03,1.664000000000000000e+03,1.545739990234375000e+03,1.640000000000000000e+03,9.940000000000000000e+05
2.012081300000000000e+07,1.635000000000000000e+03,1.674000000000000000e+03,1.623000000000000000e+03,1.665000000000000000e+03,5.080000000000000000e+05
2.012082000000000000e+07,1.671000000000000000e+03,1.710000000000000000e+03,1.597000000000000000e+03,1.626000000000000000e+03,4.353000000000000000e+05
2.012082700000000000e+07,1.626000000000000000e+03,1.626000000000000000e+03,1.564000000000000000e+03,1.608000000000000000e+03,3.845000000000000000e+05
2.012090300000000000e+07,1.595000000000000000e+03,1.638000000000000000e+03,1.595000000000000000e+03,1.599000000000000000e+03,4.471000000000000000e+05
2.012091000000000000e+07,1.600000000000000000e+03,1.640310058593750000e+03,1.541300048828125000e+03,1.600000000000000000e+03,4.044000000000000000e+05
2.012091700000000000e+07,1.563000000000000000e+03,1.637000000000000000e+03,1.554000000000000000e+03,1.565000000000000000e+03,8.064000000000000000e+05
2.012092400000000000e+07,1.569000000000000000e+03,1.588000000000000000e+03,1.535430053710937500e+03,1.568000000000000000e+03,7.076000000000000000e+05
2.012100100000000000e+07,1.556000000000000000e+03,1.653800048828125000e+03,1.543000000000000000e+03,1.612000000000000000e+03,5.291000000000000000e+05
2.012100800000000000e+07,1.601000000000000000e+03,1.638000000000000000e+03,1.584000000000000000e+03,1.619000000000000000e+03,3.691000000000000000e+05
2.012101500000000000e+07,1.636000000000000000e+03,1.643000000000000000e+03,1.571000000000000000e+03,1.589000000000000000e+03,6.243000000000000000e+05
2.012102200000000000e+07,1.586000000000000000e+03,1.610000000000000000e+03,1.569000000000000000e+03,1.595000000000000000e+03,6.038000000000000000e+05
2.012102900000000000e+07,1.586000000000000000e+03,1.636000000000000000e+03,1.579319946289062500e+03,1.624000000000000000e+03,5.213000000000000000e+05
2.012110500000000000e+07,1.634000000000000000e+03,1.634000000000000000e+03,1.536000000000000000e+03,1.568000000000000000e+03,5.514000000000000000e+05
2.012111200000000000e+07,1.568000000000000000e+03,1.571000000000000000e+03,1.479000000000000000e+03,1.479000000000000000e+03,8.781000000000000000e+05
2.012111900000000000e+07,1.486000000000000000e+03,1.514000000000000000e+03,1.465000000000000000e+03,1.498000000000000000e+03,1.136700000000000000e+06
2.012112600000000000e+07,1.512000000000000000e+03,1.524000000000000000e+03,1.454949951171875000e+03,1.498000000000000000e+03,1.123100000000000000e+06
2.012120300000000000e+07,1.507000000000000000e+03,1.515000000000000000e+03,1.478000000000000000e+03,1.500000000000000000e+03,1.407200000000000000e+06
2.012121000000000000e+07,1.494000000000000000e+03,1.505000000000000000e+03,1.460000000000000000e+03,1.486000000000000000e+03,1.652800000000000000e+06
2.012121700000000000e+07,1.488000000000000000e+03,1.499000000000000000e+03,1.433000000000000000e+03,1.464000000000000000e+03,1.421500000000000000e+06
2.012122400000000000e+07,1.464000000000000000e+03,1.482000000000000000e+03,1.439000000000000000e+03,1.448000000000000000e+03,2.094000000000000000e+05
2.012123100000000000e+07,1.443000000000000000e+03,1.486000000000000000e+03,1.430000000000000000e+03,1.475000000000000000e+03,7.641000000000000000e+05
2.013010700000000000e+07,1.470000000000000000e+03,1.547000000000000000e+03,1.458000000000000000e+03,1.536000000000000000e+03,5.308600000000000000e+06
2.013011400000000000e+07,1.541000000000000000e+03,1.568000000000000000e+03,1.515000000000000000e+03,1.561000000000000000e+03,7.048000000000000000e+05
2.013012100000000000e+07,1.567000000000000000e+03,1.677000000000000000e+03,1.549000000000000000e+03,1.674000000000000000e+03,9.540000000000000000e+05
2.013012800000000000e+07,1.665000000000000000e+03,1.715900024414062500e+03,1.665000000000000000e+03,1.697000000000000000e+03,1.712500000000000000e+06
2.013020400000000000e+07,1.693000000000000000e+03,1.718000000000000000e+03,1.684599975585937500e+03,1.710000000000000000e+03,1.516900000000000000e+06
2.013021100000000000e+07,1.714000000000000000e+03,1.753000000000000000e+03,1.696000000000000000e+03,1.710000000000000000e+03,1.951100000000000000e+06
2.013021800000000000e+07,1.709000000000000000e+03,1.777000000000000000e+03,1.700000000000000000e+03,1.755000000000000000e+03,2.386400000000000000e+06
2.013022500000000000e+07,1.753000000000000000e+03,1.784000000000000000e+03,1.708000000000000000e+03,1.761000000000000000e+03,1.667300000000000000e+06
2.013030400000000000e+07,1.803000000000000000e+03,1.813000000000000000e+03,1.752000000000000000e+03,1.781000000000000000e+03,1.816400000000000000e+06
2.013031100000000000e+07,1.779000000000000000e+03,1.798000000000000000e+03,1.765000000000000000e+03,1.780000000000000000e+03,8.638000000000000000e+05
2.013031800000000000e+07,1.766000000000000000e+03,1.809000000000000000e+03,1.750000000000000000e+03,1.754000000000000000e+03,6.678000000000000000e+05
2.013032500000000000e+07,1.758000000000000000e+03,1.810000000000000000e+03,1.752000000000000000e+03,1.781000000000000000e+03,7.796000000000000000e+05
2.013040100000000000e+07,1.781000000000000000e+03,1.851000000000000000e+03,1.763000000000000000e+03,1.781000000000000000e+03,1.487700000000000000e+06
2.013040800000000000e+07,1.777000000000000000e+03,1.850000000000000000e+03,1.777000000000000000e+03,1.825000000000000000e+03,7.448000000000000000e+05
2.013041500000000000e+07,1.814000000000000000e+03,1.823000000000000000e+03,1.738400024414062500e+03,1.772000000000000000e+03,4.095800000000000000e+06
2.013042200000000000e+07,1.779000000000000000e+03,1.847000000000000000e+03,1.769000000000000000e+03,1.827000000000000000e+03,8.681000000000000000e+05
2.013042900000000000e+07,1.862000000000000000e+03,1.946000000000000000e+03,1.828000000000000000e+03,1.932000000000000000e+03,1.987600000000000000e+06
2.013050600000000000e+07,1.932000000000000000e+03,1.989000000000000000e+03,1.905000000000000000e+03,1.979000000000000000e+03,3.869200000000000000e+06
2.013051300000000000e+07,1.988000000000000000e+03,2.088000000000000000e+03,1.970000000000000000e+03,2.088000000000000000e+03,1.089700000000000000e+06
2.013052000000000000e+07,2.094000000000000000e+03,2.138000000000000000e+03,1.984000000000000000e+03,2.055000000000000000e+03,1.418800000000000000e+06
2.013052700000000000e+07,2.055000000000000000e+03,2.107000000000000000e+03,2.034000000000000000e+03,2.046000000000000000e+03,8.018000000000000000e+05
2.013060300000000000e+07,2.045000000000000000e+03,2.068000000000000000e+03,2.009000000000000000e+03,2.023000000000000000e+03,8.941000000000000000e+05
2.013061000000000000e+07,2.034000000000000000e+03,2.131000000000000000e+03,2.026000000000000000e+03,2.062000000000000000e+03,1.055700000000000000e+06
2.013061700000000000e+07,2.061000000000000000e+03,2.072000000000000000e+03,2.008000000000000000e+03,2.011000000000000000e+03,1.148700000000000000e+06
2.013062400000000000e+07,2.001000000000000000e+03,2.117000000000000000e+03,1.954660034179687500e+03,2.084000000000000000e+03,8.945000000000000000e+05
2.013070100000000000e+07,2.094000000000000000e+03,2.235000000000000000e+03,2.082000000000000000e+03,2.205000000000000000e+03,5.785000000000000000e+05
2.013070800000000000e+07,2.242000000000000000e+03,2.307000000000000000e+03,2.194000000000000000e+03,2.303000000000000000e+03,7.309000000000000000e+05
2.013071500000000000e+07,2.315000000000000000e+03,2.357000000000000000e+03,2.238000000000000000e+03,2.300000000000000000e+03,7.449000000000000000e+05
2.013072200000000000e+07,2.290000000000000000e+03,2.320000000000000000e+03,2.214000000000000000e+03,2.246000000000000000e+03,6.582000000000000000e+05
2.013072900000000000e+07,2.252000000000000000e+03,2.480000000000000000e+03,2.240000000000000000e+03,2.445000000000000000e+03,9.815000000000000000e+05
2.013080500000000000e+07,2.507000000000000000e+03,2.507000000000000000e+03,2.382000000000000000e+03,2.392000000000000000e+03,9.954000000000000000e+05
2.013081200000000000e+07,2.402000000000000000e+03,2.438000000000000000e+03,2.228000000000000000e+03,2.264000000000000000e+03,1.200600000000000000e+06
2.013081900000000000e+07,2.286000000000000000e+03,2.394000000000000000e+03,2.273000000000000000e+03,2.360000000000000000e+03,7.024000000000000000e+05
2.013082600000000000e+07,2.360000000000000000e+03,2.372000000000000000e+03,2.271300048828125000e+03,2.326000000000000000e+03,5.589000000000000000e+05
2.013090200000000000e+07,2.333000000000000000e+03,2.416000000000000000e+03,2.328000000000000000e+03,2.382000000000000000e+03,8.605000000000000000e+05
2.013090900000000000e+07,2.398000000000000000e+03,2.415000000000000000e+03,2.365000000000000000e+03,2.381000000000000000e+03,5.520000000000000000e+05
2.013091600000000000e+07,2.392000000000000000e+03,2.421000000000000000e+03,2.301000000000000000e+03,2.301000000000000000e+03,7.465000000000000000e+05
2.013092300000000000e+07,2.316000000000000000e+03,2.352000000000000000e+03,2.273000000000000000e+03,2.347000000000000000e+03,7.021000000000000000e+05
2.013093000000000000e+07,2.323000000000000000e+03,2.395000000000000000e+03,2.300000000000000000e+03,2.367000000000000000e+03,8.345000000000000000e+05
2.013100700000000000e+07,2.381000000000000000e+03,2.413000000000000000e+03,2.339000000000000000e+03,2.400000000000000000e+03,7.043000000000000000e+05
2.013101400000000000e+07,2.391000000000000000e+03,2.612000000000000000e+03,2.391000000000000000e+03,2.577000000000000000e+03,1.125400000000000000e+06
2.013102100000000000e+07,2.590000000000000000e+03,2.668000000000000000e+03,2.567020019531250000e+03,2.614000000000000000e+03,7.596000000000000000e+05
2.013102800000000000e+07,2.624000000000000000e+03,2.678000000000000000e+03,2.589000000000000000e+03,2.641000000000000000e+03,6.186000000000000000e+05
2.013110400000000000e+07,2.639000000000000000e+03,2.669000000000000000e+03,2.568000000000000000e+03,2.614000000000000000e+03,1.025900000000000000e+06
2.013111100000000000e+07,2.622000000000000000e+03,2.645000000000000000e+03,2.509800048828125000e+03,2.559000000000000000e+03,7.932000000000000000e+05
2.013111800000000000e+07,2.557000000000000000e+03,2.572000000000000000e+03,2.454300048828125000e+03,2.510000000000000000e+03,5.732000000000000000e+05
2.013112500000000000e+07,2.528000000000000000e+03,2.584000000000000000e+03,2.505000000000000000e+03,2.538000000000000000e+03,6.525000000000000000e+05
2.013120200000000000e+07,2.538000000000000000e+03,2.572000000000000000e+03,2.264000000000000000e+03,2.496000000000000000e+03,9.481000000000000000e+05
2.013120900000000000e+07,2.511000000000000000e+03,2.511000000000000000e+03,2.438300048828125000e+03,2.449000000000000000e+03,5.641000000000000000e+05
2.013121600000000000e+07,2.445000000000000000e+03,2.623000000000000000e+03,2.442000000000000000e+03,2.570000000000000000e+03,1.178600000000000000e+06
2.013122300000000000e+07,2.577000000000000000e+03,2.681919921875000000e+03,2.577000000000000000e+03,2.678000000000000000e+03,2.177000000000000000e+05
2.013123000000000000e+07,2.693000000000000000e+03,2.789000000000000000e+03,2.660580078125000000e+03,2.752000000000000000e+03,4.141000000000000000e+05
2.014010600000000000e+07,2.756000000000000000e+03,2.814000000000000000e+03,2.648889892578125000e+03,2.675000000000000000e+03,9.536000000000000000e+05
2.014011300000000000e+07,2.687000000000000000e+03,2.705360107421875000e+03,2.569000000000000000e+03,2.584000000000000000e+03,1.204600000000000000e+06
2.014012000000000000e+07,2.589000000000000000e+03,2.608000000000000000e+03,2.455000000000000000e+03,2.468000000000000000e+03,6.599000000000000000e+05
2.014012700000000000e+07,2.471000000000000000e+03,2.562000000000000000e+03,2.441000000000000000e+03,2.532000000000000000e+03,8.359000000000000000e+05
2.014020300000000000e+07,2.525000000000000000e+03,2.700000000000000000e+03,2.466000000000000000e+03,2.683000000000000000e+03,7.612000000000000000e+05
2.014021000000000000e+07,2.694000000000000000e+03,2.785000000000000000e+03,2.651000000000000000e+03,2.717000000000000000e+03,7.577000000000000000e+05
2.014021700000000000e+07,2.726000000000000000e+03,2.788000000000000000e+03,2.666000000000000000e+03,2.754000000000000000e+03,1.027600000000000000e+06
2.014022400000000000e+07,2.760000000000000000e+03,2.792000000000000000e+03,2.598000000000000000e+03,2.755000000000000000e+03,1.737800000000000000e+06
2.014030300000000000e+07,2.706000000000000000e+03,2.769000000000000000e+03,2.681280029296875000e+03,2.702000000000000000e+03,1.108500000000000000e+06
2.014031000000000000e+07,2.706000000000000000e+03,2.750000000000000000e+03,2.552000000000000000e+03,2.632000000000000000e+03,9.585000000000000000e+05
2.014031700000000000e+07,2.647000000000000000e+03,2.706000000000000000e+03,2.608000000000000000e+03,2.669000000000000000e+03,8.097000000000000000e+05
2.014032400000000000e+07,2.686000000000000000e+03,2.687000000000000000e+03,2.581000000000000000e+03,2.606000000000000000e+03,6.449000000000000000e+05
2.014033100000000000e+07,2.627000000000000000e+03,2.665000000000000000e+03,2.554000000000000000e+03,2.555000000000000000e+03,6.330000000000000000e+05
2.014040700000000000e+07,2.554000000000000000e+03,2.554000000000000000e+03,2.344000000000000000e+03,2.373000000000000000e+03,1.793200000000000000e+06
2.014041400000000000e+07,2.366000000000000000e+03,2.423000000000000000e+03,2.273000000000000000e+03,2.397000000000000000e+03,8.563000000000000000e+05
2.014042100000000000e+07,2.397000000000000000e+03,2.466000000000000000e+03,2.339000000000000000e+03,2.350000000000000000e+03,6.692000000000000000e+05
2.014042800000000000e+07,2.365000000000000000e+03,2.463000000000000000e+03,2.346000000000000000e+03,2.438000000000000000e+03,1.004200000000000000e+06
2.014050500000000000e+07,2.438000000000000000e+03,2.454000000000000000e+03,2.354000000000000000e+03,2.409000000000000000e+03,7.142000000000000000e+05
2.014051200000000000e+07,2.412000000000000000e+03,2.420000000000000000e+03,2.098000000000000000e+03,2.110000000000000000e+03,1.424700000000000000e+06
2.014051900000000000e+07,2.113000000000000000e+03,2.418000000000000000e+03,2.095979980468750000e+03,2.331000000000000000e+03,1.642400000000000000e+06
2.014052600000000000e+07,2.331000000000000000e+03,2.351219970703125000e+03,2.237000000000000000e+03,2.292000000000000000e+03,1.437900000000000000e+06
2.014060200000000000e+07,2.305000000000000000e+03,2.306000000000000000e+03,2.194760009765625000e+03,2.221000000000000000e+03,1.618600000000000000e+06
2.014060900000000000e+07,2.230000000000000000e+03,2.240000000000000000e+03,2.099000000000000000e+03,2.129000000000000000e+03,1.292900000000000000e+06
2.014061600000000000e+07,2.132000000000000000e+03,2.227000000000000000e+03,2.110000000000000000e+03,2.186000000000000000e+03,1.860200000000000000e+06
2.014062300000000000e+07,2.183000000000000000e+03,2.190000000000000000e+03,2.084000000000000000e+03,2.141000000000000000e+03,1.040600000000000000e+06
2.014063000000000000e+07,2.147000000000000000e+03,2.326000000000000000e+03,2.137909912109375000e+03,2.307000000000000000e+03,1.802100000000000000e+06
2.014070700000000000e+07,2.318000000000000000e+03,2.318000000000000000e+03,2.047000000000000000e+03,2.100000000000000000e+03,1.424100000000000000e+06
2.014071400000000000e+07,2.112000000000000000e+03,2.177000000000000000e+03,2.104000000000000000e+03,2.171000000000000000e+03,9.162000000000000000e+05
2.014072100000000000e+07,2.184000000000000000e+03,2.213000000000000000e+03,2.140000000000000000e+03,2.170000000000000000e+03,8.374000000000000000e+05
2.014072800000000000e+07,2.176000000000000000e+03,2.337389892578125000e+03,2.156000000000000000e+03,2.231000000000000000e+03,1.682300000000000000e+06
2.014080400000000000e+07,2.240000000000000000e+03,2.265000000000000000e+03,2.200000000000000000e+03,2.255000000000000000e+03,9.156000000000000000e+05
2.014081100000000000e+07,2.283000000000000000e+03,2.431000000000000000e+03,2.257040039062500000e+03,2.403000000000000000e+03,7.862000000000000000e+05
2.014081800000000000e+07,2.435000000000000000e+03,2.511000000000000000e+03,2.405000000000000000e+03,2.483000000000000000e+03,8.562000000000000000e+05
2.014082500000000000e+07,2.483000000000000000e+03,2.549360107421875000e+03,2.467000000000000000e+03,2.520000000000000000e+03,5.904000000000000000e+05
2.014090100000000000e+07,2.520000000000000000e+03,2.553100097656250000e+03,2.437000000000000000e+03,2.458000000000000000e+03,1.053100000000000000e+06
2.014090800000000000e+07,2.453000000000000000e+03,2.455000000000000000e+03,2.309000000000000000e+03,2.336000000000000000e+03,9.945000000000000000e+05
2.014091500000000000e+07,2.332000000000000000e+03,2.435000000000000000e+03,2.324000000000000000e+03,2.415000000000000000e+03,1.104700000000000000e+06
2.014092200000000000e+07,2.399000000000000000e+03,2.418360107421875000e+03,2.161000000000000000e+03,2.187000000000000000e+03,1.123600000000000000e+06
2.014092900000000000e+07,2.176000000000000000e+03,2.200000000000000000e+03,2.073000000000000000e+03,2.078000000000000000e+03,1.372800000000000000e+06
2.014100600000000000e+07,2.104000000000000000e+03,2.116000000000000000e+03,1.935000000000000000e+03,2.002000000000000000e+03,2.181500000000000000e+06
2.014101300000000000e+07,1.974000000000000000e+03,2.105000000000000000e+03,1.966000000000000000e+03,2.039000000000000000e+03,1.632000000000000000e+06
2.014102000000000000e+07,2.035000000000000000e+03,2.098000000000000000e+03,2.001000000000000000e+03,2.068000000000000000e+03,1.410700000000000000e+06
2.014102700000000000e+07,2.082000000000000000e+03,2.158000000000000000e+03,2.003000000000000000e+03,2.110000000000000000e+03,1.245500000000000000e+06
2.014110300000000000e+07,2.111000000000000000e+03,2.237840087890625000e+03,2.111000000000000000e+03,2.159000000000000000e+03,1.170500000000000000e+06
2.014111000000000000e+07,2.149000000000000000e+03,2.230000000000000000e+03,2.149000000000000000e+03,2.228000000000000000e+03,6.462000000000000000e+05
2.014111700000000000e+07,2.220000000000000000e+03,2.339000000000000000e+03,2.206000000000000000e+03,2.317000000000000000e+03,8.467000000000000000e+05
2.014112400000000000e+07,2.311000000000000000e+03,2.350000000000000000e+03,2.146000000000000000e+03,2.183000000000000000e+03,1.444400000000000000e+06
2.014120100000000000e+07,2.176000000000000000e+03,2.224199951171875000e+03,2.156000000000000000e+03,2.196000000000000000e+03,8.810000000000000000e+05
2.014120800000000000e+07,2.207000000000000000e+03,2.207000000000000000e+03,2.107000000000000000e+03,2.130000000000000000e+03,6.895000000000000000e+05
2.014121500000000000e+07,2.125000000000000000e+03,2.250000000000000000e+03,2.101000000000000000e+03,2.231000000000000000e+03,7.929000000000000000e+05
2.014122200000000000e+07,2.231000000000000000e+03,2.263000000000000000e+03,2.175000000000000000e+03,2.243000000000000000e+03,2.538000000000000000e+05
2.014122900000000000e+07,2.227000000000000000e+03,2.312000000000000000e+03,2.195000000000000000e+03,2.300000000000000000e+03,4.764000000000000000e+05
2.015010500000000000e+07,2.287000000000000000e+03,2.290000000000000000e+03,2.126000000000000000e+03,2.157000000000000000e+03,9.010000000000000000e+05
2.015011200000000000e+07,2.153000000000000000e+03,2.181000000000000000e+03,2.112000000000000000e+03,2.155000000000000000e+03,1.047700000000000000e+06
2.015011900000000000e+07,2.170000000000000000e+03,2.359000000000000000e+03,2.163000000000000000e+03,2.343000000000000000e+03,9.857000000000000000e+05
2.015012600000000000e+07,2.329000000000000000e+03,2.458000000000000000e+03,2.318000000000000000e+03,2.326000000000000000e+03,1.150800000000000000e+06
2.015020200000000000e+07,2.337000000000000000e+03,2.474000000000000000e+03,2.310000000000000000e+03,2.465000000000000000e+03,8.816000000000000000e+05
2.015020900000000000e+07,2.450000000000000000e+03,2.629000000000000000e+03,2.415000000000000000e+03,2.595000000000000000e+03,1.126800000000000000e+06
2.015021600000000000e+07,2.595000000000000000e+03,2.644000000000000000e+03,2.572000000000000000e+03,2.613000000000000000e+03,1.052700000000000000e+06
2.015022300000000000e+07,2.632000000000000000e+03,3.074000000000000000e+03,2.599100097656250000e+03,3.029000000000000000e+03,1.559000000000000000e+06
2.015030200000000000e+07,3.020000000000000000e+03,3.116000000000000000e+03,2.966000000000000000e+03,3.028000000000000000e+03,1.217600000000000000e+06
2.015030900000000000e+07,3.025000000000000000e+03,3.039000000000000000e+03,2.853000000000000000e+03,2.908000000000000000e+03,1.222400000000000000e+06
2.015031600000000000e+07,2.914000000000000000e+03,3.020000000000000000e+03,2.855250000000000000e+03,2.982000000000000000e+03,1.566100000000000000e+06
2.015032300000000000e+07,2.997000000000000000e+03,3.023000000000000000e+03,2.862000000000000000e+03,2.867000000000000000e+03,5.317000000000000000e+05
2.015033000000000000e+07,2.891000000000000000e+03,3.054000000000000000e+03,2.881000000000000000e+03,3.046000000000000000e+03,8.499000000000000000e+05
2.015040600000000000e+07,3.046000000000000000e+03,3.185000000000000000e+03,3.038000000000000000e+03,3.181000000000000000e+03,6.724000000000000000e+05
2.015041300000000000e+07,3.177000000000000000e+03,3.216000000000000000e+03,3.079500000000000000e+03,3.107000000000000000e+03,1.166600000000000000e+06
2.015042000000000000e+07,3.121000000000000000e+03,3.209000000000000000e+03,3.068000000000000000e+03,3.156000000000000000e+03,5.108000000000000000e+05
2.015042700000000000e+07,3.150000000000000000e+03,3.227000000000000000e+03,3.060000000000000000e+03,3.132000000000000000e+03,7.436000000000000000e+05
2.015050400000000000e+07,3.132000000000000000e+03,3.296000000000000000e+03,3.017000000000000000e+03,3.230000000000000000e+03,1.052800000000000000e+06
2.015051100000000000e+07,3.204000000000000000e+03,3.245000000000000000e+03,3.101000000000000000e+03,3.242000000000000000e+03,8.941000000000000000e+05
2.015051800000000000e+07,3.235000000000000000e+03,3.292000000000000000e+03,3.185000000000000000e+03,3.281000000000000000e+03,6.712000000000000000e+05
2.015052500000000000e+07,3.281000000000000000e+03,3.388000000000000000e+03,3.254000000000000000e+03,3.346000000000000000e+03,8.128000000000000000e+05
2.015060100000000000e+07,3.369000000000000000e+03,3.402000000000000000e+03,3.209000000000000000e+03,3.236000000000000000e+03,7.457000000000000000e+05
2.015060800000000000e+07,3.233000000000000000e+03,3.281000000000000000e+03,3.195000000000000000e+03,3.254000000000000000e+03,1.086600000000000000e+06
2.015061500000000000e+07,3.224000000000000000e+03,3.315000000000000000e+03,3.224000000000000000e+03,3.314000000000000000e+03,1.633800000000000000e+06
2.015062200000000000e+07,3.344000000000000000e+03,3.434000000000000000e+03,3.328000000000000000e+03,3.367000000000000000e+03,6.836000000000000000e+05
2.015062900000000000e+07,3.306000000000000000e+03,3.333000000000000000e+03,3.224000000000000000e+03,3.288000000000000000e+03,6.885000000000000000e+05
2.015070600000000000e+07,3.261000000000000000e+03,3.280000000000000000e+03,3.137919921875000000e+03,3.261000000000000000e+03,6.818000000000000000e+05
2.015071300000000000e+07,3.288000000000000000e+03,3.444000000000000000e+03,3.267000000000000000e+03,3.416000000000000000e+03,7.413000000000000000e+05
2.015072000000000000e+07,3.424000000000000000e+03,3.471000000000000000e+03,3.400000000000000000e+03,3.443000000000000000e+03,7.955000000000000000e+05
2.015072700000000000e+07,3.422000000000000000e+03,3.669000000000000000e+03,3.363000000000000000e+03,3.644000000000000000e+03,1.129700000000000000e+06
2.015080300000000000e+07,3.636000000000000000e+03,3.742000000000000000e+03,3.615000000000000000e+03,3.620000000000000000e+03,8.866000000000000000e+05
2.015081000000000000e+07,3.627000000000000000e+03,3.780000000000000000e+03,3.567000000000000000e+03,3.760000000000000000e+03,7.613000000000000000e+05
2.015081700000000000e+07,3.793000000000000000e+03,3.812000000000000000e+03,3.621000000000000000e+03,3.621000000000000000e+03,6.308000000000000000e+05
2.015082400000000000e+07,3.548000000000000000e+03,3.767000000000000000e+03,3.299000000000000000e+03,3.721000000000000000e+03,1.414000000000000000e+06
2.015083100000000000e+07,3.721000000000000000e+03,3.756000000000000000e+03,3.631000000000000000e+03,3.701000000000000000e+03,8.639000000000000000e+05
2.015090700000000000e+07,3.720000000000000000e+03,3.825000000000000000e+03,3.680000000000000000e+03,3.713000000000000000e+03,6.562000000000000000e+05
2.015091400000000000e+07,3.725000000000000000e+03,3.779000000000000000e+03,3.693000000000000000e+03,3.720000000000000000e+03,1.523900000000000000e+06
2.015092100000000000e+07,3.721000000000000000e+03,3.833000000000000000e+03,3.651000000000000000e+03,3.826000000000000000e+03,1.117100000000000000e+06
2.015092800000000000e+07,3.815000000000000000e+03,3.839000000000000000e+03,3.626000000000000000e+03,3.666000000000000000e+03,9.513000000000000000e+05
2.015100500000000000e+07,3.719000000000000000e+03,3.793000000000000000e+03,3.481000000000000000e+03,3.506000000000000000e+03,7.952000000000000000e+05
2.015101200000000000e+07,3.503000000000000000e+03,3.656000000000000000e+03,3.467000000000000000e+03,3.650000000000000000e+03,9.691000000000000000e+05
2.015101900000000000e+07,3.651000000000000000e+03,3.800000000000000000e+03,3.649000000000000000e+03,3.800000000000000000e+03,5.278000000000000000e+05
2.015102600000000000e+07,3.818000000000000000e+03,3.858000000000000000e+03,3.765000000000000000e+03,3.839000000000000000e+03,6.038000000000000000e+05
2.015110200000000000e+07,3.821000000000000000e+03,3.919000000000000000e+03,3.800000000000000000e+03,3.901000000000000000e+03,4.996000000000000000e+05
2.015110900000000000e+07,3.885000000000000000e+03,3.924000000000000000e+03,3.836000000000000000e+03,3.873000000000000000e+03,5.745000000000000000e+05
2.015111600000000000e+07,3.828000000000000000e+03,3.961560058593750000e+03,3.816320068359375000e+03,3.891000000000000000e+03,1.068000000000000000e+06
2.015112300000000000e+07,3.887000000000000000e+03,3.943000000000000000e+03,3.770000000000000000e+03,3.939000000000000000e+03,6.085000000000000000e+05
2.015113000000000000e+07,3.946000000000000000e+03,4.180700195312500000e+03,3.914000000000000000e+03,4.044000000000000000e+03,8.956000000000000000e+05
2.015120700000000000e+07,4.053000000000000000e+03,4.115000000000000000e+03,3.879000000000000000e+03,3.891000000000000000e+03,8.292000000000000000e+05
2.015121400000000000e+07,3.891000000000000000e+03,4.088000000000000000e+03,3.879000000000000000e+03,3.960000000000000000e+03,9.469000000000000000e+05
2.015122100000000000e+07,3.947000000000000000e+03,4.091000000000000000e+03,3.910000000000000000e+03,4.023000000000000000e+03,5.990000000000000000e+05
2.015122800000000000e+07,4.023000000000000000e+03,4.167000000000000000e+03,4.003000000000000000e+03,4.093000000000000000e+03,4.610000000000000000e+05
2.016010400000000000e+07,4.087000000000000000e+03,4.215000000000000000e+03,3.973000000000000000e+03,4.098000000000000000e+03,1.083500000000000000e+06
2.016011100000000000e+07,4.101000000000000000e+03,4.219000000000000000e+03,3.792000000000000000e+03,3.842000000000000000e+03,1.446000000000000000e+06
2.016011800000000000e+07,3.840000000000000000e+03,3.895000000000000000e+03,3.693000000000000000e+03,3.815000000000000000e+03,1.886800000000000000e+06
2.016012500000000000e+07,3.854000000000000000e+03,3.983000000000000000e+03,3.742000000000000000e+03,3.983000000000000000e+03,1.077800000000000000e+06
2.016020100000000000e+07,3.983000000000000000e+03,4.061000000000000000e+03,3.660000000000000000e+03,3.669000000000000000e+03,1.349500000000000000e+06
2.016020800000000000e+07,3.693000000000000000e+03,3.693000000000000000e+03,3.298840087890625000e+03,3.380000000000000000e+03,2.312500000000000000e+06
2.016021500000000000e+07,3.439000000000000000e+03,3.777000000000000000e+03,3.363000000000000000e+03,3.740000000000000000e+03,1.527100000000000000e+06
2.016022200000000000e+07,3.760000000000000000e+03,4.122000000000000000e+03,3.676000000000000000e+03,3.771000000000000000e+03,1.386800000000000000e+06
