2.006071000000000000e+07,2.450000000000000000e+02,2.510000000000000000e+02,2.304600067138671875e+02,2.390000000000000000e+02,2.274171040000000000e+08
2.006071700000000000e+07,2.410000000000000000e+02,2.545000000000000000e+02,2.351999969482421875e+02,2.490000000000000000e+02,1.201692960000000000e+08
2.006072400000000000e+07,2.515000000000000000e+02,2.520000000000000000e+02,2.423249969482421875e+02,2.490000000000000000e+02,3.792310000000000000e+07
2.006073100000000000e+07,2.495000000000000000e+02,2.603999938964843750e+02,2.257500000000000000e+02,2.587500000000000000e+02,5.547820000000000000e+07
2.006080700000000000e+07,2.590000000000000000e+02,2.590000000000000000e+02,2.431499938964843750e+02,2.497500000000000000e+02,2.365440000000000000e+07
2.006081400000000000e+07,2.515000000000000000e+02,2.526000061035156250e+02,2.363000030517578125e+02,2.490000000000000000e+02,2.456710000000000000e+07
2.006082100000000000e+07,2.540000000000000000e+02,2.597900085449218750e+02,2.487500000000000000e+02,2.580000000000000000e+02,2.672100000000000000e+07
2.006082800000000000e+07,2.580000000000000000e+02,2.690000000000000000e+02,2.546250000000000000e+02,2.665000000000000000e+02,2.165370000000000000e+07
2.006090400000000000e+07,2.650000000000000000e+02,2.713750000000000000e+02,2.589299926757812500e+02,2.675000000000000000e+02,3.700890000000000000e+07
2.006091100000000000e+07,2.652500000000000000e+02,2.750000000000000000e+02,2.645000000000000000e+02,2.700000000000000000e+02,2.408980160000000000e+08
2.006091800000000000e+07,2.680000000000000000e+02,2.695000000000000000e+02,2.614530029296875000e+02,2.680000000000000000e+02,5.423520000000000000e+07
2.006092500000000000e+07,2.680000000000000000e+02,2.730000000000000000e+02,2.631700134277343750e+02,2.707500000000000000e+02,7.397600000000000000e+07
2.006100200000000000e+07,2.720000000000000000e+02,2.720000000000000000e+02,2.644549865722656250e+02,2.665000000000000000e+02,4.114120000000000000e+07
2.006100900000000000e+07,2.655000000000000000e+02,2.830000000000000000e+02,2.632500000000000000e+02,2.815000000000000000e+02,4.156060000000000000e+07
2.006101600000000000e+07,2.815000000000000000e+02,2.925000000000000000e+02,2.802000122070312500e+02,2.860000000000000000e+02,4.207800000000000000e+07
2.006102300000000000e+07,2.862500000000000000e+02,2.875000000000000000e+02,2.800000000000000000e+02,2.830000000000000000e+02,2.350140000000000000e+07
2.006103000000000000e+07,2.850000000000000000e+02,2.920000000000000000e+02,2.810000000000000000e+02,2.822500000000000000e+02,3.259840000000000000e+07
2.006110600000000000e+07,2.840000000000000000e+02,2.953500061035156250e+02,2.827500000000000000e+02,2.865000000000000000e+02,2.384530000000000000e+07
2.006111300000000000e+07,2.895000000000000000e+02,2.925000000000000000e+02,2.852500000000000000e+02,2.865000000000000000e+02,1.129970000000000000e+07
2.006112000000000000e+07,2.842500000000000000e+02,2.937500000000000000e+02,2.830000000000000000e+02,2.875000000000000000e+02,2.088790000000000000e+07
2.006112700000000000e+07,2.900000000000000000e+02,2.900000000000000000e+02,2.718750000000000000e+02,2.820000000000000000e+02,1.857160000000000000e+07
2.006120400000000000e+07,2.817500000000000000e+02,2.872500000000000000e+02,2.815000000000000000e+02,2.860000000000000000e+02,1.933890000000000000e+07
2.006121100000000000e+07,2.862500000000000000e+02,3.001250000000000000e+02,2.855000000000000000e+02,2.965000000000000000e+02,2.314190000000000000e+07
2.006121800000000000e+07,2.977500000000000000e+02,3.072500000000000000e+02,2.878500061035156250e+02,2.902500000000000000e+02,1.364550000000000000e+07
2.006122500000000000e+07,2.902500000000000000e+02,3.053500061035156250e+02,2.888750000000000000e+02,2.957500000000000000e+02,4.912200000000000000e+06
2.007010100000000000e+07,2.957500000000000000e+02,3.060000000000000000e+02,2.955000000000000000e+02,2.955000000000000000e+02,1.253680000000000000e+07
2.007010800000000000e+07,2.955000000000000000e+02,3.010929870605468750e+02,2.910000000000000000e+02,2.950000000000000000e+02,2.585020000000000000e+07
2.007011500000000000e+07,2.965000000000000000e+02,2.997500000000000000e+02,2.907500000000000000e+02,2.960000000000000000e+02,1.254420000000000000e+07
2.007012200000000000e+07,2.952500000000000000e+02,3.037500000000000000e+02,2.920000000000000000e+02,2.990000000000000000e+02,2.073160000000000000e+07
2.007012900000000000e+07,2.997500000000000000e+02,3.090000000000000000e+02,2.932500000000000000e+02,3.090000000000000000e+02,2.352960000000000000e+07
2.007020500000000000e+07,3.087500000000000000e+02,3.140639953613281250e+02,3.020000000000000000e+02,3.132500000000000000e+02,3.329310000000000000e+07
2.007021200000000000e+07,3.130000000000000000e+02,3.200000000000000000e+02,3.100000000000000000e+02,3.185000000000000000e+02,1.588740000000000000e+07
2.007021900000000000e+07,3.200000000000000000e+02,3.209809875488281250e+02,3.132500000000000000e+02,3.155000000000000000e+02,1.121360000000000000e+07
2.007022600000000000e+07,3.167500000000000000e+02,3.195000000000000000e+02,2.895000000000000000e+02,2.915000000000000000e+02,3.472970000000000000e+07
2.007030500000000000e+07,2.840000000000000000e+02,3.130000000000000000e+02,2.685000000000000000e+02,3.110000000000000000e+02,3.403720000000000000e+07
2.007031200000000000e+07,3.132500000000000000e+02,3.137500000000000000e+02,2.922500000000000000e+02,2.937500000000000000e+02,4.512000000000000000e+07
2.007031900000000000e+07,2.965000000000000000e+02,3.148989868164062500e+02,2.947500000000000000e+02,3.100000000000000000e+02,2.313440000000000000e+07
2.007032600000000000e+07,3.087500000000000000e+02,3.185000000000000000e+02,3.042500000000000000e+02,3.160000000000000000e+02,2.463070000000000000e+07
2.007040200000000000e+07,3.145000000000000000e+02,3.230000000000000000e+02,3.105000000000000000e+02,3.192500000000000000e+02,1.157090000000000000e+07
2.007040900000000000e+07,3.192500000000000000e+02,3.227500000000000000e+02,2.956130065917968750e+02,3.145000000000000000e+02,1.722130000000000000e+07
2.007041600000000000e+07,3.150000000000000000e+02,3.212500000000000000e+02,3.110000000000000000e+02,3.205000000000000000e+02,1.445280000000000000e+07
2.007042300000000000e+07,3.205000000000000000e+02,3.290000000000000000e+02,3.150000000000000000e+02,3.190000000000000000e+02,9.156100000000000000e+06
2.007043000000000000e+07,3.197500000000000000e+02,3.377500000000000000e+02,3.182500000000000000e+02,3.347500000000000000e+02,1.922570000000000000e+07
2.007050700000000000e+07,3.347500000000000000e+02,3.395000000000000000e+02,3.273900146484375000e+02,3.330000000000000000e+02,2.845100000000000000e+07
2.007051400000000000e+07,3.347500000000000000e+02,3.500000000000000000e+02,3.305000000000000000e+02,3.495000000000000000e+02,2.173680000000000000e+07
2.007052100000000000e+07,3.492500000000000000e+02,3.520000000000000000e+02,3.392500000000000000e+02,3.407500000000000000e+02,2.195260000000000000e+07
2.007052800000000000e+07,3.407500000000000000e+02,3.510000000000000000e+02,3.342500000000000000e+02,3.410000000000000000e+02,4.064300000000000000e+07
2.007060400000000000e+07,3.415000000000000000e+02,3.572500000000000000e+02,3.247500000000000000e+02,3.292500000000000000e+02,2.682360000000000000e+07
2.007061100000000000e+07,3.290000000000000000e+02,3.492500000000000000e+02,3.282500000000000000e+02,3.487500000000000000e+02,2.142280000000000000e+07
2.007061800000000000e+07,3.487500000000000000e+02,3.565000000000000000e+02,3.400000000000000000e+02,3.425000000000000000e+02,1.938910000000000000e+07
2.007062500000000000e+07,3.417500000000000000e+02,3.529700012207031250e+02,3.272500000000000000e+02,3.302500000000000000e+02,2.167990000000000000e+07
2.007070200000000000e+07,3.280000000000000000e+02,3.345000000000000000e+02,3.250000000000000000e+02,3.315000000000000000e+02,3.770700000000000000e+07
2.007070900000000000e+07,3.340000000000000000e+02,3.350000000000000000e+02,3.200000000000000000e+02,3.302500000000000000e+02,2.905850000000000000e+07
2.007071600000000000e+07,3.305000000000000000e+02,3.310000000000000000e+02,3.195100097656250000e+02,3.235000000000000000e+02,2.196940000000000000e+07
2.007072300000000000e+07,3.262500000000000000e+02,3.357500000000000000e+02,2.832500000000000000e+02,2.902500000000000000e+02,4.570790000000000000e+07
2.007073000000000000e+07,2.895000000000000000e+02,3.180000000000000000e+02,2.855000000000000000e+02,3.057500000000000000e+02,4.263910000000000000e+07
2.007080600000000000e+07,3.010000000000000000e+02,3.485750122070312500e+02,2.994599914550781250e+02,3.152500000000000000e+02,7.247800000000000000e+07
2.007081300000000000e+07,3.132500000000000000e+02,3.235140075683593750e+02,2.826879882812500000e+02,3.055000000000000000e+02,3.533780000000000000e+07
2.007082000000000000e+07,3.085000000000000000e+02,5.310000000000000000e+02,2.925000000000000000e+02,2.972500000000000000e+02,2.375610000000000000e+07
2.007082700000000000e+07,2.972500000000000000e+02,3.002999877929687500e+02,2.837500000000000000e+02,3.002500000000000000e+02,2.338030000000000000e+07
2.007090300000000000e+07,3.000000000000000000e+02,3.107999877929687500e+02,2.852500000000000000e+02,2.855000000000000000e+02,2.726440000000000000e+07
2.007091000000000000e+07,2.867500000000000000e+02,2.927500000000000000e+02,2.810000000000000000e+02,2.827500000000000000e+02,1.984420000000000000e+07
2.007091700000000000e+07,2.815000000000000000e+02,3.012500000000000000e+02,2.680000000000000000e+02,2.752500000000000000e+02,7.269929600000000000e+07
2.007092400000000000e+07,2.735000000000000000e+02,2.997500000000000000e+02,9.595999908447265625e+01,2.885000000000000000e+02,2.604310000000000000e+07
2.007100100000000000e+07,2.860000000000000000e+02,3.035000000000000000e+02,2.828750000000000000e+02,2.980000000000000000e+02,1.697250000000000000e+07
2.007100800000000000e+07,2.975000000000000000e+02,3.000000000000000000e+02,2.870000000000000000e+02,2.892500000000000000e+02,2.326060000000000000e+07
2.007101500000000000e+07,2.872500000000000000e+02,2.922500000000000000e+02,2.795000000000000000e+02,2.850000000000000000e+02,2.557450000000000000e+07
2.007102200000000000e+07,2.795000000000000000e+02,2.892500000000000000e+02,2.575750122070312500e+02,2.785000000000000000e+02,5.355990000000000000e+07
2.007102900000000000e+07,2.810000000000000000e+02,2.875000000000000000e+02,2.677500000000000000e+02,2.722500000000000000e+02,3.500960000000000000e+07
2.007110500000000000e+07,2.715000000000000000e+02,2.737500000000000000e+02,2.380000000000000000e+02,2.437500000000000000e+02,2.412170000000000000e+07
2.007111200000000000e+07,2.590000000000000000e+02,2.790000000000000000e+02,2.475000000000000000e+02,2.512500000000000000e+02,3.362110000000000000e+07
2.007111900000000000e+07,2.512500000000000000e+02,2.512500000000000000e+02,2.287500000000000000e+02,2.437500000000000000e+02,2.582950000000000000e+07
2.007112600000000000e+07,2.460000000000000000e+02,2.631250000000000000e+02,2.355000000000000000e+02,2.625000000000000000e+02,2.448710000000000000e+07
2.007120300000000000e+07,2.620000000000000000e+02,2.742500000000000000e+02,2.585000000000000000e+02,2.660000000000000000e+02,2.835790000000000000e+07
2.007121000000000000e+07,2.632500000000000000e+02,2.732500000000000000e+02,2.515000000000000000e+02,2.580000000000000000e+02,2.058450000000000000e+07
2.007121700000000000e+07,2.532500000000000000e+02,2.590000000000000000e+02,2.395000000000000000e+02,2.577500000000000000e+02,2.233770000000000000e+07
2.007122400000000000e+07,2.550000000000000000e+02,2.607500000000000000e+02,2.510000000000000000e+02,2.530000000000000000e+02,4.755500000000000000e+06
2.007123100000000000e+07,2.505000000000000000e+02,2.567500000000000000e+02,2.442500000000000000e+02,2.467500000000000000e+02,9.187300000000000000e+06
2.008010700000000000e+07,2.460000000000000000e+02,2.465000000000000000e+02,2.222500000000000000e+02,2.257500000000000000e+02,2.643990000000000000e+07
2.008011400000000000e+07,2.275000000000000000e+02,2.397500000000000000e+02,2.098750000000000000e+02,2.117500000000000000e+02,2.628040000000000000e+07
2.008012100000000000e+07,2.030000000000000000e+02,2.390000000000000000e+02,1.851999969482421875e+02,2.267500000000000000e+02,4.820500000000000000e+07
2.008012800000000000e+07,2.277500000000000000e+02,2.306869964599609375e+02,2.107500000000000000e+02,2.260000000000000000e+02,3.514290000000000000e+07
2.008020400000000000e+07,2.262500000000000000e+02,2.285000000000000000e+02,2.017500000000000000e+02,2.055000000000000000e+02,2.463140000000000000e+07
2.008021100000000000e+07,2.030000000000000000e+02,2.163500061035156250e+02,1.926999969482421875e+02,2.055000000000000000e+02,3.761650000000000000e+07
2.008021800000000000e+07,2.062500000000000000e+02,2.167500000000000000e+02,2.047500000000000000e+02,2.087500000000000000e+02,2.639500000000000000e+07
2.008022500000000000e+07,2.112500000000000000e+02,2.360000000000000000e+02,2.110000000000000000e+02,2.190000000000000000e+02,3.124370000000000000e+07
2.008030300000000000e+07,2.150000000000000000e+02,2.175000000000000000e+02,2.025000000000000000e+02,2.075000000000000000e+02,2.989460000000000000e+07
2.008031000000000000e+07,2.072500000000000000e+02,2.495000000000000000e+02,2.050000000000000000e+02,2.345000000000000000e+02,6.126210000000000000e+07
2.008031700000000000e+07,2.290000000000000000e+02,2.442500000000000000e+02,2.267500000000000000e+02,2.347500000000000000e+02,3.099610000000000000e+07
2.008032400000000000e+07,2.347500000000000000e+02,2.532500000000000000e+02,2.347500000000000000e+02,2.447500000000000000e+02,2.704560000000000000e+07
2.008033100000000000e+07,2.450000000000000000e+02,2.650000000000000000e+02,2.406999969482421875e+02,2.615000000000000000e+02,2.708090000000000000e+07
2.008040700000000000e+07,2.602500000000000000e+02,2.745000000000000000e+02,2.422500000000000000e+02,2.457500000000000000e+02,3.629530000000000000e+07
2.008041400000000000e+07,2.440000000000000000e+02,2.530000000000000000e+02,2.407500000000000000e+02,2.520000000000000000e+02,2.347600000000000000e+07
2.008042100000000000e+07,2.530000000000000000e+02,2.555000000000000000e+02,2.392500000000000000e+02,2.532500000000000000e+02,2.074820000000000000e+07
2.008042800000000000e+07,2.552500000000000000e+02,2.657500000000000000e+02,2.460000000000000000e+02,2.637500000000000000e+02,1.624850000000000000e+07
2.008050500000000000e+07,2.637500000000000000e+02,2.730000000000000000e+02,2.515000000000000000e+02,2.570000000000000000e+02,1.428000000000000000e+07
2.008051200000000000e+07,2.640000000000000000e+02,2.665000000000000000e+02,2.520000000000000000e+02,2.585000000000000000e+02,1.626390000000000000e+07
2.008051900000000000e+07,2.587500000000000000e+02,2.622999877929687500e+02,2.352500000000000000e+02,2.390000000000000000e+02,2.175490000000000000e+07
2.008052600000000000e+07,2.390000000000000000e+02,2.545000000000000000e+02,2.350000000000000000e+02,2.510000000000000000e+02,2.291470000000000000e+07
2.008060200000000000e+07,2.487500000000000000e+02,2.725000000000000000e+02,2.442500000000000000e+02,2.467500000000000000e+02,4.098990000000000000e+07
2.008060900000000000e+07,2.440000000000000000e+02,2.505000000000000000e+02,1.887460021972656250e+02,2.425000000000000000e+02,3.207480000000000000e+07
2.008061600000000000e+07,2.427500000000000000e+02,2.462500000000000000e+02,2.205000000000000000e+02,2.235000000000000000e+02,3.231730000000000000e+07
2.008062300000000000e+07,2.245000000000000000e+02,2.257500000000000000e+02,2.072500000000000000e+02,2.100000000000000000e+02,2.591550000000000000e+07
2.008063000000000000e+07,2.102500000000000000e+02,2.130000000000000000e+02,1.981000061035156250e+02,2.010000000000000000e+02,2.927310000000000000e+07
2.008070700000000000e+07,2.042500000000000000e+02,2.172500000000000000e+02,1.980000000000000000e+02,2.000000000000000000e+02,2.957330000000000000e+07
2.008071400000000000e+07,2.022500000000000000e+02,2.185000000000000000e+02,9.300000000000000000e+01,2.172500000000000000e+02,3.767470000000000000e+07
2.008072100000000000e+07,2.157500000000000000e+02,2.372500000000000000e+02,2.092500000000000000e+02,2.212500000000000000e+02,3.841920000000000000e+07
2.008072800000000000e+07,2.200000000000000000e+02,2.332500000000000000e+02,2.085130004882812500e+02,2.227500000000000000e+02,2.415640000000000000e+07
2.008080400000000000e+07,2.260000000000000000e+02,2.543020019531250000e+02,2.187350006103515625e+02,2.535000000000000000e+02,3.483650000000000000e+07
2.008081100000000000e+07,2.552500000000000000e+02,2.552500000000000000e+02,2.382500000000000000e+02,2.415000000000000000e+02,2.321440000000000000e+07
2.008081800000000000e+07,2.422500000000000000e+02,2.462500000000000000e+02,2.252500000000000000e+02,2.462500000000000000e+02,2.082670000000000000e+07
2.008082500000000000e+07,2.462500000000000000e+02,2.557500000000000000e+02,2.384380035400390625e+02,2.510000000000000000e+02,1.808080000000000000e+07
2.008090100000000000e+07,2.475000000000000000e+02,2.612500000000000000e+02,2.290000000000000000e+02,2.332500000000000000e+02,2.519680000000000000e+07
2.008090800000000000e+07,2.425000000000000000e+02,2.680000000000000000e+02,2.362500000000000000e+02,2.402500000000000000e+02,2.984650000000000000e+07
2.008091500000000000e+07,2.340000000000000000e+02,2.760000000000000000e+02,2.225000000000000000e+02,2.460000000000000000e+02,5.809860000000000000e+07
2.008092200000000000e+07,2.532500000000000000e+02,2.590000000000000000e+02,2.270000000000000000e+02,2.345000000000000000e+02,1.845620000000000000e+07
2.008092900000000000e+07,2.297500000000000000e+02,2.620000000000000000e+02,2.122500000000000000e+02,2.500000000000000000e+02,2.148240000000000000e+07
2.008100600000000000e+07,2.500000000000000000e+02,3.200000000000000000e+02,1.823000030517578125e+02,2.157500000000000000e+02,2.673230000000000000e+07
2.008101300000000000e+07,2.265000000000000000e+02,2.600000000000000000e+02,1.850000000000000000e+02,2.250000000000000000e+02,2.283620000000000000e+07
2.008102000000000000e+07,2.205000000000000000e+02,2.375000000000000000e+02,1.800000000000000000e+02,1.920000000000000000e+02,1.671780000000000000e+07
2.008102700000000000e+07,1.920000000000000000e+02,2.387500000000000000e+02,1.740000000000000000e+02,2.387500000000000000e+02,1.567780000000000000e+07
2.008110300000000000e+07,2.420000000000000000e+02,2.545000000000000000e+02,2.210000000000000000e+02,2.435000000000000000e+02,1.440520000000000000e+07
2.008111000000000000e+07,2.500000000000000000e+02,2.500000000000000000e+02,2.040000000000000000e+02,2.290000000000000000e+02,1.173220000000000000e+07
2.008111700000000000e+07,2.245000000000000000e+02,2.400000000000000000e+02,2.100000000000000000e+02,2.267500000000000000e+02,1.538170000000000000e+07
2.008112400000000000e+07,2.360000000000000000e+02,2.730000000000000000e+02,2.242500000000000000e+02,2.620000000000000000e+02,2.135040000000000000e+07
2.008120100000000000e+07,2.690000000000000000e+02,2.690000000000000000e+02,2.410000000000000000e+02,2.620000000000000000e+02,1.544200000000000000e+07
2.008120800000000000e+07,2.700000000000000000e+02,2.880000000000000000e+02,2.372500000000000000e+02,2.550000000000000000e+02,1.587130000000000000e+07
2.008121500000000000e+07,2.460000000000000000e+02,2.750000000000000000e+02,2.152500000000000000e+02,2.152500000000000000e+02,1.929750000000000000e+07
2.008122200000000000e+07,2.182500000000000000e+02,2.247500000000000000e+02,2.035000000000000000e+02,2.097500000000000000e+02,6.092600000000000000e+06
2.008122900000000000e+07,2.075000000000000000e+02,2.090000000000000000e+02,2.000000000000000000e+02,2.040000000000000000e+02,7.945500000000000000e+06
2.009010500000000000e+07,2.100000000000000000e+02,2.327500000000000000e+02,2.010000000000000000e+02,2.222500000000000000e+02,1.892220000000000000e+07
2.009011200000000000e+07,2.202500000000000000e+02,2.325000000000000000e+02,2.010000000000000000e+02,2.082500000000000000e+02,1.828700000000000000e+07
2.009011900000000000e+07,2.142500000000000000e+02,2.142500000000000000e+02,1.656000061035156250e+02,1.900000000000000000e+02,2.830570000000000000e+07
2.009012600000000000e+07,1.869000000000000057e+02,2.267500000000000000e+02,1.868999938964843750e+02,2.197500000000000000e+02,2.429860000000000000e+07
2.009020200000000000e+07,2.140000000000000000e+02,2.225000000000000000e+02,1.941999969482421875e+02,2.125000000000000000e+02,1.708190000000000000e+07
2.009020900000000000e+07,2.150000000000000000e+02,2.187500000000000000e+02,1.921000061035156250e+02,1.985000000000000000e+02,1.512360000000000000e+07
2.009021600000000000e+07,1.954000000000000057e+02,2.002500000000000000e+02,1.640000000000000000e+02,1.716999999999999886e+02,2.094400000000000000e+07
2.009022300000000000e+07,1.755000000000000000e+02,1.908000030517578125e+02,1.613999938964843750e+02,1.743000000000000114e+02,1.939320000000000000e+07
2.009030200000000000e+07,1.656999999999999886e+02,1.708000030517578125e+02,1.281000061035156250e+02,1.333000000000000114e+02,2.952680000000000000e+07
2.009030900000000000e+07,1.371999999999999886e+02,1.880000000000000000e+02,1.235000000000000000e+02,1.813000000000000114e+02,3.441150000000000000e+07
2.009031600000000000e+07,1.835000000000000000e+02,1.931000061035156250e+02,1.626000061035156250e+02,1.880000000000000000e+02,3.091600000000000000e+07
2.009032300000000000e+07,1.899000000000000057e+02,1.958999938964843750e+02,1.673999938964843750e+02,1.720000000000000000e+02,2.239760000000000000e+07
2.009033000000000000e+07,1.681999999999999886e+02,1.870000000000000000e+02,1.558999938964843750e+02,1.790000000000000000e+02,2.179900000000000000e+07
2.009040600000000000e+07,1.841999999999999886e+02,1.921999969482421875e+02,1.673999938964843750e+02,1.734000000000000057e+02,1.322270000000000000e+07
2.009041300000000000e+07,1.734000000000000057e+02,2.017500000000000000e+02,1.733999938964843750e+02,1.990000000000000000e+02,1.943200000000000000e+07
2.009042000000000000e+07,1.980999999999999943e+02,1.986000061035156250e+02,1.733999938964843750e+02,1.888000000000000114e+02,2.185840000000000000e+07
2.009042700000000000e+07,1.878000000000000114e+02,1.976000061035156250e+02,1.813000030517578125e+02,1.869000000000000057e+02,1.620240000000000000e+07
2.009050400000000000e+07,1.869000000000000057e+02,2.067500000000000000e+02,1.861000061035156250e+02,1.930999999999999943e+02,1.934900000000000000e+07
2.009051100000000000e+07,1.926999999999999886e+02,1.951999969482421875e+02,1.798000030517578125e+02,1.826999999999999886e+02,2.235450000000000000e+07
2.009051800000000000e+07,1.805000000000000000e+02,2.065000000000000000e+02,1.761999969482421875e+02,1.995999999999999943e+02,1.684170000000000000e+07
2.009052500000000000e+07,1.995999999999999943e+02,2.045000000000000000e+02,1.923999938964843750e+02,1.976999999999999886e+02,1.334220000000000000e+07
2.009060100000000000e+07,2.015000000000000000e+02,2.045000000000000000e+02,1.816000061035156250e+02,1.888000000000000114e+02,2.124710000000000000e+07
2.009060800000000000e+07,1.876999999999999886e+02,1.926999969482421875e+02,1.808000030517578125e+02,1.875999999999999943e+02,1.620670000000000000e+07
2.009061500000000000e+07,1.865999999999999943e+02,1.866000061035156250e+02,1.738999938964843750e+02,1.820999999999999943e+02,1.952610000000000000e+07
2.009062200000000000e+07,1.823000000000000114e+02,1.863999938964843750e+02,1.736000061035156250e+02,1.800000000000000000e+02,1.705690000000000000e+07
2.009062900000000000e+07,1.783000000000000114e+02,1.895000000000000000e+02,1.781999969482421875e+02,1.818000000000000114e+02,1.748950000000000000e+07
2.009070600000000000e+07,1.821999999999999886e+02,1.851000061035156250e+02,1.726000061035156250e+02,1.730000000000000000e+02,1.425290000000000000e+07
2.009071300000000000e+07,1.740000000000000000e+02,1.945000000000000000e+02,1.740000000000000000e+02,1.895000000000000000e+02,1.154050000000000000e+07
2.009072000000000000e+07,1.904000000000000057e+02,2.010000000000000000e+02,1.881999969482421875e+02,2.002500000000000000e+02,1.078070000000000000e+07
2.009072700000000000e+07,2.030000000000000000e+02,2.085000000000000000e+02,1.966000061035156250e+02,1.978000000000000114e+02,1.238240000000000000e+07
2.009080300000000000e+07,1.975999999999999943e+02,2.008000030517578125e+02,1.813000030517578125e+02,1.928000000000000114e+02,2.132030000000000000e+07
2.009081000000000000e+07,1.918000000000000114e+02,1.963000030517578125e+02,1.853350067138671875e+02,1.858000000000000114e+02,1.089700000000000000e+07
2.009081700000000000e+07,1.860000000000000000e+02,1.958999938964843750e+02,1.812500000000000000e+02,1.944000000000000057e+02,1.344820000000000000e+07
2.009082400000000000e+07,1.945000000000000000e+02,2.028059997558593750e+02,1.941000061035156250e+02,1.966999999999999886e+02,1.142200000000000000e+07
2.009083100000000000e+07,1.966999999999999886e+02,2.219900054931640625e+02,1.890000000000000000e+02,1.949000000000000057e+02,9.610500000000000000e+06
2.009090700000000000e+07,1.951999999999999886e+02,1.998000030517578125e+02,1.913000030517578125e+02,1.954000000000000057e+02,1.354460000000000000e+07
2.009091400000000000e+07,1.941999999999999886e+02,2.045000000000000000e+02,1.940000000000000000e+02,2.028000000000000114e+02,1.922180000000000000e+07
2.009092100000000000e+07,2.038000000000000114e+02,2.111000061035156250e+02,2.005000000000000000e+02,2.038000000000000114e+02,1.694650000000000000e+07
2.009092800000000000e+07,2.049000000000000057e+02,2.263999938964843750e+02,2.020000000000000000e+02,2.150000000000000000e+02,3.039780000000000000e+07
2.009100500000000000e+07,2.160999999999999943e+02,2.286000061035156250e+02,2.121000061035156250e+02,2.285999999999999943e+02,1.757650000000000000e+07
2.009101200000000000e+07,2.288000000000000114e+02,2.365000000000000000e+02,2.265000000000000000e+02,2.300000000000000000e+02,2.180850000000000000e+07
2.009101900000000000e+07,2.290999999999999943e+02,2.370000000000000000e+02,2.251000061035156250e+02,2.303000000000000114e+02,1.671300000000000000e+07
2.009102600000000000e+07,2.304000000000000057e+02,2.323999938964843750e+02,2.148000030517578125e+02,2.180000000000000000e+02,2.595430000000000000e+07
2.009110200000000000e+07,2.169000000000000057e+02,2.208000030517578125e+02,2.071999969482421875e+02,2.130000000000000000e+02,2.299200000000000000e+07
2.009110900000000000e+07,2.148000000000000114e+02,2.245000000000000000e+02,2.148000030517578125e+02,2.215000000000000000e+02,1.573990000000000000e+07
2.009111600000000000e+07,2.214000000000000057e+02,2.246390075683593750e+02,2.136999969482421875e+02,2.153000000000000114e+02,1.260950000000000000e+07
2.009112300000000000e+07,2.164000000000000057e+02,2.208999938964843750e+02,2.013999938964843750e+02,2.130000000000000000e+02,1.320340000000000000e+07
2.009113000000000000e+07,2.129000000000000057e+02,2.148999938964843750e+02,2.075000000000000000e+02,2.130999999999999943e+02,1.327140000000000000e+07
2.009120700000000000e+07,2.120000000000000000e+02,2.136999969482421875e+02,1.980000000000000000e+02,2.075000000000000000e+02,1.665530000000000000e+07
2.009121400000000000e+07,2.105999999999999943e+02,2.133999938964843750e+02,2.021999969482421875e+02,2.030000000000000000e+02,1.475190000000000000e+07
2.009122100000000000e+07,2.040999999999999943e+02,2.120000000000000000e+02,2.026000061035156250e+02,2.110000000000000000e+02,5.490800000000000000e+06
2.009122800000000000e+07,2.110000000000000000e+02,2.165000000000000000e+02,2.073000030517578125e+02,2.165000000000000000e+02,2.179700000000000000e+06
2.010010400000000000e+07,2.123000000000000114e+02,2.185000000000000000e+02,2.100000000000000000e+02,2.139000000000000057e+02,1.505970000000000000e+07
2.010011100000000000e+07,2.140999999999999943e+02,2.153999938964843750e+02,2.086999969482421875e+02,2.099000000000000057e+02,1.807600000000000000e+07
2.010011800000000000e+07,2.118000000000000114e+02,2.125000000000000000e+02,1.961000061035156250e+02,1.994000000000000057e+02,1.803030000000000000e+07
2.010012500000000000e+07,1.975000000000000000e+02,2.021999969482421875e+02,1.938000030517578125e+02,1.958000000000000114e+02,1.746140000000000000e+07
2.010020100000000000e+07,1.949000000000000057e+02,2.076000061035156250e+02,1.936999969482421875e+02,1.941999999999999886e+02,1.743090000000000000e+07
2.010020800000000000e+07,1.941999999999999886e+02,1.986000061035156250e+02,1.906999969482421875e+02,1.926999999999999886e+02,1.333710000000000000e+07
2.010021500000000000e+07,1.936999999999999886e+02,1.993999938964843750e+02,1.926999969482421875e+02,1.969000000000000057e+02,1.726010000000000000e+07
2.010022200000000000e+07,1.979000000000000057e+02,1.986000061035156250e+02,1.886999969482421875e+02,1.954000000000000057e+02,2.012580000000000000e+07
2.010030100000000000e+07,1.973000000000000114e+02,2.000000000000000000e+02,1.910000000000000000e+02,2.000000000000000000e+02,1.905840000000000000e+07
2.010030800000000000e+07,2.040999999999999943e+02,2.185000000000000000e+02,2.018999938964843750e+02,2.115999999999999943e+02,2.146630000000000000e+07
2.010031500000000000e+07,2.118000000000000114e+02,2.171999969482421875e+02,2.063000030517578125e+02,2.075999999999999943e+02,2.410350000000000000e+07
2.010032200000000000e+07,2.073000000000000114e+02,2.108999938964843750e+02,2.038999938964843750e+02,2.096999999999999886e+02,1.365860000000000000e+07
2.010032900000000000e+07,2.101999999999999886e+02,2.106999969482421875e+02,1.991000061035156250e+02,2.030000000000000000e+02,1.396820000000000000e+07
2.010040500000000000e+07,2.030000000000000000e+02,2.061000061035156250e+02,2.023999938964843750e+02,2.049000000000000057e+02,1.245950000000000000e+07
2.010041200000000000e+07,2.059000000000000057e+02,2.091000061035156250e+02,2.040000000000000000e+02,2.053000000000000114e+02,1.130920000000000000e+07
2.010041900000000000e+07,2.051999999999999886e+02,2.076000061035156250e+02,1.983999938964843750e+02,1.989000000000000057e+02,1.242680000000000000e+07
2.010042600000000000e+07,2.000000000000000000e+02,2.031999969482421875e+02,1.903000030517578125e+02,2.000000000000000000e+02,2.122630000000000000e+07
2.010050300000000000e+07,2.000000000000000000e+02,2.030000000000000000e+02,1.783000030517578125e+02,1.833000000000000114e+02,1.959640000000000000e+07
2.010051000000000000e+07,1.871999999999999886e+02,1.975000000000000000e+02,1.866999969482421875e+02,1.901999999999999886e+02,1.801670000000000000e+07
2.010051700000000000e+07,1.875000000000000000e+02,1.906000061035156250e+02,1.783999938964843750e+02,1.815999999999999943e+02,1.777490000000000000e+07
2.010052400000000000e+07,1.824000000000000057e+02,1.846000061035156250e+02,1.731000061035156250e+02,1.814000000000000057e+02,2.745080000000000000e+07
2.010053100000000000e+07,1.814000000000000057e+02,1.858000030517578125e+02,1.783000030517578125e+02,1.790000000000000000e+02,1.161920000000000000e+07
2.010060700000000000e+07,1.755999999999999943e+02,1.843000030517578125e+02,1.741999969482421875e+02,1.819000000000000057e+02,1.414450000000000000e+07
2.010061400000000000e+07,1.845000000000000000e+02,1.898000030517578125e+02,1.823000030517578125e+02,1.885000000000000000e+02,1.643260000000000000e+07
2.010062100000000000e+07,1.900999999999999943e+02,1.913000030517578125e+02,1.785000000000000000e+02,1.790000000000000000e+02,1.299230000000000000e+07
2.010062800000000000e+07,1.799000000000000057e+02,1.806999969482421875e+02,1.700000000000000000e+02,1.760000000000000000e+02,1.722880000000000000e+07
2.010070500000000000e+07,1.759000000000000057e+02,1.916000061035156250e+02,1.745000000000000000e+02,1.905999999999999943e+02,1.236320000000000000e+07
2.010071200000000000e+07,1.900000000000000000e+02,1.966999969482421875e+02,1.878999938964843750e+02,1.924000000000000057e+02,1.813840000000000000e+07
2.010071900000000000e+07,1.915999999999999943e+02,1.981000061035156250e+02,1.896000061035156250e+02,1.969000000000000057e+02,1.462730000000000000e+07
2.010072600000000000e+07,1.983000000000000114e+02,2.078000030517578125e+02,1.968999938964843750e+02,2.021999999999999886e+02,1.731720000000000000e+07
2.010080200000000000e+07,2.025000000000000000e+02,2.180000000000000000e+02,2.025000000000000000e+02,2.126999999999999886e+02,1.770450000000000000e+07
2.010080900000000000e+07,2.140999999999999943e+02,2.176999969482421875e+02,2.033000030517578125e+02,2.098000000000000114e+02,2.308420000000000000e+07
2.010081600000000000e+07,2.100000000000000000e+02,2.138000030517578125e+02,2.016000061035156250e+02,2.020999999999999943e+02,1.955310000000000000e+07
2.010082300000000000e+07,2.034000000000000057e+02,2.080000000000000000e+02,1.975000000000000000e+02,2.043000000000000114e+02,1.483990000000000000e+07
2.010083000000000000e+07,2.043000000000000114e+02,2.158999938964843750e+02,2.000000000000000000e+02,2.140000000000000000e+02,1.369990000000000000e+07
2.010090600000000000e+07,2.151999999999999886e+02,2.151999969482421875e+02,2.085000000000000000e+02,2.146999999999999886e+02,1.472560000000000000e+07
2.010091300000000000e+07,2.150999999999999943e+02,2.303999938964843750e+02,2.151000061035156250e+02,2.234000000000000057e+02,2.612800000000000000e+07
2.010092000000000000e+07,2.250000000000000000e+02,2.333000030517578125e+02,2.228999938964843750e+02,2.318000000000000114e+02,1.489820000000000000e+07
2.010092700000000000e+07,2.310000000000000000e+02,2.346000061035156250e+02,2.273000030517578125e+02,2.296999999999999886e+02,1.888150000000000000e+07
2.010100400000000000e+07,2.305000000000000000e+02,2.326000061035156250e+02,2.243999938964843750e+02,2.299000000000000057e+02,1.411230000000000000e+07
2.010101100000000000e+07,2.305000000000000000e+02,2.380000000000000000e+02,2.266000061035156250e+02,2.270000000000000000e+02,1.425420000000000000e+07
2.010101800000000000e+07,2.266999999999999886e+02,2.351000061035156250e+02,2.261000061035156250e+02,2.295000000000000000e+02,1.250980000000000000e+07
2.010102500000000000e+07,2.306999999999999886e+02,2.315000000000000000e+02,2.208000030517578125e+02,2.270000000000000000e+02,1.706660000000000000e+07
2.010110100000000000e+07,2.281999999999999886e+02,2.351000061035156250e+02,2.255000000000000000e+02,2.339000000000000057e+02,1.613840000000000000e+07
2.010110800000000000e+07,2.340000000000000000e+02,2.363999938964843750e+02,2.221999969482421875e+02,2.258000000000000114e+02,1.059570000000000000e+07
2.010111500000000000e+07,2.251999999999999886e+02,2.263999938964843750e+02,2.188000030517578125e+02,2.229000000000000057e+02,1.374920000000000000e+07
2.010112200000000000e+07,2.246999999999999886e+02,2.248000030517578125e+02,2.086999969482421875e+02,2.139000000000000057e+02,1.230140000000000000e+07
2.010112900000000000e+07,2.148000000000000114e+02,2.188000030517578125e+02,2.011999969482421875e+02,2.060000000000000000e+02,2.360040000000000000e+07
2.010120600000000000e+07,2.065000000000000000e+02,2.143000030517578125e+02,2.031000061035156250e+02,2.129000000000000057e+02,1.877340000000000000e+07
2.010121300000000000e+07,2.128000000000000114e+02,2.133000030517578125e+02,2.076999969482421875e+02,2.100000000000000000e+02,1.176990000000000000e+07
2.010122000000000000e+07,2.109000000000000057e+02,2.175000000000000000e+02,2.093999938964843750e+02,2.160000000000000000e+02,8.282900000000000000e+06
2.010122700000000000e+07,2.160000000000000000e+02,2.236000061035156250e+02,2.146000061035156250e+02,2.196999999999999886e+02,6.446200000000000000e+06
2.011011000000000000e+07,2.183000000000000114e+02,2.245000000000000000e+02,2.136000061035156250e+02,2.238000000000000114e+02,1.491470000000000000e+07
2.011011700000000000e+07,2.235999999999999943e+02,2.276999969482421875e+02,2.206999969482421875e+02,2.236999999999999886e+02,1.135670000000000000e+07
2.011012400000000000e+07,2.236999999999999886e+02,2.358999938964843750e+02,2.228000030517578125e+02,2.310999999999999943e+02,1.478870000000000000e+07
2.011013100000000000e+07,2.300000000000000000e+02,2.418999938964843750e+02,2.265000000000000000e+02,2.398000000000000114e+02,1.709490000000000000e+07
2.011020700000000000e+07,2.400000000000000000e+02,2.438000030517578125e+02,2.328999938964843750e+02,2.400000000000000000e+02,1.434090000000000000e+07
2.011021400000000000e+07,2.400000000000000000e+02,2.440370025634765625e+02,2.341000061035156250e+02,2.433000000000000114e+02,1.101590000000000000e+07
2.011022100000000000e+07,2.424000000000000057e+02,2.447640075683593750e+02,2.319499969482421875e+02,2.405000000000000000e+02,1.286410000000000000e+07
2.011022800000000000e+07,2.405000000000000000e+02,2.413000030517578125e+02,2.291999969482421875e+02,2.374000000000000057e+02,2.273020000000000000e+07
2.011030700000000000e+07,2.371999999999999886e+02,2.453999938964843750e+02,2.153000030517578125e+02,2.231999999999999886e+02,2.735100000000000000e+07
2.011031400000000000e+07,2.200999999999999943e+02,2.233130035400390625e+02,1.976999969482421875e+02,2.016999999999999886e+02,3.407310000000000000e+07
2.011032100000000000e+07,2.045000000000000000e+02,2.091999969482421875e+02,2.021000061035156250e+02,2.059000000000000057e+02,2.516760000000000000e+07
2.011032800000000000e+07,2.065999999999999943e+02,2.138999938964843750e+02,2.033000030517578125e+02,2.135000000000000000e+02,1.863880000000000000e+07
2.011040400000000000e+07,2.130000000000000000e+02,2.175000000000000000e+02,2.116999969482421875e+02,2.141999999999999886e+02,2.043110000000000000e+07
2.011041100000000000e+07,2.134000000000000057e+02,2.161000061035156250e+02,2.113500061035156250e+02,2.125999999999999943e+02,1.506850000000000000e+07
2.011041800000000000e+07,2.135000000000000000e+02,2.156069946289062500e+02,2.040000000000000000e+02,2.150999999999999943e+02,1.783330000000000000e+07
2.011050900000000000e+07,2.176999999999999886e+02,2.236100006103515625e+02,2.138000030517578125e+02,2.144000000000000057e+02,1.409980000000000000e+07
2.011051600000000000e+07,2.134000000000000057e+02,2.166000061035156250e+02,2.068849945068359375e+02,2.120999999999999943e+02,1.854240000000000000e+07
2.011052300000000000e+07,2.085000000000000000e+02,2.111000061035156250e+02,2.053000030517578125e+02,2.090000000000000000e+02,1.839580000000000000e+07
2.011060600000000000e+07,2.036999999999999886e+02,2.081000061035156250e+02,2.023999938964843750e+02,2.050000000000000000e+02,1.821770000000000000e+07
2.011061300000000000e+07,2.050000000000000000e+02,2.078999938964843750e+02,1.990000000000000000e+02,2.045999999999999943e+02,2.035900000000000000e+07
2.011062000000000000e+07,2.016999999999999886e+02,2.073000030517578125e+02,2.001000061035156250e+02,2.016999999999999886e+02,1.970460000000000000e+07
2.011062700000000000e+07,2.015999999999999943e+02,2.140000000000000000e+02,1.998999938964843750e+02,2.135999999999999943e+02,1.650040000000000000e+07
2.011070400000000000e+07,2.136999999999999886e+02,2.170399932861328125e+02,2.110000000000000000e+02,2.110999999999999943e+02,1.268100000000000000e+07
2.011071100000000000e+07,2.106999999999999886e+02,2.111999969482421875e+02,1.978000030517578125e+02,2.009000000000000057e+02,1.893240000000000000e+07
2.011071800000000000e+07,1.995999999999999943e+02,2.088999938964843750e+02,1.946000061035156250e+02,2.060000000000000000e+02,1.695210000000000000e+07
2.011072500000000000e+07,2.039000000000000057e+02,2.046999969482421875e+02,1.950000000000000000e+02,1.980999999999999943e+02,1.669230000000000000e+07
2.011080100000000000e+07,2.001999999999999886e+02,2.013000030517578125e+02,1.716999969482421875e+02,1.729000000000000057e+02,2.407690000000000000e+07
2.011080800000000000e+07,1.701999999999999886e+02,2.020000000000000000e+02,1.626950073242187500e+02,2.020000000000000000e+02,3.988820000000000000e+07
2.011081500000000000e+07,2.034000000000000057e+02,2.131999969482421875e+02,1.848000030517578125e+02,1.910999999999999943e+02,3.303270000000000000e+07
2.011082200000000000e+07,1.900000000000000000e+02,2.016280059814453125e+02,1.878999938964843750e+02,1.920999999999999943e+02,2.100190000000000000e+07
2.011090500000000000e+07,1.944000000000000057e+02,2.013999938964843750e+02,1.888999938964843750e+02,1.901999999999999886e+02,1.874450000000000000e+07
2.011091200000000000e+07,1.865999999999999943e+02,1.996999969482421875e+02,1.843999938964843750e+02,1.973000000000000114e+02,2.655500000000000000e+07
2.011091900000000000e+07,1.941999999999999886e+02,1.996000061035156250e+02,1.856999969482421875e+02,1.946999999999999886e+02,1.729780000000000000e+07
2.011092600000000000e+07,1.905000000000000000e+02,2.078000030517578125e+02,1.901999969482421875e+02,2.000000000000000000e+02,1.965790000000000000e+07
2.011100300000000000e+07,1.941999999999999886e+02,2.086999969482421875e+02,1.865000000000000000e+02,2.050999999999999943e+02,2.057680000000000000e+07
2.011101000000000000e+07,2.054000000000000057e+02,2.156000061035156250e+02,2.043999938964843750e+02,2.136999999999999886e+02,1.756270000000000000e+07
2.011101700000000000e+07,2.149000000000000057e+02,2.178999938964843750e+02,2.061000061035156250e+02,2.105999999999999943e+02,1.697930000000000000e+07
2.011102400000000000e+07,2.126999999999999886e+02,2.291000061035156250e+02,2.110000000000000000e+02,2.238000000000000114e+02,1.981590000000000000e+07
2.011103100000000000e+07,2.223000000000000114e+02,2.232500000000000000e+02,2.023000030517578125e+02,2.083000000000000114e+02,2.063540000000000000e+07
2.011110700000000000e+07,2.054000000000000057e+02,2.118999938964843750e+02,1.985000000000000000e+02,2.056999999999999886e+02,1.488710000000000000e+07
2.011111400000000000e+07,2.061999999999999886e+02,2.083000030517578125e+02,1.933999938964843750e+02,1.935999999999999943e+02,1.306650000000000000e+07
2.011112100000000000e+07,1.920999999999999943e+02,1.921799926757812500e+02,1.818220062255859375e+02,1.850999999999999943e+02,1.705750000000000000e+07
2.011112800000000000e+07,1.866999999999999886e+02,2.135000000000000000e+02,1.860500030517578125e+02,2.075000000000000000e+02,2.282910000000000000e+07
2.011120500000000000e+07,2.085000000000000000e+02,2.106000061035156250e+02,1.976999969482421875e+02,2.038000000000000114e+02,1.591270000000000000e+07
2.011121200000000000e+07,2.041999999999999886e+02,2.043000030517578125e+02,1.931999969482421875e+02,1.966999999999999886e+02,1.389830000000000000e+07
2.011121900000000000e+07,1.953000000000000114e+02,2.055000000000000000e+02,1.939369964599609375e+02,2.029000000000000057e+02,1.018860000000000000e+07
2.011122600000000000e+07,2.029000000000000057e+02,2.063000030517578125e+02,2.005000000000000000e+02,2.063000000000000114e+02,3.988900000000000000e+06
2.012010200000000000e+07,2.063000000000000114e+02,2.111000061035156250e+02,1.993999938964843750e+02,2.009000000000000057e+02,1.296020000000000000e+07
2.012010900000000000e+07,2.019000000000000057e+02,2.090140075683593750e+02,1.980000000000000000e+02,2.045000000000000000e+02,1.443390000000000000e+07
2.012011600000000000e+07,2.034000000000000057e+02,2.156999969482421875e+02,2.025000000000000000e+02,2.136999999999999886e+02,1.774410000000000000e+07
2.012012300000000000e+07,2.143000000000000114e+02,2.206999969482421875e+02,2.118999938964843750e+02,2.190999999999999943e+02,1.712110000000000000e+07
2.012013000000000000e+07,2.180000000000000000e+02,2.302500000000000000e+02,2.130000000000000000e+02,2.293000000000000114e+02,1.927090000000000000e+07
2.012020600000000000e+07,2.295000000000000000e+02,2.313959960937500000e+02,2.239049987792968750e+02,2.250999999999999943e+02,1.345620000000000000e+07
2.012021300000000000e+07,2.275999999999999943e+02,2.351999969482421875e+02,2.260000000000000000e+02,2.339000000000000057e+02,1.413510000000000000e+07
2.012022000000000000e+07,2.350000000000000000e+02,2.360879974365234375e+02,2.308500061035156250e+02,2.354000000000000057e+02,1.533380000000000000e+07
2.012022700000000000e+07,2.338000000000000114e+02,2.388999938964843750e+02,2.311450042724609375e+02,2.364000000000000057e+02,1.770050000000000000e+07
2.012030500000000000e+07,2.346999999999999886e+02,2.381999969482421875e+02,2.283000030517578125e+02,2.368000000000000114e+02,1.625940000000000000e+07
2.012031200000000000e+07,2.351999999999999886e+02,2.529149932861328125e+02,2.351000061035156250e+02,2.506999999999999886e+02,3.235090000000000000e+07
2.012031900000000000e+07,2.499000000000000057e+02,2.498999938964843750e+02,2.313999938964843750e+02,2.340000000000000000e+02,2.253520000000000000e+07
2.012032600000000000e+07,2.361999999999999886e+02,2.369100036621093750e+02,2.256000061035156250e+02,2.296999999999999886e+02,2.611760000000000000e+07
2.012040200000000000e+07,2.300999999999999943e+02,2.320000000000000000e+02,2.188999938964843750e+02,2.221999999999999886e+02,1.495040000000000000e+07
2.012040900000000000e+07,2.221999999999999886e+02,2.253979949951171875e+02,2.150000000000000000e+02,2.209000000000000057e+02,1.745350000000000000e+07
2.012041600000000000e+07,2.198000000000000114e+02,2.316999969482421875e+02,2.178000030517578125e+02,2.290999999999999943e+02,2.121220000000000000e+07
2.012042300000000000e+07,2.279000000000000057e+02,2.303000030517578125e+02,2.211000061035156250e+02,2.269000000000000057e+02,2.188890000000000000e+07
2.012043000000000000e+07,2.280999999999999943e+02,2.281000061035156250e+02,2.126999969482421875e+02,2.144000000000000057e+02,1.845050000000000000e+07
2.012050700000000000e+07,2.144000000000000057e+02,2.156999969482421875e+02,2.041999969482421875e+02,2.135999999999999943e+02,1.681980000000000000e+07
2.012051400000000000e+07,2.118000000000000114e+02,2.118000030517578125e+02,1.990000000000000000e+02,2.015000000000000000e+02,2.021930000000000000e+07
2.012052100000000000e+07,2.008000000000000114e+02,2.100000000000000000e+02,2.003999938964843750e+02,2.056999999999999886e+02,1.365880000000000000e+07
2.012052800000000000e+07,2.086999999999999886e+02,2.090480041503906250e+02,2.021000061035156250e+02,2.040000000000000000e+02,1.804400000000000000e+07
2.012060400000000000e+07,2.040000000000000000e+02,2.208000030517578125e+02,2.040000000000000000e+02,2.204000000000000057e+02,1.561190000000000000e+07
2.012061100000000000e+07,2.259000000000000057e+02,2.258999938964843750e+02,2.143000030517578125e+02,2.199000000000000057e+02,2.334650000000000000e+07
2.012061800000000000e+07,2.246999999999999886e+02,2.335000000000000000e+02,2.181999969482421875e+02,2.265000000000000000e+02,1.664740000000000000e+07
2.012062500000000000e+07,2.260000000000000000e+02,2.351999969482421875e+02,2.220800018310546875e+02,2.334000000000000057e+02,1.631430000000000000e+07
2.012070200000000000e+07,2.330000000000000000e+02,2.375000000000000000e+02,2.318999938964843750e+02,2.326999999999999886e+02,1.365970000000000000e+07
2.012070900000000000e+07,2.329000000000000057e+02,2.358999938964843750e+02,2.276999969482421875e+02,2.354000000000000057e+02,1.669470000000000000e+07
2.012071600000000000e+07,2.360000000000000000e+02,2.423999938964843750e+02,2.346999969482421875e+02,2.380000000000000000e+02,1.414020000000000000e+07
2.012072300000000000e+07,2.361999999999999886e+02,2.388999938964843750e+02,2.273999938964843750e+02,2.389000000000000057e+02,1.283370000000000000e+07
2.012073000000000000e+07,2.405000000000000000e+02,2.550099945068359375e+02,2.398999938964843750e+02,2.533000000000000114e+02,1.901850000000000000e+07
2.012080600000000000e+07,2.528000000000000114e+02,2.580000000000000000e+02,2.496999969482421875e+02,2.575000000000000000e+02,1.690470000000000000e+07
2.012081300000000000e+07,2.583999999999999773e+02,2.812000122070312500e+02,2.553000030517578125e+02,2.765000000000000000e+02,3.494560000000000000e+07
2.012082000000000000e+07,2.770000000000000000e+02,2.780000000000000000e+02,2.647149963378906250e+02,2.661000000000000227e+02,2.075850000000000000e+07
2.012082700000000000e+07,2.661000000000000227e+02,2.680000000000000000e+02,2.635000000000000000e+02,2.653000000000000114e+02,1.055490000000000000e+07
2.012090300000000000e+07,2.655000000000000000e+02,2.785000000000000000e+02,2.622000122070312500e+02,2.773999999999999773e+02,1.461780000000000000e+07
2.012091000000000000e+07,2.771999999999999886e+02,2.862999877929687500e+02,2.718299865722656250e+02,2.831000000000000227e+02,2.589810000000000000e+07
2.012091700000000000e+07,2.818999999999999773e+02,2.838999938964843750e+02,2.758999938964843750e+02,2.786000000000000227e+02,1.769100000000000000e+07
2.012092400000000000e+07,2.766999999999999886e+02,2.812999877929687500e+02,2.717000122070312500e+02,2.726999999999999886e+02,1.323160000000000000e+07
2.012100100000000000e+07,2.716000000000000227e+02,2.841000061035156250e+02,2.708999938964843750e+02,2.838000000000000114e+02,1.288040000000000000e+07
2.012100800000000000e+07,2.816000000000000227e+02,2.851900024414062500e+02,2.770000000000000000e+02,2.821999999999999886e+02,1.056150000000000000e+07
2.012101500000000000e+07,2.818000000000000114e+02,2.957000122070312500e+02,2.815000000000000000e+02,2.898000000000000114e+02,1.746770000000000000e+07
2.012102200000000000e+07,2.893999999999999773e+02,2.925499877929687500e+02,2.815000000000000000e+02,2.840000000000000000e+02,1.088760000000000000e+07
2.012102900000000000e+07,2.831000000000000227e+02,3.004299926757812500e+02,2.800000000000000000e+02,2.991000000000000227e+02,1.597430000000000000e+07
2.012110500000000000e+07,2.971999999999999886e+02,3.065939941406250000e+02,2.961000061035156250e+02,3.013999999999999773e+02,1.498710000000000000e+07
2.012111200000000000e+07,3.011000000000000227e+02,3.078999938964843750e+02,2.995000000000000000e+02,2.996999999999999886e+02,2.053840000000000000e+07
2.012111900000000000e+07,3.021999999999999886e+02,3.102000122070312500e+02,3.007500000000000000e+02,3.078000000000000114e+02,2.611480000000000000e+07
2.012112600000000000e+07,3.075000000000000000e+02,3.213330078125000000e+02,3.047999877929687500e+02,3.200000000000000000e+02,2.149160000000000000e+07
2.012120300000000000e+07,3.200000000000000000e+02,3.310589904785156250e+02,3.200000000000000000e+02,3.301000000000000227e+02,1.951550000000000000e+07
2.012121000000000000e+07,3.286999999999999886e+02,3.352470092773437500e+02,3.271090087890625000e+02,3.323000000000000114e+02,1.733350000000000000e+07
2.012121700000000000e+07,3.326000000000000227e+02,3.410750122070312500e+02,3.295000000000000000e+02,3.360000000000000000e+02,1.967890000000000000e+07
2.012122400000000000e+07,3.358999999999999773e+02,3.392999877929687500e+02,3.330000000000000000e+02,3.346000000000000227e+02,3.607600000000000000e+06
2.012123100000000000e+07,3.328999999999999773e+02,3.541000061035156250e+02,3.301000061035156250e+02,3.521000000000000227e+02,1.504210000000000000e+07
2.013010700000000000e+07,3.526000000000000227e+02,3.561000061035156250e+02,3.461000061035156250e+02,3.530000000000000000e+02,1.972930000000000000e+07
2.013011400000000000e+07,3.523999999999999773e+02,3.566000061035156250e+02,3.435000000000000000e+02,3.453999999999999773e+02,1.848690000000000000e+07
2.013012100000000000e+07,3.463000000000000114e+02,3.474800109863281250e+02,3.337000122070312500e+02,3.456999999999999886e+02,1.814580000000000000e+07
2.013012800000000000e+07,3.451000000000000227e+02,3.532000122070312500e+02,3.441000061035156250e+02,3.486000000000000227e+02,1.941590000000000000e+07
2.013020400000000000e+07,3.483999999999999773e+02,3.486000061035156250e+02,3.297000122070312500e+02,3.351999999999999886e+02,1.974690000000000000e+07
2.013021100000000000e+07,3.348000000000000114e+02,3.429939880371093750e+02,3.333999938964843750e+02,3.361999999999999886e+02,1.423580000000000000e+07
2.013021800000000000e+07,3.348000000000000114e+02,3.517000122070312500e+02,3.347999877929687500e+02,3.500000000000000000e+02,1.577160000000000000e+07
2.013022500000000000e+07,3.518000000000000114e+02,3.621000061035156250e+02,3.353999938964843750e+02,3.610000000000000000e+02,2.249960000000000000e+07
2.013030400000000000e+07,3.615000000000000000e+02,3.852999877929687500e+02,3.583999938964843750e+02,3.811000000000000227e+02,2.686720000000000000e+07
2.013031100000000000e+07,3.805000000000000000e+02,3.867000122070312500e+02,3.765000000000000000e+02,3.788000000000000114e+02,2.205670000000000000e+07
2.013031800000000000e+07,3.718999999999999773e+02,3.814280090332031250e+02,3.613370056152343750e+02,3.671999999999999886e+02,2.269080000000000000e+07
2.013032500000000000e+07,3.696999999999999886e+02,3.731489868164062500e+02,3.600320129394531250e+02,3.653000000000000114e+02,1.593920000000000000e+07
2.013040100000000000e+07,3.653000000000000114e+02,3.702999877929687500e+02,3.226000061035156250e+02,3.261000000000000227e+02,1.975660000000000000e+07
2.013040800000000000e+07,3.281000000000000227e+02,3.541380004882812500e+02,3.261149902343750000e+02,3.503999999999999773e+02,2.169670000000000000e+07
2.013041500000000000e+07,3.498000000000000114e+02,3.522999877929687500e+02,3.287000122070312500e+02,3.343000000000000114e+02,2.013790000000000000e+07
2.013042200000000000e+07,3.368000000000000114e+02,3.944790039062500000e+02,3.361600036621093750e+02,3.873000000000000114e+02,3.018000000000000000e+07
2.013042900000000000e+07,3.883000000000000114e+02,3.932000122070312500e+02,3.731000061035156250e+02,3.918000000000000114e+02,1.734220000000000000e+07
2.013050600000000000e+07,3.918000000000000114e+02,4.032999877929687500e+02,3.893999938964843750e+02,4.018999999999999773e+02,1.451520000000000000e+07
2.013051300000000000e+07,3.995000000000000000e+02,4.373999938964843750e+02,3.973999938964843750e+02,4.145000000000000000e+02,1.619690000000000000e+07
2.013052000000000000e+07,4.163000000000000114e+02,4.222000122070312500e+02,4.047000122070312500e+02,4.083999999999999773e+02,1.856420000000000000e+07
2.013052700000000000e+07,4.083999999999999773e+02,4.192999877929687500e+02,3.917000122070312500e+02,3.928000000000000114e+02,1.761670000000000000e+07
2.013060300000000000e+07,3.901000000000000227e+02,3.942000122070312500e+02,3.635220031738281250e+02,3.753000000000000114e+02,1.756950000000000000e+07
2.013061000000000000e+07,3.738000000000000114e+02,3.780499877929687500e+02,3.536000061035156250e+02,3.646999999999999886e+02,1.833670000000000000e+07
2.013061700000000000e+07,3.658000000000000114e+02,3.776000061035156250e+02,3.526000061035156250e+02,3.526000000000000227e+02,2.291060000000000000e+07
2.013062400000000000e+07,3.526000000000000227e+02,3.593999938964843750e+02,3.407999877929687500e+02,3.456999999999999886e+02,2.734580000000000000e+07
2.013070100000000000e+07,3.491999999999999886e+02,3.750000000000000000e+02,3.442799987792968750e+02,3.661999999999999886e+02,1.815670000000000000e+07
2.013070800000000000e+07,3.693999999999999773e+02,3.872000122070312500e+02,3.678999938964843750e+02,3.846999999999999886e+02,1.495900000000000000e+07
2.013071500000000000e+07,3.863000000000000114e+02,3.920100097656250000e+02,3.776000061035156250e+02,3.850000000000000000e+02,1.747960000000000000e+07
2.013072200000000000e+07,3.851000000000000227e+02,3.890069885253906250e+02,3.738999938964843750e+02,3.750000000000000000e+02,1.244350000000000000e+07
2.013072900000000000e+07,3.763000000000000114e+02,3.898999938964843750e+02,3.735000000000000000e+02,3.865000000000000000e+02,1.360800000000000000e+07
2.013080500000000000e+07,3.878999999999999773e+02,4.012999877929687500e+02,3.552999877929687500e+02,3.650000000000000000e+02,2.819970000000000000e+07
2.013081200000000000e+07,3.671999999999999886e+02,3.737999877929687500e+02,3.437760009765625000e+02,3.461999999999999886e+02,2.347020000000000000e+07
2.013081900000000000e+07,3.463000000000000114e+02,3.597999877929687500e+02,3.351000061035156250e+02,3.438999999999999773e+02,2.623340000000000000e+07
2.013082600000000000e+07,3.438999999999999773e+02,3.452000122070312500e+02,3.308999938964843750e+02,3.311999999999999886e+02,1.492890000000000000e+07
2.013090200000000000e+07,3.345000000000000000e+02,3.449930114746093750e+02,3.307300109863281250e+02,3.380000000000000000e+02,1.902670000000000000e+07
2.013090900000000000e+07,3.396999999999999886e+02,3.491400146484375000e+02,3.372999877929687500e+02,3.426999999999999886e+02,1.449700000000000000e+07
2.013091600000000000e+07,3.481999999999999886e+02,3.573999938964843750e+02,3.417000122070312500e+02,3.486999999999999886e+02,1.893660000000000000e+07
2.013092300000000000e+07,3.496999999999999886e+02,3.526000061035156250e+02,3.417000122070312500e+02,3.515000000000000000e+02,1.248340000000000000e+07
2.013093000000000000e+07,3.473000000000000114e+02,3.566000061035156250e+02,3.403999938964843750e+02,3.541000000000000227e+02,1.589220000000000000e+07
2.013100700000000000e+07,3.528000000000000114e+02,3.571000061035156250e+02,3.317999877929687500e+02,3.555000000000000000e+02,2.066260000000000000e+07
2.013101400000000000e+07,3.550000000000000000e+02,3.666000061035156250e+02,3.520000000000000000e+02,3.596000000000000227e+02,1.869990000000000000e+07
2.013102100000000000e+07,3.606000000000000227e+02,3.731380004882812500e+02,3.581749877929687500e+02,3.666000000000000227e+02,1.426780000000000000e+07
2.013102800000000000e+07,3.671000000000000227e+02,3.735000000000000000e+02,3.485000000000000000e+02,3.511000000000000227e+02,2.795170000000000000e+07
2.013110400000000000e+07,3.528999999999999773e+02,3.571000061035156250e+02,3.401199951171875000e+02,3.476000000000000227e+02,1.581610000000000000e+07
2.013111100000000000e+07,3.486000000000000227e+02,3.487999877929687500e+02,3.356149902343750000e+02,3.396999999999999886e+02,1.799720000000000000e+07
2.013111800000000000e+07,3.396000000000000227e+02,3.522000122070312500e+02,3.347250061035156250e+02,3.505000000000000000e+02,1.740430000000000000e+07
2.013112500000000000e+07,3.518999999999999773e+02,3.556530151367187500e+02,3.481000061035156250e+02,3.513999999999999773e+02,1.568390000000000000e+07
2.013120200000000000e+07,3.506000000000000227e+02,3.515000000000000000e+02,3.359620056152343750e+02,3.403999999999999773e+02,1.746270000000000000e+07
2.013120900000000000e+07,3.431999999999999886e+02,3.441000061035156250e+02,3.317000122070312500e+02,3.363000000000000114e+02,1.425890000000000000e+07
2.013121600000000000e+07,3.365000000000000000e+02,3.551000061035156250e+02,3.353999938964843750e+02,3.538000000000000114e+02,1.551180000000000000e+07
2.013122300000000000e+07,3.533000000000000114e+02,3.600000000000000000e+02,3.525000000000000000e+02,3.573000000000000114e+02,4.893400000000000000e+06
2.013123000000000000e+07,3.573999999999999773e+02,3.627000122070312500e+02,3.540270080566406250e+02,3.620000000000000000e+02,7.112800000000000000e+06
2.014010600000000000e+07,3.630000000000000000e+02,3.772000122070312500e+02,3.583999938964843750e+02,3.766999999999999886e+02,1.643280000000000000e+07
2.014011300000000000e+07,3.786000000000000227e+02,3.902999877929687500e+02,3.722999877929687500e+02,3.841999999999999886e+02,1.516080000000000000e+07
2.014012000000000000e+07,3.836000000000000227e+02,3.907000122070312500e+02,3.703999938964843750e+02,3.738000000000000114e+02,1.515960000000000000e+07
2.014012700000000000e+07,3.728999999999999773e+02,3.760000000000000000e+02,3.587000122070312500e+02,3.656000000000000227e+02,1.654170000000000000e+07
2.014020300000000000e+07,3.656999999999999886e+02,3.805000000000000000e+02,3.558999938964843750e+02,3.773000000000000114e+02,1.728500000000000000e+07
2.014021000000000000e+07,3.778999999999999773e+02,3.902000122070312500e+02,3.752000122070312500e+02,3.866999999999999886e+02,1.673980000000000000e+07
2.014021700000000000e+07,3.853999999999999773e+02,3.947000122070312500e+02,3.842999877929687500e+02,3.873999999999999773e+02,1.807360000000000000e+07
2.014022400000000000e+07,3.856999999999999886e+02,3.905000000000000000e+02,3.700000000000000000e+02,3.900000000000000000e+02,2.410170000000000000e+07
2.014030300000000000e+07,3.838999999999999773e+02,3.897000122070312500e+02,3.752999877929687500e+02,3.756999999999999886e+02,1.764150000000000000e+07
2.014031000000000000e+07,3.755000000000000000e+02,3.786000061035156250e+02,3.576000061035156250e+02,3.583999999999999773e+02,1.507740000000000000e+07
2.014031700000000000e+07,3.596000000000000227e+02,3.687999877929687500e+02,3.407000122070312500e+02,3.660000000000000000e+02,3.288810000000000000e+07
2.014032400000000000e+07,3.671000000000000227e+02,4.008999938964843750e+02,3.653999938964843750e+02,3.803000000000000114e+02,3.348810000000000000e+07
2.014033100000000000e+07,3.816000000000000227e+02,3.981000061035156250e+02,3.766000061035156250e+02,3.961999999999999886e+02,3.239790000000000000e+07
2.014040700000000000e+07,3.928000000000000114e+02,3.970000000000000000e+02,3.720000000000000000e+02,3.736999999999999886e+02,2.241460000000000000e+07
2.014041400000000000e+07,3.725000000000000000e+02,3.822739868164062500e+02,3.657999877929687500e+02,3.780000000000000000e+02,9.291300000000000000e+06
2.014042100000000000e+07,3.780000000000000000e+02,4.000199890136718750e+02,3.750000000000000000e+02,3.771999999999999886e+02,1.011100000000000000e+07
2.014042800000000000e+07,3.785000000000000000e+02,3.954800109863281250e+02,3.671000061035156250e+02,3.845000000000000000e+02,1.616710000000000000e+07
2.014050500000000000e+07,3.845000000000000000e+02,3.897999877929687500e+02,3.807999877929687500e+02,3.865000000000000000e+02,1.068240000000000000e+07
2.014051200000000000e+07,3.876000000000000227e+02,3.943840026855468750e+02,3.839190063476562500e+02,3.871999999999999886e+02,1.284830000000000000e+07
2.014051900000000000e+07,3.886000000000000227e+02,3.992999877929687500e+02,3.852229919433593750e+02,3.946000000000000227e+02,1.195420000000000000e+07
2.014052600000000000e+07,3.946000000000000227e+02,4.062999877929687500e+02,3.946000061035156250e+02,4.000000000000000000e+02,1.610000000000000000e+07
2.014060200000000000e+07,3.988999999999999773e+02,4.020249938964843750e+02,3.861019897460937500e+02,4.001000000000000227e+02,1.440690000000000000e+07
2.014060900000000000e+07,4.008000000000000114e+02,4.010530090332031250e+02,3.825000000000000000e+02,3.860000000000000000e+02,1.064360000000000000e+07
2.014061600000000000e+07,3.856000000000000227e+02,3.876000061035156250e+02,3.792000122070312500e+02,3.791999999999999886e+02,1.348370000000000000e+07
2.014062300000000000e+07,3.788000000000000114e+02,3.793999938964843750e+02,3.672749938964843750e+02,3.750000000000000000e+02,1.290370000000000000e+07
2.014063000000000000e+07,3.755000000000000000e+02,3.840620117187500000e+02,3.716579895019531250e+02,3.828000000000000114e+02,1.038750000000000000e+07
2.014070700000000000e+07,3.826999999999999886e+02,3.838999938964843750e+02,3.723179931640625000e+02,3.776999999999999886e+02,1.259370000000000000e+07
2.014071400000000000e+07,3.785000000000000000e+02,3.841000061035156250e+02,3.727000122070312500e+02,3.796000000000000227e+02,9.821500000000000000e+06
2.014072100000000000e+07,3.791000000000000227e+02,3.855000000000000000e+02,3.758999938964843750e+02,3.828000000000000114e+02,9.359700000000000000e+06
2.014072800000000000e+07,3.841999999999999886e+02,3.858999938964843750e+02,3.637999877929687500e+02,3.655000000000000000e+02,1.099100000000000000e+07
2.014080400000000000e+07,3.656999999999999886e+02,3.752999877929687500e+02,3.549630126953125000e+02,3.620000000000000000e+02,1.624190000000000000e+07
2.014081100000000000e+07,3.641999999999999886e+02,3.702999877929687500e+02,3.573999938964843750e+02,3.685000000000000000e+02,1.356350000000000000e+07
2.014081800000000000e+07,3.720000000000000000e+02,3.776000061035156250e+02,3.693359985351562500e+02,3.761000000000000227e+02,1.065260000000000000e+07
2.014082500000000000e+07,3.761000000000000227e+02,3.845000000000000000e+02,3.753129882812500000e+02,3.843999999999999773e+02,1.108530000000000000e+07
2.014090100000000000e+07,3.833000000000000114e+02,4.276000061035156250e+02,3.812999877929687500e+02,4.165000000000000000e+02,3.084950000000000000e+07
2.014090800000000000e+07,4.140000000000000000e+02,4.205000000000000000e+02,3.985000000000000000e+02,4.106000000000000227e+02,2.397220000000000000e+07
2.014091500000000000e+07,4.090000000000000000e+02,4.245000000000000000e+02,4.032839965820312500e+02,4.216000000000000227e+02,2.149290000000000000e+07
2.014092200000000000e+07,4.203000000000000114e+02,4.221000061035156250e+02,4.067000122070312500e+02,4.146999999999999886e+02,1.739670000000000000e+07
2.014092900000000000e+07,4.141000000000000227e+02,4.174809875488281250e+02,3.975000000000000000e+02,4.031000000000000227e+02,1.661980000000000000e+07
2.014100600000000000e+07,4.046999999999999886e+02,4.056000061035156250e+02,3.826000061035156250e+02,3.855000000000000000e+02,1.828180000000000000e+07
2.014101300000000000e+07,3.811999999999999886e+02,3.877000122070312500e+02,3.622999877929687500e+02,3.838999999999999773e+02,2.299770000000000000e+07
2.014102000000000000e+07,3.831000000000000227e+02,3.918890075683593750e+02,3.773999938964843750e+02,3.870000000000000000e+02,1.926140000000000000e+07
2.014102700000000000e+07,3.900000000000000000e+02,3.972000122070312500e+02,3.768999938964843750e+02,3.936999999999999886e+02,1.696720000000000000e+07
2.014110300000000000e+07,3.918000000000000114e+02,4.002000122070312500e+02,3.840000000000000000e+02,3.975000000000000000e+02,1.880850000000000000e+07
2.014111000000000000e+07,3.986000000000000227e+02,4.100000000000000000e+02,3.967000122070312500e+02,4.100000000000000000e+02,2.210820000000000000e+07
2.014111700000000000e+07,4.063000000000000114e+02,4.181799926757812500e+02,4.058999938964843750e+02,4.156000000000000227e+02,1.302460000000000000e+07
2.014112400000000000e+07,4.160000000000000000e+02,4.263999938964843750e+02,4.120000000000000000e+02,4.240000000000000000e+02,1.629950000000000000e+07
2.014120100000000000e+07,4.216000000000000227e+02,4.292999877929687500e+02,4.175000000000000000e+02,4.263000000000000114e+02,1.266930000000000000e+07
2.014120800000000000e+07,4.248999999999999773e+02,4.249500122070312500e+02,3.915000000000000000e+02,3.916000000000000227e+02,1.453880000000000000e+07
2.014121500000000000e+07,3.911999999999999886e+02,4.112999877929687500e+02,3.813999938964843750e+02,4.095000000000000000e+02,2.175500000000000000e+07
2.014122200000000000e+07,4.116000000000000227e+02,4.155000000000000000e+02,4.055000000000000000e+02,4.088000000000000114e+02,4.613800000000000000e+06
2.014122900000000000e+07,4.108000000000000114e+02,4.107999877929687500e+02,3.952000122070312500e+02,3.996999999999999886e+02,7.072600000000000000e+06
2.015010500000000000e+07,3.981000000000000227e+02,4.015000000000000000e+02,3.812000122070312500e+02,3.883000000000000114e+02,1.661220000000000000e+07
2.015011200000000000e+07,3.888999999999999773e+02,3.952999877929687500e+02,3.722799987792968750e+02,3.940000000000000000e+02,1.835970000000000000e+07
2.015011900000000000e+07,3.941999999999999886e+02,4.064500122070312500e+02,3.931250000000000000e+02,4.038000000000000114e+02,1.467410000000000000e+07
2.015012600000000000e+07,4.021999999999999886e+02,4.087500000000000000e+02,3.986000061035156250e+02,4.030000000000000000e+02,1.447190000000000000e+07
2.015020200000000000e+07,4.028999999999999773e+02,4.095000000000000000e+02,3.957000122070312500e+02,4.053999999999999773e+02,1.369140000000000000e+07
2.015020900000000000e+07,4.023000000000000114e+02,4.035000000000000000e+02,3.941000061035156250e+02,3.991999999999999886e+02,1.176710000000000000e+07
2.015021600000000000e+07,4.005000000000000000e+02,4.250000000000000000e+02,3.967999877929687500e+02,4.196000000000000227e+02,1.966850000000000000e+07
2.015022300000000000e+07,4.228999999999999773e+02,5.232329711914062500e+02,4.190000000000000000e+02,5.204220000000000255e+02,1.606480000000000000e+07
2.015030200000000000e+07,5.190779999999999745e+02,5.439329833984375000e+02,5.101560058593750000e+02,5.438890000000000100e+02,2.398100000000000000e+07
2.015030900000000000e+07,5.409560000000000173e+02,5.625889892578125000e+02,5.377780151367187500e+02,5.573329999999999700e+02,3.110560000000000000e+07
2.015031600000000000e+07,4.650000000000000000e+02,4.866000061035156250e+02,4.608999938964843750e+02,4.866000000000000227e+02,3.647910000000000000e+07
2.015032300000000000e+07,4.810000000000000000e+02,4.873999938964843750e+02,4.717999877929687500e+02,4.770000000000000000e+02,2.390700000000000000e+07
2.015033000000000000e+07,4.818000000000000114e+02,4.838999938964843750e+02,4.728999938964843750e+02,4.800000000000000000e+02,2.915520000000000000e+07
2.015040600000000000e+07,4.800000000000000000e+02,4.869299926757812500e+02,4.667999877929687500e+02,4.776999999999999886e+02,2.168450000000000000e+07
2.015041300000000000e+07,4.775000000000000000e+02,4.782600097656250000e+02,4.592999877929687500e+02,4.613999999999999773e+02,3.021010000000000000e+07
2.015042000000000000e+07,4.611999999999999886e+02,4.747999877929687500e+02,4.602999877929687500e+02,4.698999999999999773e+02,2.415770000000000000e+07
2.015042700000000000e+07,4.710000000000000000e+02,4.760000000000000000e+02,4.582000122070312500e+02,4.668000000000000114e+02,3.173820000000000000e+07
2.015050400000000000e+07,4.668000000000000114e+02,4.821000061035156250e+02,4.573999938964843750e+02,4.751000000000000227e+02,2.669910000000000000e+07
2.015051100000000000e+07,4.731999999999999886e+02,4.830000000000000000e+02,4.661000061035156250e+02,4.810000000000000000e+02,1.876640000000000000e+07
2.015051800000000000e+07,4.813999999999999773e+02,5.056799926757812500e+02,4.777999877929687500e+02,4.998999999999999773e+02,2.024400000000000000e+07
2.015052500000000000e+07,4.998999999999999773e+02,5.010000000000000000e+02,4.862000122070312500e+02,4.876999999999999886e+02,1.468630000000000000e+07
2.015060100000000000e+07,4.893000000000000114e+02,4.916000061035156250e+02,4.686400146484375000e+02,4.721999999999999886e+02,1.532630000000000000e+07
2.015060800000000000e+07,4.713000000000000114e+02,4.797000122070312500e+02,4.648999938964843750e+02,4.743000000000000114e+02,1.235250000000000000e+07
2.015061500000000000e+07,4.710000000000000000e+02,4.767000122070312500e+02,4.630000000000000000e+02,4.730000000000000000e+02,1.638580000000000000e+07
2.015062200000000000e+07,4.711000000000000227e+02,4.871000061035156250e+02,4.702999877929687500e+02,4.761999999999999886e+02,1.769310000000000000e+07
2.015062900000000000e+07,4.650000000000000000e+02,4.687000122070312500e+02,4.406000061035156250e+02,4.438000000000000114e+02,1.978900000000000000e+07
2.015070600000000000e+07,4.418999999999999773e+02,4.537000122070312500e+02,4.250000000000000000e+02,4.523000000000000114e+02,2.114640000000000000e+07
2.015071300000000000e+07,4.593000000000000114e+02,4.651000061035156250e+02,4.522000122070312500e+02,4.638999999999999773e+02,1.401060000000000000e+07
2.015072000000000000e+07,4.626000000000000227e+02,4.687000122070312500e+02,4.465000000000000000e+02,4.471000000000000227e+02,1.254980000000000000e+07
2.015072700000000000e+07,4.458000000000000114e+02,4.563999938964843750e+02,4.405000000000000000e+02,4.543999999999999773e+02,1.407040000000000000e+07
2.015080300000000000e+07,4.495000000000000000e+02,4.563999938964843750e+02,4.367999877929687500e+02,4.418999999999999773e+02,2.244050000000000000e+07
2.015081000000000000e+07,4.436000000000000227e+02,4.465000000000000000e+02,4.328999938964843750e+02,4.401999999999999886e+02,1.672300000000000000e+07
2.015081700000000000e+07,4.440000000000000000e+02,4.460000000000000000e+02,4.277149963378906250e+02,4.278000000000000114e+02,1.875680000000000000e+07
2.015082400000000000e+07,4.148999999999999773e+02,4.187000122070312500e+02,3.893999938964843750e+02,4.161000000000000227e+02,2.758630000000000000e+07
2.015083100000000000e+07,4.161000000000000227e+02,4.161000061035156250e+02,3.967999877929687500e+02,4.021000000000000227e+02,1.769880000000000000e+07
2.015090700000000000e+07,4.066000000000000227e+02,4.288999938964843750e+02,4.046000061035156250e+02,4.085000000000000000e+02,1.515190000000000000e+07
2.015091400000000000e+07,4.101999999999999886e+02,4.188999938964843750e+02,3.932000122070312500e+02,3.998999999999999773e+02,2.393750000000000000e+07
2.015092100000000000e+07,3.981000000000000227e+02,4.032000122070312500e+02,3.797999877929687500e+02,3.951000000000000227e+02,1.918490000000000000e+07
2.015092800000000000e+07,3.945000000000000000e+02,4.022999877929687500e+02,3.755000000000000000e+02,3.968000000000000114e+02,1.616780000000000000e+07
2.015100500000000000e+07,4.043000000000000114e+02,4.282999877929687500e+02,4.017000122070312500e+02,4.246000000000000227e+02,1.447790000000000000e+07
2.015101200000000000e+07,4.233000000000000114e+02,4.257000122070312500e+02,4.045000000000000000e+02,4.113999999999999773e+02,1.081400000000000000e+07
2.015101900000000000e+07,4.096000000000000227e+02,4.232999877929687500e+02,4.068710021972656250e+02,4.226999999999999886e+02,1.421360000000000000e+07
2.015102600000000000e+07,4.213000000000000114e+02,4.277999877929687500e+02,4.180000000000000000e+02,4.208999999999999773e+02,1.860280000000000000e+07
2.015110200000000000e+07,4.181999999999999886e+02,4.241000061035156250e+02,4.114140014648437500e+02,4.171999999999999886e+02,1.219660000000000000e+07
2.015110900000000000e+07,4.186999999999999886e+02,4.193399963378906250e+02,3.940429992675781250e+02,3.956000000000000227e+02,1.325510000000000000e+07
2.015111600000000000e+07,3.933999999999999773e+02,4.072000122070312500e+02,3.922000122070312500e+02,4.058000000000000114e+02,1.529360000000000000e+07
2.015112300000000000e+07,4.038999999999999773e+02,4.187000122070312500e+02,3.987699890136718750e+02,4.181000000000000227e+02,1.930380000000000000e+07
2.015113000000000000e+07,4.173000000000000114e+02,4.191000061035156250e+02,3.971000061035156250e+02,3.986000000000000227e+02,1.833180000000000000e+07
2.015120700000000000e+07,4.013999999999999773e+02,4.057000122070312500e+02,3.768420104980468750e+02,3.773000000000000114e+02,1.366450000000000000e+07
2.015121400000000000e+07,3.788000000000000114e+02,3.862999877929687500e+02,3.657000122070312500e+02,3.743999999999999773e+02,2.113010000000000000e+07
2.015122100000000000e+07,3.730000000000000000e+02,3.962680053710937500e+02,3.730000000000000000e+02,3.951999999999999886e+02,8.405500000000000000e+06
2.015122800000000000e+07,3.951999999999999886e+02,3.982999877929687500e+02,3.715000000000000000e+02,3.728000000000000114e+02,8.099400000000000000e+06
2.016010400000000000e+07,3.856000000000000227e+02,3.910000000000000000e+02,3.532000122070312500e+02,3.630000000000000000e+02,2.401600000000000000e+07
2.016011100000000000e+07,3.686999999999999886e+02,3.778999938964843750e+02,3.587000122070312500e+02,3.608999999999999773e+02,2.417980000000000000e+07
2.016011800000000000e+07,3.596000000000000227e+02,3.693710021972656250e+02,3.457999877929687500e+02,3.638999999999999773e+02,2.235290000000000000e+07
2.016012500000000000e+07,3.666999999999999886e+02,3.678949890136718750e+02,3.496000061035156250e+02,3.635000000000000000e+02,2.175610000000000000e+07
2.016020100000000000e+07,3.661000000000000227e+02,3.673999938964843750e+02,3.413999938964843750e+02,3.535000000000000000e+02,2.813040000000000000e+07
2.016020800000000000e+07,3.556999999999999886e+02,3.612999877929687500e+02,3.247000122070312500e+02,3.333999999999999773e+02,2.728300000000000000e+07
2.016021500000000000e+07,3.391999999999999886e+02,3.520000000000000000e+02,3.332999877929687500e+02,3.368000000000000114e+02,3.659130000000000000e+07
2.016022200000000000e+07,3.396000000000000227e+02,3.432000122070312500e+02,3.148999938964843750e+02,3.328000000000000114e+02,2.789130000000000000e+07
