2.006120400000000000e+07,2.070759999999999934e+02,2.095130004882812500e+02,2.030160064697265625e+02,2.058580000000000041e+02,1.681100000000000000e+06
2.006121100000000000e+07,2.086999999999999886e+02,2.346869964599609375e+02,2.086999969482421875e+02,2.314379999999999882e+02,2.162500000000000000e+06
2.006121800000000000e+07,2.354989999999999952e+02,2.354989929199218750e+02,2.080509948730468750e+02,2.123549999999999898e+02,1.308300000000000000e+06
2.006122500000000000e+07,2.123549999999999898e+02,2.141009979248046875e+02,2.086999969482421875e+02,2.115430000000000064e+02,5.940000000000000000e+04
2.007010100000000000e+07,2.115430000000000064e+02,2.395590057373046875e+02,2.115429992675781250e+02,2.200689999999999884e+02,2.712100000000000000e+06
2.007010800000000000e+07,2.233180000000000121e+02,2.387469940185546875e+02,2.151970062255859375e+02,2.298139999999999930e+02,2.788500000000000000e+06
2.007011500000000000e+07,2.354989999999999952e+02,2.379349975585937500e+02,2.233179931640625000e+02,2.265660000000000025e+02,1.203500000000000000e+06
2.007012200000000000e+07,2.233180000000000121e+02,2.290019989013671875e+02,2.100000000000000000e+02,2.131670000000000016e+02,3.674000000000000000e+05
2.007012900000000000e+07,2.151970000000000027e+02,2.184450073242187500e+02,2.113399963378906250e+02,2.184449999999999932e+02,1.081900000000000000e+06
2.007020500000000000e+07,2.192570000000000050e+02,2.290019989013671875e+02,2.192570037841796875e+02,2.253480000000000132e+02,3.560000000000000000e+05
2.007021200000000000e+07,2.257539999999999907e+02,2.283439941406250000e+02,2.194600067138671875e+02,2.245360000000000014e+02,5.693000000000000000e+05
2.007021900000000000e+07,2.273779999999999859e+02,2.354989929199218750e+02,2.225059967041015625e+02,2.318439999999999941e+02,1.195000000000000000e+05
2.007022600000000000e+07,2.354989999999999952e+02,2.434160003662109375e+02,2.306260070800781250e+02,2.314379999999999882e+02,5.874000000000000000e+05
2.007030500000000000e+07,2.273779999999999859e+02,2.290019989013671875e+02,2.208809967041015625e+02,2.277839999999999918e+02,3.539000000000000000e+05
2.007031200000000000e+07,2.290020000000000095e+02,2.436190032958984375e+02,2.241300048828125000e+02,2.346870000000000118e+02,2.962100000000000000e+06
2.007031900000000000e+07,2.389499999999999886e+02,2.409799957275390625e+02,2.330619964599609375e+02,2.367170000000000130e+02,3.550000000000000000e+06
2.007032600000000000e+07,2.391529999999999916e+02,2.508549957275390625e+02,2.347429962158203125e+02,2.456490000000000009e+02,2.156200000000000000e+06
2.007040200000000000e+07,2.468669999999999902e+02,2.606730041503906250e+02,2.436190032958984375e+02,2.517400000000000091e+02,1.133800000000000000e+06
2.007040900000000000e+07,2.517400000000000091e+02,2.565310058593750000e+02,2.405970001220703125e+02,2.417920000000000016e+02,2.675700000000000000e+06
2.007041600000000000e+07,2.424010000000000105e+02,2.436190032958984375e+02,2.338739929199218750e+02,2.361080000000000041e+02,6.305000000000000000e+05
2.007042300000000000e+07,2.361080000000000041e+02,2.402899932861328125e+02,2.258110046386718750e+02,2.273779999999999859e+02,3.276000000000000000e+05
2.007043000000000000e+07,2.273779999999999859e+02,2.334199981689453125e+02,2.111369934082031250e+02,2.127609999999999957e+02,1.482000000000000000e+06
2.007050700000000000e+07,2.127609999999999957e+02,2.127610015869140625e+02,1.613979949951171875e+02,1.810900000000000034e+02,1.932500000000000000e+06
2.007051400000000000e+07,1.842980000000000018e+02,1.842980041503906250e+02,1.503130035400390625e+02,1.806839999999999975e+02,5.401000000000000000e+05
2.007052100000000000e+07,1.786539999999999964e+02,1.827140045166015625e+02,1.725639953613281250e+02,1.782479999999999905e+02,2.620000000000000000e+05
2.007052800000000000e+07,1.782479999999999905e+02,1.814960021972656250e+02,1.626159973144531250e+02,1.737820000000000107e+02,2.333000000000000000e+05
2.007060400000000000e+07,1.737820000000000107e+02,1.819019927978515625e+02,1.624129943847656250e+02,1.705329999999999870e+02,6.953000000000000000e+05
2.007061100000000000e+07,1.664730000000000132e+02,1.713619995117187500e+02,1.583520050048828125e+02,1.603830000000000098e+02,2.141000000000000000e+05
2.007061800000000000e+07,1.646459999999999866e+02,1.735789947509765625e+02,1.591649932861328125e+02,1.595709999999999980e+02,4.858000000000000000e+05
2.007062500000000000e+07,1.583520000000000039e+02,1.678939971923828125e+02,1.488110046386718750e+02,1.678940000000000055e+02,9.825000000000000000e+05
2.007070200000000000e+07,1.624130000000000109e+02,1.689909973144531250e+02,1.551040039062500000e+02,1.628189999999999884e+02,6.277000000000000000e+05
2.007070900000000000e+07,1.656610000000000014e+02,1.841360015869140625e+02,1.626159973144531250e+02,1.770300000000000011e+02,4.970000000000000000e+05
2.007071600000000000e+07,1.754060000000000059e+02,2.046399993896484375e+02,1.752030029296875000e+02,1.942860000000000014e+02,8.113000000000000000e+05
2.007072300000000000e+07,1.940829999999999984e+02,1.997680053710937500e+02,1.640370025634765625e+02,1.705329999999999870e+02,2.274100000000000000e+06
2.007073000000000000e+07,1.689089999999999918e+02,1.835260009765625000e+02,1.689089965820312500e+02,1.786539999999999964e+02,6.772000000000000000e+05
2.007080600000000000e+07,1.806839999999999975e+02,1.827140045166015625e+02,1.721580047607421875e+02,1.827139999999999986e+02,5.188000000000000000e+05
2.007081300000000000e+07,1.821049999999999898e+02,1.843390045166015625e+02,1.506380004882812500e+02,1.674879999999999995e+02,4.121000000000000000e+05
2.007082000000000000e+07,1.656610000000000014e+02,1.707359924316406250e+02,1.636309967041015625e+02,1.666759999999999877e+02,4.666000000000000000e+05
2.007082700000000000e+07,1.666759999999999877e+02,1.924589996337890625e+02,1.666759948730468750e+02,1.810900000000000034e+02,1.890000000000000000e+05
2.007090300000000000e+07,1.790600000000000023e+02,1.849069976806640625e+02,1.745939941406250000e+02,1.786539999999999964e+02,1.306000000000000000e+05
2.007091000000000000e+07,1.806839999999999975e+02,1.806840057373046875e+02,1.719550018310546875e+02,1.762179999999999893e+02,9.211000000000000000e+05
2.007091700000000000e+07,1.786539999999999964e+02,1.908350067138671875e+02,1.722630004882812500e+02,1.825109999999999957e+02,2.876700000000000000e+06
2.007092400000000000e+07,1.851510000000000105e+02,1.867749938964843750e+02,1.786540069580078125e+02,1.863689999999999998e+02,3.319400000000000000e+06
2.007100100000000000e+07,1.867750000000000057e+02,2.086999969482421875e+02,1.843390045166015625e+02,1.942860000000000014e+02,1.409500000000000000e+06
2.007100800000000000e+07,1.948950000000000102e+02,2.131670074462890625e+02,1.916470031738281250e+02,2.103249999999999886e+02,8.838000000000000000e+05
2.007101500000000000e+07,2.127609999999999957e+02,3.045239868164062500e+02,2.119490051269531250e+02,2.151970000000000027e+02,1.659300000000000000e+06
2.007102200000000000e+07,2.168209999999999980e+02,2.176329956054687500e+02,2.013509979248046875e+02,2.078880000000000052e+02,8.921000000000000000e+05
2.007102900000000000e+07,2.078880000000000052e+02,2.237239990234375000e+02,2.034219970703125000e+02,2.151970000000000027e+02,5.145000000000000000e+05
2.007110500000000000e+07,2.151970000000000027e+02,2.151970062255859375e+02,1.940829925537109375e+02,2.030159999999999911e+02,1.290000000000000000e+06
2.007111200000000000e+07,2.030159999999999911e+02,2.054519958496093750e+02,1.810899963378906250e+02,1.973319999999999936e+02,4.096000000000000000e+05
2.007111900000000000e+07,1.948950000000000102e+02,1.989149932861328125e+02,1.875870056152343750e+02,1.912410000000000139e+02,3.773000000000000000e+05
2.007112600000000000e+07,1.922560000000000002e+02,2.030160064697265625e+02,1.851510009765625000e+02,2.030159999999999911e+02,2.669000000000000000e+05
2.007120300000000000e+07,1.997680000000000007e+02,2.269720001220703125e+02,1.997270050048828125e+02,2.017980000000000018e+02,6.517000000000000000e+05
2.007121000000000000e+07,2.036250000000000000e+02,2.160090026855468750e+02,1.993619995117187500e+02,2.099190000000000111e+02,3.997000000000000000e+05
2.007121700000000000e+07,2.109339999999999975e+02,2.133699951171875000e+02,2.030160064697265625e+02,2.133700000000000045e+02,1.325000000000000000e+05
2.007122400000000000e+07,2.111370000000000005e+02,2.151970062255859375e+02,2.040310058593750000e+02,2.040310000000000059e+02,7.660000000000000000e+04
2.007123100000000000e+07,2.046399999999999864e+02,2.192570037841796875e+02,2.009859924316406250e+02,2.182419999999999902e+02,1.584300000000000000e+06
2.008010700000000000e+07,2.176330000000000098e+02,2.458520050048828125e+02,2.160090026855468750e+02,2.216930000000000121e+02,3.873000000000000000e+05
2.008011400000000000e+07,2.233180000000000121e+02,2.517400054931640625e+02,2.166179962158203125e+02,2.292050000000000125e+02,3.196000000000000000e+05
2.008012100000000000e+07,2.243329999999999984e+02,2.340919952392578125e+02,2.013919982910156250e+02,2.273779999999999859e+02,1.871100000000000000e+06
2.008012800000000000e+07,2.330620000000000118e+02,2.338739929199218750e+02,2.225059967041015625e+02,2.306260000000000048e+02,2.231000000000000000e+05
2.008020400000000000e+07,2.306260000000000048e+02,2.306260070800781250e+02,2.184450073242187500e+02,2.273779999999999859e+02,3.677000000000000000e+05
2.008021100000000000e+07,2.218959999999999866e+02,2.346869964599609375e+02,2.218959960937500000e+02,2.314379999999999882e+02,1.317000000000000000e+05
2.008021800000000000e+07,2.273779999999999859e+02,2.476799926757812500e+02,2.208809967041015625e+02,2.436189999999999998e+02,2.496000000000000000e+05
2.008022500000000000e+07,2.436189999999999998e+02,2.511309967041015625e+02,2.298139953613281250e+02,2.387470000000000141e+02,5.053000000000000000e+05
2.008030300000000000e+07,2.363110000000000070e+02,2.698080139160156250e+02,2.363110046386718750e+02,2.590480000000000018e+02,5.080000000000000000e+05
2.008031000000000000e+07,2.602669999999999959e+02,2.602669982910156250e+02,2.273780059814453125e+02,2.371229999999999905e+02,1.756000000000000000e+05
2.008031700000000000e+07,2.387470000000000141e+02,2.452429962158203125e+02,2.273780059814453125e+02,2.359050000000000011e+02,8.193400000000000000e+06
2.008032400000000000e+07,2.359050000000000011e+02,2.478829956054687500e+02,2.269720001220703125e+02,2.395589999999999975e+02,9.960000000000000000e+05
2.008033100000000000e+07,2.428069999999999879e+02,2.523489990234375000e+02,2.290019989013671875e+02,2.493040000000000020e+02,1.294300000000000000e+06
2.008040700000000000e+07,2.482889999999999873e+02,2.558000030517578125e+02,2.379349975585937500e+02,2.558000000000000114e+02,1.265600000000000000e+06
2.008041400000000000e+07,2.460550000000000068e+02,2.521459960937500000e+02,2.436190032958984375e+02,2.509279999999999973e+02,6.190000000000000000e+05
2.008042100000000000e+07,2.462580000000000098e+02,2.661539916992187500e+02,2.462579956054687500e+02,2.582359999999999900e+02,9.276000000000000000e+05
2.008042800000000000e+07,2.495070000000000050e+02,2.801619873046875000e+02,2.491410064697265625e+02,2.691990000000000123e+02,2.261900000000000000e+06
2.008050500000000000e+07,2.691990000000000123e+02,2.691990051269531250e+02,2.408739929199218750e+02,2.484919999999999902e+02,2.473300000000000000e+06
2.008051200000000000e+07,2.517400000000000091e+02,2.643269958496093750e+02,2.444309997558593750e+02,2.513340000000000032e+02,1.318600000000000000e+06
2.008051900000000000e+07,2.517400000000000091e+02,2.761019897460937500e+02,2.480859985351562500e+02,2.730570000000000164e+02,3.346300000000000000e+06
2.008052600000000000e+07,2.730570000000000164e+02,2.832070007324218750e+02,2.582359924316406250e+02,2.763050000000000068e+02,1.293500000000000000e+06
2.008060200000000000e+07,2.702139999999999986e+02,2.915310058593750000e+02,2.560029907226562500e+02,2.720409999999999968e+02,1.602200000000000000e+06
2.008060900000000000e+07,2.681840000000000259e+02,2.986369934082031250e+02,2.614849853515625000e+02,2.659510000000000218e+02,4.170000000000000000e+06
2.008061600000000000e+07,2.708229999999999791e+02,2.838160095214843750e+02,2.560029907226562500e+02,2.708229999999999791e+02,5.203700000000000000e+06
2.008062300000000000e+07,2.761019999999999754e+02,2.803649902343750000e+02,2.598599853515625000e+02,2.669660000000000082e+02,3.057800000000000000e+06
2.008063000000000000e+07,2.736659999999999968e+02,2.736659851074218750e+02,2.476799926757812500e+02,2.551910000000000025e+02,1.931900000000000000e+06
2.008070700000000000e+07,2.592509999999999764e+02,2.679809875488281250e+02,2.450809936523437500e+02,2.541759999999999877e+02,2.317300000000000000e+06
2.008071400000000000e+07,2.580330000000000155e+02,2.612820129394531250e+02,2.192570037841796875e+02,2.296109999999999900e+02,3.499200000000000000e+06
2.008072100000000000e+07,2.296109999999999900e+02,2.314380035400390625e+02,2.151970062255859375e+02,2.233180000000000121e+02,2.762900000000000000e+06
2.008072800000000000e+07,2.210840000000000032e+02,2.355390014648437500e+02,2.119490051269531250e+02,2.243329999999999984e+02,2.246800000000000000e+06
2.008080400000000000e+07,2.216930000000000121e+02,2.314380035400390625e+02,1.943679962158203125e+02,1.979410000000000025e+02,2.490500000000000000e+06
2.008081100000000000e+07,1.959099999999999966e+02,2.058580017089843750e+02,1.888049926757812500e+02,1.995649999999999977e+02,4.103400000000000000e+06
2.008081800000000000e+07,1.950980000000000132e+02,2.257539978027343750e+02,1.950980072021484375e+02,2.233180000000000121e+02,4.163900000000000000e+06
2.008082500000000000e+07,2.233180000000000121e+02,2.352960052490234375e+02,2.160090026855468750e+02,2.192570000000000050e+02,2.484400000000000000e+06
2.008090100000000000e+07,2.192570000000000050e+02,2.192570037841796875e+02,1.924589996337890625e+02,1.946920000000000073e+02,3.945000000000000000e+06
2.008090800000000000e+07,2.013919999999999959e+02,2.013919982910156250e+02,1.721580047607421875e+02,1.774360000000000070e+02,4.001500000000000000e+06
2.008091500000000000e+07,1.745939999999999941e+02,1.851510009765625000e+02,1.449049987792968750e+02,1.613979999999999961e+02,4.913700000000000000e+06
2.008092200000000000e+07,1.583520000000000039e+02,1.731730041503906250e+02,1.512469940185546875e+02,1.705329999999999870e+02,3.813900000000000000e+06
2.008092900000000000e+07,1.680970000000000084e+02,1.719550018310546875e+02,1.303359985351562500e+02,1.396750000000000114e+02,1.498900000000000000e+06
2.008100600000000000e+07,1.380509999999999877e+02,1.433289947509765625e+02,9.886900329589843750e+01,1.049590000000000032e+02,1.545000000000000000e+06
2.008101300000000000e+07,1.008990000000000009e+02,1.258700027465820312e+02,7.605000305175781250e+01,8.831199999999999761e+01,2.224200000000000000e+06
2.008102000000000000e+07,8.750000000000000000e+01,1.051829986572265625e+02,6.151399993896484375e+01,6.658899999999999864e+01,2.173600000000000000e+06
2.008102700000000000e+07,6.516800000000000637e+01,1.486080017089843750e+02,5.791999816894531250e+01,1.398779999999999859e+02,3.005300000000000000e+06
2.008110300000000000e+07,1.380509999999999877e+02,1.449530029296875000e+02,1.017109985351562500e+02,1.053649999999999949e+02,2.007100000000000000e+06
2.008111000000000000e+07,1.124710000000000036e+02,1.287120056152343750e+02,8.384600067138671875e+01,8.871800000000000352e+01,1.632500000000000000e+06
2.008111700000000000e+07,9.115399999999999636e+01,9.419899749755859375e+01,6.638600158691406250e+01,6.638599999999999568e+01,2.887700000000000000e+06
2.008112400000000000e+07,6.760399999999999920e+01,1.066439971923828125e+02,6.679199981689453125e+01,1.031320000000000050e+02,2.957200000000000000e+06
2.008120100000000000e+07,1.041470000000000056e+02,1.062590026855468750e+02,7.714600372314453125e+01,7.795799999999999841e+01,3.294300000000000000e+06
2.008120800000000000e+07,8.181499999999999773e+01,9.765100097656250000e+01,8.059700012207031250e+01,9.379300000000000637e+01,2.301300000000000000e+06
2.008121500000000000e+07,9.399599999999999511e+01,1.024909973144531250e+02,8.607900238037109375e+01,1.019140000000000015e+02,4.222900000000000000e+06
2.008122200000000000e+07,1.045529999999999973e+02,1.080049972534179688e+02,9.602700042724609375e+01,1.008990000000000009e+02,1.117200000000000000e+06
2.008122900000000000e+07,1.023199999999999932e+02,1.116589965820312500e+02,9.582399749755859375e+01,1.086140000000000043e+02,6.209000000000000000e+05
2.009010500000000000e+07,1.061770000000000067e+02,1.214039993286132812e+02,9.988400268554687500e+01,1.017109999999999985e+02,1.312200000000000000e+06
2.009011200000000000e+07,1.019140000000000015e+02,1.044520034790039062e+02,9.176300048828125000e+01,9.176300000000000523e+01,1.274500000000000000e+06
2.009011900000000000e+07,9.419899999999999807e+01,1.008990020751953125e+02,8.526699829101562500e+01,8.689100000000000534e+01,1.025800000000000000e+06
2.009012600000000000e+07,9.034199999999999875e+01,9.440200042724609375e+01,7.349199676513671875e+01,8.993600000000000705e+01,1.472400000000000000e+06
2.009020200000000000e+07,9.013899999999999579e+01,9.338700103759765625e+01,8.222100067138671875e+01,9.115399999999999636e+01,3.394000000000000000e+05
2.009020900000000000e+07,9.379300000000000637e+01,9.379299926757812500e+01,8.364299774169921875e+01,8.810899999999999466e+01,1.657800000000000000e+06
2.009021600000000000e+07,8.607899999999999352e+01,8.689099884033203125e+01,8.140899658203125000e+01,8.283100000000000307e+01,1.079500000000000000e+06
2.009022300000000000e+07,8.303400000000000603e+01,8.689099884033203125e+01,7.633399963378906250e+01,8.140900000000000603e+01,1.288700000000000000e+06
2.009030200000000000e+07,8.445499999999999829e+01,8.445500183105468750e+01,7.937899780273437500e+01,8.364300000000000068e+01,1.436200000000000000e+06
2.009030900000000000e+07,8.181499999999999773e+01,1.080049972534179688e+02,8.080000305175781250e+01,9.724500000000000455e+01,1.188500000000000000e+06
2.009031600000000000e+07,9.886899999999999977e+01,1.152720031738281250e+02,9.501100158691406250e+01,1.017109999999999985e+02,2.158100000000000000e+06
2.009032300000000000e+07,1.015079999999999956e+02,1.185609970092773438e+02,9.765100097656250000e+01,1.092229999999999990e+02,9.468000000000000000e+05
2.009033000000000000e+07,1.096290000000000049e+02,1.248550033569335938e+02,9.968099975585937500e+01,1.224189999999999969e+02,2.929600000000000000e+06
2.009040600000000000e+07,1.226219999999999999e+02,1.437350006103515625e+02,1.205920028686523438e+02,1.427199999999999989e+02,1.033000000000000000e+06
2.009041300000000000e+07,1.427199999999999989e+02,1.587749938964843750e+02,1.398780059814453125e+02,1.542920000000000016e+02,2.267200000000000000e+06
2.009042000000000000e+07,1.559159999999999968e+02,1.559160003662109375e+02,1.281029968261718750e+02,1.404869999999999948e+02,1.658800000000000000e+06
2.009042700000000000e+07,1.384569999999999936e+02,1.421109924316406250e+02,1.314530029296875000e+02,1.352090000000000032e+02,1.040200000000000000e+06
2.009050400000000000e+07,1.352090000000000032e+02,1.398780059814453125e+02,1.323659973144531250e+02,1.358180000000000121e+02,2.366800000000000000e+06
2.009051100000000000e+07,1.394720000000000084e+02,1.502319946289062500e+02,1.315540008544921875e+02,1.378480000000000132e+02,4.000820000000000000e+07
2.009051800000000000e+07,1.382539999999999907e+02,1.559160003662109375e+02,1.354120025634765625e+02,1.510440000000000111e+02,2.149700000000000000e+06
2.009052500000000000e+07,1.510440000000000111e+02,1.589620056152343750e+02,1.441410064697265625e+02,1.557129999999999939e+02,1.502700000000000000e+06
2.009060100000000000e+07,1.559159999999999968e+02,1.770299987792968750e+02,1.559160003662109375e+02,1.583520000000000039e+02,3.390400000000000000e+06
2.009060800000000000e+07,1.571339999999999861e+02,1.650520019531250000e+02,1.479989929199218750e+02,1.557129999999999939e+02,1.998900000000000000e+06
2.009061500000000000e+07,1.520589999999999975e+02,1.599770050048828125e+02,1.467810058593750000e+02,1.500289999999999964e+02,3.064400000000000000e+06
2.009062200000000000e+07,1.508410000000000082e+02,1.589620056152343750e+02,1.368410034179687500e+02,1.559159999999999968e+02,1.927100000000000000e+06
2.009062900000000000e+07,1.542920000000000016e+02,1.638339996337890625e+02,1.510440063476562500e+02,1.549010000000000105e+02,1.935400000000000000e+06
2.009070600000000000e+07,1.486080000000000041e+02,1.502319946289062500e+02,1.364270019531250000e+02,1.380509999999999877e+02,1.214500000000000000e+06
2.009071300000000000e+07,1.370360000000000014e+02,1.573370056152343750e+02,1.325690002441406250e+02,1.508410000000000082e+02,2.043300000000000000e+06
2.009072000000000000e+07,1.522620000000000005e+02,1.592460021972656250e+02,1.512469940185546875e+02,1.587589999999999861e+02,1.544900000000000000e+06
2.009072700000000000e+07,1.599770000000000039e+02,1.621690063476562500e+02,1.542920074462890625e+02,1.620070000000000050e+02,8.156000000000000000e+05
2.009080300000000000e+07,1.599770000000000039e+02,1.724819946289062500e+02,1.572969970703125000e+02,1.704519999999999982e+02,1.557900000000000000e+06
2.009081000000000000e+07,1.705329999999999870e+02,1.732940063476562500e+02,1.599770050048828125e+02,1.701270000000000095e+02,1.201600000000000000e+06
2.009081700000000000e+07,1.680970000000000084e+02,1.706959991455078125e+02,1.568099975585937500e+02,1.697210000000000036e+02,8.833000000000000000e+05
2.009082400000000000e+07,1.697210000000000036e+02,1.710209960937500000e+02,1.641990051269531250e+02,1.675289999999999964e+02,9.642000000000000000e+05
2.009083100000000000e+07,1.675289999999999964e+02,1.675290069580078125e+02,1.519369964599609375e+02,1.623319999999999936e+02,1.647400000000000000e+06
2.009090700000000000e+07,1.619259999999999877e+02,1.737819976806640625e+02,1.581089935302734375e+02,1.709389999999999930e+02,4.909700000000000000e+06
2.009091400000000000e+07,1.705329999999999870e+02,1.867749938964843750e+02,1.640370025634765625e+02,1.867750000000000057e+02,5.373000000000000000e+06
2.009092100000000000e+07,1.858810000000000002e+02,1.883990020751953125e+02,1.773549957275390625e+02,1.805219999999999914e+02,2.149300000000000000e+06
2.009092800000000000e+07,1.846630000000000109e+02,1.862059936523437500e+02,1.732779998779296875e+02,1.771109999999999900e+02,1.397900000000000000e+06
2.009100500000000000e+07,1.769490000000000123e+02,1.954640045166015625e+02,1.762989959716796875e+02,1.922969999999999970e+02,1.842100000000000000e+06
2.009101200000000000e+07,1.931899999999999977e+02,2.366349945068359375e+02,1.868280029296875000e+02,2.254290000000000020e+02,4.269500000000000000e+06
2.009101900000000000e+07,2.290020000000000095e+02,2.314380035400390625e+02,2.046399993896484375e+02,2.065889999999999986e+02,1.231410000000000000e+07
2.009102600000000000e+07,2.122740000000000009e+02,2.212870025634765625e+02,1.959920043945312500e+02,1.991179999999999950e+02,1.919800000000000000e+06
2.009110200000000000e+07,1.972500000000000000e+02,2.184450073242187500e+02,1.878300018310546875e+02,2.127609999999999957e+02,6.102300000000000000e+06
2.009110900000000000e+07,2.164149999999999920e+02,2.273780059814453125e+02,2.103249969482421875e+02,2.230740000000000123e+02,1.271700000000000000e+06
2.009111600000000000e+07,2.230740000000000123e+02,2.341990051269531250e+02,2.156840057373046875e+02,2.164149999999999920e+02,1.687700000000000000e+06
2.009112300000000000e+07,2.222620000000000005e+02,2.254290008544921875e+02,2.023659973144531250e+02,2.175519999999999925e+02,1.355100000000000000e+06
2.009113000000000000e+07,2.198259999999999934e+02,2.306260070800781250e+02,2.044700012207031250e+02,2.176330000000000098e+02,1.485700000000000000e+06
2.009120700000000000e+07,2.151970000000000027e+02,2.192570037841796875e+02,2.078880004882812500e+02,2.176330000000000098e+02,1.269700000000000000e+06
2.009121400000000000e+07,2.160089999999999861e+02,2.354989929199218750e+02,2.138979949951171875e+02,2.314379999999999882e+02,1.580400000000000000e+06
2.009122100000000000e+07,2.330620000000000118e+02,2.432129974365234375e+02,2.277030029296875000e+02,2.419139999999999873e+02,8.099000000000000000e+05
2.010010400000000000e+07,2.411829999999999927e+02,2.524709930419921875e+02,2.341179962158203125e+02,2.495469999999999970e+02,5.183600000000000000e+06
2.010011100000000000e+07,2.517400000000000091e+02,2.517400054931640625e+02,2.357420043945312500e+02,2.393959999999999866e+02,3.046600000000000000e+06
2.010011800000000000e+07,2.386659999999999968e+02,2.411829986572265625e+02,2.176329956054687500e+02,2.250229999999999961e+02,6.485800000000000000e+06
2.010012500000000000e+07,2.257539999999999907e+02,2.264360046386718750e+02,2.151970062255859375e+02,2.152779999999999916e+02,3.050200000000000000e+06
2.010020100000000000e+07,2.151970000000000027e+02,2.268910064697265625e+02,2.026100006103515625e+02,2.069950000000000045e+02,5.849800000000000000e+06
2.010020800000000000e+07,2.067520000000000095e+02,2.122740020751953125e+02,1.944889984130859375e+02,2.038280000000000030e+02,3.823600000000000000e+06
2.010021500000000000e+07,2.030159999999999911e+02,2.174709930419921875e+02,1.973399963378906250e+02,2.169840000000000089e+02,1.418500000000000000e+06
2.010022200000000000e+07,2.174710000000000036e+02,2.228300018310546875e+02,2.006609954833984375e+02,2.030970000000000084e+02,1.507700000000000000e+06
2.010030100000000000e+07,2.067520000000000095e+02,2.215310058593750000e+02,2.022039947509765625e+02,2.030159999999999911e+02,2.119400000000000000e+06
2.010030800000000000e+07,2.192570000000000050e+02,2.437819976806640625e+02,2.155220031738281250e+02,2.408580000000000041e+02,3.221100000000000000e+06
2.010031500000000000e+07,2.411829999999999927e+02,2.413379974365234375e+02,2.086999969482421875e+02,2.135730000000000075e+02,4.607200000000000000e+06
2.010032200000000000e+07,2.130039999999999907e+02,2.177140045166015625e+02,2.043150024414062500e+02,2.173079999999999927e+02,5.224900000000000000e+06
2.010032900000000000e+07,2.149530000000000030e+02,2.181199951171875000e+02,2.102429962158203125e+02,2.146289999999999907e+02,2.119200000000000000e+06
2.010040500000000000e+07,2.146289999999999907e+02,2.349299926757812500e+02,2.044779968261718750e+02,2.176330000000000098e+02,4.503400000000000000e+06
2.010041200000000000e+07,2.177959999999999923e+02,2.233179931640625000e+02,2.081320037841796875e+02,2.147100000000000080e+02,2.073600000000000000e+06
2.010041900000000000e+07,2.151970000000000027e+02,2.176329956054687500e+02,2.093500061035156250e+02,2.176330000000000098e+02,2.196700000000000000e+06
2.010042600000000000e+07,2.171459999999999866e+02,2.208000030517578125e+02,1.948950042724609375e+02,2.030159999999999911e+02,2.846100000000000000e+06
2.010050300000000000e+07,2.030159999999999911e+02,2.146289978027343750e+02,1.762989959716796875e+02,1.823899999999999864e+02,5.880100000000000000e+06
2.010051000000000000e+07,1.880740000000000123e+02,2.000110015869140625e+02,1.854750061035156250e+02,1.908350000000000080e+02,4.939400000000000000e+06
2.010051700000000000e+07,1.892110000000000127e+02,1.947330017089843750e+02,1.680970001220703125e+02,1.706150000000000091e+02,5.874100000000000000e+06
2.010052400000000000e+07,1.715889999999999986e+02,1.957890014648437500e+02,1.639230041503906250e+02,1.855569999999999879e+02,2.053200000000000000e+06
2.010053100000000000e+07,1.855569999999999879e+02,1.929459991455078125e+02,1.761369934082031250e+02,1.895360000000000014e+02,3.188500000000000000e+06
2.010060700000000000e+07,1.888050000000000068e+02,1.965189971923828125e+02,1.768679962158203125e+02,1.948950000000000102e+02,1.648600000000000000e+06
2.010061400000000000e+07,1.948950000000000102e+02,2.042339935302734375e+02,1.914850006103515625e+02,1.946519999999999868e+02,2.513700000000000000e+06
2.010062100000000000e+07,1.974130000000000109e+02,2.022200012207031250e+02,1.868560028076171875e+02,1.950579999999999927e+02,1.316500000000000000e+06
2.010062800000000000e+07,1.918909999999999911e+02,1.981439971923828125e+02,1.770299987792968750e+02,1.815780000000000030e+02,2.232600000000000000e+06
2.010070500000000000e+07,1.834449999999999932e+02,1.925399932861328125e+02,1.819839935302734375e+02,1.860440000000000111e+02,1.372600000000000000e+06
2.010071200000000000e+07,1.883180000000000121e+02,1.932709960937500000e+02,1.835260009765625000e+02,1.848259999999999934e+02,1.601300000000000000e+06
2.010071900000000000e+07,1.866939999999999884e+02,1.875059967041015625e+02,1.732940063476562500e+02,1.815780000000000030e+02,2.390000000000000000e+06
2.010072600000000000e+07,1.827139999999999986e+02,2.075879974365234375e+02,1.786540069580078125e+02,1.952199999999999989e+02,4.001800000000000000e+06
2.010080200000000000e+07,2.016349999999999909e+02,2.095130004882812500e+02,1.771109924316406250e+02,1.834449999999999932e+02,2.472100000000000000e+06
2.010080900000000000e+07,1.866939999999999884e+02,1.867749938964843750e+02,1.756490020751953125e+02,1.788160000000000025e+02,1.371400000000000000e+06
2.010081600000000000e+07,1.774360000000000070e+02,1.815780029296875000e+02,1.750000000000000000e+02,1.797100000000000080e+02,1.889700000000000000e+06
2.010082300000000000e+07,1.780860000000000127e+02,1.832019958496093750e+02,1.710209960937500000e+02,1.786539999999999964e+02,2.419900000000000000e+06
2.010083000000000000e+07,1.786539999999999964e+02,1.964380035400390625e+02,1.746750030517578125e+02,1.942460000000000093e+02,1.364900000000000000e+06
2.010090600000000000e+07,1.965190000000000055e+02,2.054519958496093750e+02,1.827610015869140625e+02,1.994430000000000121e+02,1.993800000000000000e+06
2.010091300000000000e+07,2.019600000000000080e+02,2.048029937744140625e+02,1.936770019531250000e+02,1.985500000000000114e+02,2.522000000000000000e+06
2.010092000000000000e+07,2.005800000000000125e+02,2.108930053710937500e+02,1.907539978027343750e+02,2.099190000000000111e+02,2.639400000000000000e+06
2.010092700000000000e+07,2.109739999999999895e+02,2.200690002441406250e+02,1.981439971923828125e+02,2.140600000000000023e+02,1.310400000000000000e+06
2.010100400000000000e+07,2.133290000000000077e+02,2.264709930419921875e+02,2.112239990234375000e+02,2.225060000000000002e+02,2.386200000000000000e+06
2.010101100000000000e+07,2.210440000000000111e+02,2.299770050048828125e+02,1.825489959716796875e+02,1.867750000000000057e+02,4.866500000000000000e+06
2.010101800000000000e+07,1.892110000000000127e+02,1.949770050048828125e+02,1.826170043945312500e+02,1.845819999999999936e+02,2.788100000000000000e+06
2.010102500000000000e+07,1.870999999999999943e+02,1.871000061035156250e+02,1.750809936523437500e+02,1.774360000000000070e+02,2.831600000000000000e+06
2.010110100000000000e+07,1.786539999999999964e+02,1.806840057373046875e+02,1.705330047607421875e+02,1.798720000000000141e+02,2.762100000000000000e+06
2.010110800000000000e+07,1.808470000000000084e+02,1.896979980468750000e+02,1.774360046386718750e+02,1.875060000000000002e+02,5.650600000000000000e+06
2.010111500000000000e+07,1.883990000000000009e+02,1.964380035400390625e+02,1.827630004882812500e+02,1.900229999999999961e+02,4.112800000000000000e+06
2.010112200000000000e+07,1.922969999999999970e+02,1.961490020751953125e+02,1.881080017089843750e+02,1.892920000000000016e+02,2.228100000000000000e+06
2.010112900000000000e+07,2.069950000000000045e+02,2.151970062255859375e+02,1.839239959716796875e+02,1.933520000000000039e+02,3.567900000000000000e+06
2.010120600000000000e+07,1.918909999999999911e+02,2.105679931640625000e+02,1.918630065917968750e+02,2.105680000000000121e+02,3.897800000000000000e+06
2.010121300000000000e+07,2.111370000000000005e+02,2.163339996337890625e+02,2.111369934082031250e+02,2.134919999999999902e+02,1.732400000000000000e+06
2.010122000000000000e+07,2.118679999999999950e+02,2.164149932861328125e+02,2.105240020751953125e+02,2.121920000000000073e+02,7.866000000000000000e+05
2.010122700000000000e+07,2.121920000000000073e+02,2.267120056152343750e+02,2.121920013427734375e+02,2.206380000000000052e+02,7.255000000000000000e+05
2.011011000000000000e+07,2.183640000000000043e+02,2.297330017089843750e+02,2.160090026855468750e+02,2.212059999999999889e+02,2.560400000000000000e+06
2.011011700000000000e+07,2.229120000000000061e+02,2.330189971923828125e+02,2.206869964599609375e+02,2.268089999999999975e+02,3.781500000000000000e+06
2.011012400000000000e+07,2.277030000000000030e+02,2.354989929199218750e+02,2.259160003662109375e+02,2.281899999999999977e+02,2.124300000000000000e+06
2.011013100000000000e+07,2.279459999999999980e+02,2.480039978027343750e+02,2.253480072021484375e+02,2.460550000000000068e+02,2.325400000000000000e+06
2.011020700000000000e+07,2.476800000000000068e+02,2.511710052490234375e+02,2.409069976806640625e+02,2.444310000000000116e+02,1.065100000000000000e+06
2.011021400000000000e+07,2.456490000000000009e+02,2.517400054931640625e+02,2.378280029296875000e+02,2.400459999999999923e+02,1.164500000000000000e+06
2.011022100000000000e+07,2.386659999999999968e+02,2.551510009765625000e+02,2.278249969482421875e+02,2.500070000000000050e+02,8.999000000000000000e+05
2.011022800000000000e+07,2.476800000000000068e+02,2.608349914550781250e+02,2.397209930419921875e+02,2.560439999999999827e+02,1.916100000000000000e+06
2.011030700000000000e+07,2.530389999999999873e+02,2.578680114746093750e+02,2.266470031738281250e+02,2.296519999999999868e+02,9.394000000000000000e+05
2.011031400000000000e+07,2.280279999999999916e+02,2.418329925537109375e+02,2.141410064697265625e+02,2.394780000000000086e+02,1.943600000000000000e+06
2.011032100000000000e+07,2.420759999999999934e+02,2.452429962158203125e+02,2.283520050048828125e+02,2.385840000000000032e+02,9.545000000000000000e+05
2.011032800000000000e+07,2.436189999999999998e+02,2.490599975585937500e+02,2.318130035400390625e+02,2.484099999999999966e+02,1.131900000000000000e+06
2.011040400000000000e+07,2.475169999999999959e+02,2.593219909667968750e+02,2.423899993896484375e+02,2.579119999999999777e+02,1.280100000000000000e+06
2.011041100000000000e+07,2.562869999999999777e+02,2.578299865722656250e+02,2.257539978027343750e+02,2.438629999999999995e+02,3.574400000000000000e+06
2.011041800000000000e+07,2.444310000000000116e+02,2.506609954833984375e+02,2.354989929199218750e+02,2.395589999999999975e+02,2.139900000000000000e+06
2.011050900000000000e+07,2.250229999999999961e+02,2.345970001220703125e+02,2.250229949951171875e+02,2.273779999999999859e+02,2.670800000000000000e+06
2.011051600000000000e+07,2.255099999999999909e+02,2.295700073242187500e+02,2.229929962158203125e+02,2.273779999999999859e+02,1.257500000000000000e+06
2.011052300000000000e+07,2.275399999999999920e+02,2.327380065917968750e+02,2.217749938964843750e+02,2.314379999999999882e+02,8.857000000000000000e+05
2.011060600000000000e+07,2.277030000000000030e+02,2.294889984130859375e+02,2.155220031738281250e+02,2.168209999999999980e+02,1.578100000000000000e+06
2.011061300000000000e+07,2.163340000000000032e+02,2.192570037841796875e+02,1.913220062255859375e+02,2.110550000000000068e+02,2.408700000000000000e+06
2.011062000000000000e+07,2.048839999999999861e+02,2.128419952392578125e+02,2.026909942626953125e+02,2.047210000000000036e+02,1.274100000000000000e+06
2.011062700000000000e+07,2.078880000000000052e+02,2.312760009765625000e+02,2.078880004882812500e+02,2.312760000000000105e+02,1.695200000000000000e+06
2.011070400000000000e+07,2.303009999999999877e+02,2.367169952392578125e+02,2.246979980468750000e+02,2.298950000000000102e+02,5.969000000000000000e+05
2.011071100000000000e+07,2.290020000000000095e+02,2.330619964599609375e+02,2.190950012207031250e+02,2.257539999999999907e+02,8.509000000000000000e+05
2.011071800000000000e+07,2.225060000000000002e+02,2.287859954833984375e+02,2.147910003662109375e+02,2.254290000000000020e+02,6.067000000000000000e+05
2.011072500000000000e+07,2.222620000000000005e+02,2.325749969482421875e+02,2.215310058593750000e+02,2.274590000000000032e+02,9.522000000000000000e+05
2.011080100000000000e+07,2.283520000000000039e+02,2.298139953613281250e+02,2.035030059814453125e+02,2.169840000000000089e+02,3.382300000000000000e+06
2.011080800000000000e+07,2.111370000000000005e+02,2.192570037841796875e+02,1.808470001220703125e+02,1.913220000000000027e+02,3.806600000000000000e+06
2.011081500000000000e+07,1.936769999999999925e+02,1.978999938964843750e+02,1.726450042724609375e+02,1.814149999999999920e+02,1.752900000000000000e+06
2.011082200000000000e+07,1.759739999999999895e+02,2.583179931640625000e+02,1.759739990234375000e+02,1.832829999999999870e+02,2.147100000000000000e+06
2.011090500000000000e+07,1.745939999999999941e+02,1.802779998779296875e+02,1.635469970703125000e+02,1.724819999999999993e+02,1.503900000000000000e+06
2.011091200000000000e+07,1.678540000000000134e+02,1.790599975585937500e+02,1.608699951171875000e+02,1.745939999999999941e+02,1.803600000000000000e+06
2.011091900000000000e+07,1.711020000000000039e+02,1.740249938964843750e+02,1.425980072021484375e+02,1.480389999999999873e+02,1.679000000000000000e+06
2.011092600000000000e+07,1.490949999999999989e+02,1.659859924316406250e+02,1.433289947509765625e+02,1.615200000000000102e+02,2.382800000000000000e+06
2.011100300000000000e+07,1.578650000000000091e+02,1.677720031738281250e+02,1.486080017089843750e+02,1.669600000000000080e+02,1.534800000000000000e+06
2.011101000000000000e+07,1.666359999999999957e+02,1.713459930419921875e+02,1.631439971923828125e+02,1.661479999999999961e+02,9.834000000000000000e+05
2.011101700000000000e+07,1.682599999999999909e+02,1.735379943847656250e+02,1.581089935302734375e+02,1.610320000000000107e+02,5.945000000000000000e+05
2.011102400000000000e+07,1.642810000000000059e+02,1.650930023193359375e+02,1.538860015869140625e+02,1.624130000000000109e+02,1.096900000000000000e+06
2.011103100000000000e+07,1.616009999999999991e+02,1.686660003662109375e+02,1.510440063476562500e+02,1.660670000000000073e+02,1.388100000000000000e+06
2.011110700000000000e+07,1.631440000000000055e+02,1.768679962158203125e+02,1.624129943847656250e+02,1.695589999999999975e+02,9.384000000000000000e+05
2.011111400000000000e+07,1.718329999999999984e+02,1.750809936523437500e+02,1.640359954833984375e+02,1.680970000000000084e+02,6.409000000000000000e+05
2.011112100000000000e+07,1.684219999999999970e+02,1.684219970703125000e+02,1.571340026855468750e+02,1.599770000000000039e+02,1.456300000000000000e+06
2.011112800000000000e+07,1.602199999999999989e+02,1.750809936523437500e+02,1.601390075683593750e+02,1.736999999999999886e+02,1.758200000000000000e+06
2.011120500000000000e+07,1.736189999999999998e+02,1.745939941406250000e+02,1.658480072021484375e+02,1.698839999999999861e+02,7.938000000000000000e+05
2.011121200000000000e+07,1.705329999999999870e+02,1.749190063476562500e+02,1.622530059814453125e+02,1.651740000000000066e+02,1.296100000000000000e+06
2.011121900000000000e+07,1.604639999999999986e+02,1.671309967041015625e+02,1.533990020751953125e+02,1.656610000000000014e+02,7.373000000000000000e+05
2.011122600000000000e+07,1.656610000000000014e+02,1.701269989013671875e+02,1.588399963378906250e+02,1.639559999999999889e+02,4.199000000000000000e+05
2.012010200000000000e+07,1.639559999999999889e+02,1.851510009765625000e+02,1.639559936523437500e+02,1.847450000000000045e+02,1.815700000000000000e+06
2.012010900000000000e+07,1.859629999999999939e+02,1.910789947509765625e+02,1.799530029296875000e+02,1.872620000000000005e+02,1.195400000000000000e+06
2.012011600000000000e+07,1.810900000000000034e+02,2.028540039062500000e+02,1.810899963378906250e+02,2.016349999999999909e+02,2.667300000000000000e+06
2.012012300000000000e+07,2.045589999999999975e+02,2.045590057373046875e+02,1.800440063476562500e+02,1.835260000000000105e+02,2.959600000000000000e+06
2.012013000000000000e+07,1.866939999999999884e+02,1.936770019531250000e+02,1.806219940185546875e+02,1.907539999999999907e+02,6.525500000000000000e+06
2.012020600000000000e+07,1.909970000000000141e+02,1.985500030517578125e+02,1.874929962158203125e+02,1.964379999999999882e+02,2.107900000000000000e+06
2.012021300000000000e+07,1.971690000000000111e+02,2.020420074462890625e+02,1.953009948730468750e+02,1.992810000000000059e+02,1.134200000000000000e+06
2.012022000000000000e+07,1.993619999999999948e+02,2.127530059814453125e+02,1.977380065917968750e+02,2.044780000000000086e+02,4.467700000000000000e+06
2.012022700000000000e+07,2.033410000000000082e+02,2.054519958496093750e+02,1.966820068359375000e+02,2.001740000000000066e+02,2.264800000000000000e+06
2.012030500000000000e+07,2.001740000000000066e+02,2.013110046386718750e+02,1.860440063476562500e+02,1.910790000000000077e+02,1.979500000000000000e+06
2.012031200000000000e+07,1.900229999999999961e+02,1.924589996337890625e+02,1.867749938964843750e+02,1.896169999999999902e+02,3.275400000000000000e+06
2.012031900000000000e+07,1.896169999999999902e+02,1.908350067138671875e+02,1.790599975585937500e+02,1.819019999999999868e+02,2.263700000000000000e+06
2.012032600000000000e+07,1.786539999999999964e+02,1.856380004882812500e+02,1.730509948730468750e+02,1.745939999999999941e+02,2.921300000000000000e+06
2.012040200000000000e+07,1.758930000000000007e+02,1.920529937744140625e+02,1.747239990234375000e+02,1.848259999999999934e+02,2.078200000000000000e+06
2.012040900000000000e+07,1.848259999999999934e+02,1.978190002441406250e+02,1.806029968261718750e+02,1.948950000000000102e+02,2.188300000000000000e+06
2.012041600000000000e+07,1.948950000000000102e+02,2.030970001220703125e+02,1.916470031738281250e+02,2.017170000000000130e+02,2.196900000000000000e+06
2.012042300000000000e+07,1.993619999999999948e+02,2.140599975585937500e+02,1.958699951171875000e+02,2.073199999999999932e+02,8.884500000000000000e+06
2.012043000000000000e+07,2.057769999999999868e+02,2.140000000000000000e+02,1.921999969482421875e+02,1.925999999999999943e+02,6.734700000000000000e+06
2.012050700000000000e+07,1.925999999999999943e+02,1.935440063476562500e+02,1.710000000000000000e+02,1.719000000000000057e+02,7.875400000000000000e+06
2.012051400000000000e+07,1.700000000000000000e+02,1.758000030517578125e+02,1.556999969482421875e+02,1.595000000000000000e+02,7.411900000000000000e+06
2.012052100000000000e+07,1.591999999999999886e+02,1.711000061035156250e+02,1.556000061035156250e+02,1.575000000000000000e+02,4.427300000000000000e+06
2.012052800000000000e+07,1.639000000000000057e+02,1.655000000000000000e+02,1.570000000000000000e+02,1.590000000000000000e+02,3.786900000000000000e+06
2.012060400000000000e+07,1.590000000000000000e+02,1.726999969482421875e+02,1.590000000000000000e+02,1.718000000000000114e+02,1.409100000000000000e+06
2.012061100000000000e+07,1.755999999999999943e+02,1.800000000000000000e+02,1.673999938964843750e+02,1.764000000000000057e+02,2.356600000000000000e+06
2.012061800000000000e+07,1.776999999999999886e+02,1.870000000000000000e+02,1.770000000000000000e+02,1.770999999999999943e+02,1.655200000000000000e+06
2.012062500000000000e+07,1.776999999999999886e+02,1.791999969482421875e+02,1.616999969482421875e+02,1.706999999999999886e+02,2.654600000000000000e+06
2.012070200000000000e+07,1.715999999999999943e+02,1.746999969482421875e+02,1.650000000000000000e+02,1.714000000000000057e+02,3.625500000000000000e+06
2.012070900000000000e+07,1.750999999999999943e+02,1.863000030517578125e+02,1.645570068359375000e+02,1.790999999999999943e+02,1.827900000000000000e+06
2.012071600000000000e+07,1.795000000000000000e+02,2.021000061035156250e+02,1.780000000000000000e+02,1.943000000000000114e+02,2.175900000000000000e+06
2.012072300000000000e+07,1.940999999999999943e+02,1.993000030517578125e+02,1.877899932861328125e+02,1.920999999999999943e+02,9.138000000000000000e+05
2.012073000000000000e+07,1.933000000000000114e+02,1.940000000000000000e+02,1.836000061035156250e+02,1.894000000000000057e+02,1.070700000000000000e+06
2.012080600000000000e+07,1.886999999999999886e+02,1.973000030517578125e+02,1.882079925537109375e+02,1.955999999999999943e+02,3.837000000000000000e+06
2.012081300000000000e+07,1.915000000000000000e+02,2.141999969482421875e+02,1.871000061035156250e+02,2.125000000000000000e+02,5.275000000000000000e+06
2.012082000000000000e+07,2.133000000000000114e+02,2.133000030517578125e+02,1.936000061035156250e+02,1.945999999999999943e+02,1.869000000000000000e+06
2.012082700000000000e+07,1.945999999999999943e+02,2.017769927978515625e+02,1.913000030517578125e+02,1.960000000000000000e+02,1.464400000000000000e+06
2.012090300000000000e+07,1.956999999999999886e+02,2.016999969482421875e+02,1.893999938964843750e+02,2.013000000000000114e+02,1.051900000000000000e+06
2.012091000000000000e+07,1.990000000000000000e+02,2.013000030517578125e+02,1.865000000000000000e+02,2.000000000000000000e+02,1.114400000000000000e+06
2.012091700000000000e+07,1.951999999999999886e+02,2.011999969482421875e+02,1.951999969482421875e+02,1.991999999999999886e+02,1.518800000000000000e+06
2.012092400000000000e+07,1.930999999999999943e+02,2.091260070800781250e+02,1.931000061035156250e+02,2.000000000000000000e+02,1.470700000000000000e+06
2.012100100000000000e+07,2.000000000000000000e+02,2.073000030517578125e+02,2.000000000000000000e+02,2.073000000000000114e+02,1.056960000000000000e+07
2.012100800000000000e+07,2.079000000000000057e+02,2.078999938964843750e+02,1.955919952392578125e+02,2.015000000000000000e+02,1.202700000000000000e+06
2.012101500000000000e+07,2.005999999999999943e+02,2.091999969482421875e+02,1.940000000000000000e+02,2.045000000000000000e+02,4.794900000000000000e+06
2.012102200000000000e+07,2.061999999999999886e+02,2.098999938964843750e+02,1.801000061035156250e+02,1.928000000000000114e+02,4.962000000000000000e+06
2.012102900000000000e+07,1.920000000000000000e+02,1.968999938964843750e+02,1.906999969482421875e+02,1.940000000000000000e+02,1.580700000000000000e+06
2.012110500000000000e+07,1.930999999999999943e+02,2.000000000000000000e+02,1.883000030517578125e+02,1.949000000000000057e+02,2.000200000000000000e+06
2.012111200000000000e+07,1.950000000000000000e+02,1.963999938964843750e+02,1.728549957275390625e+02,1.798000000000000114e+02,1.379500000000000000e+06
2.012111900000000000e+07,1.830999999999999943e+02,1.865000000000000000e+02,1.768480072021484375e+02,1.831999999999999886e+02,8.709000000000000000e+05
2.012112600000000000e+07,1.850000000000000000e+02,1.881000061035156250e+02,1.754299926757812500e+02,1.820000000000000000e+02,9.289000000000000000e+05
2.012120300000000000e+07,1.800000000000000000e+02,1.823000030517578125e+02,1.712539978027343750e+02,1.723000000000000114e+02,2.300200000000000000e+06
2.012121000000000000e+07,1.700999999999999943e+02,1.775000000000000000e+02,1.665000000000000000e+02,1.700000000000000000e+02,8.035000000000000000e+05
2.012121700000000000e+07,1.708000000000000114e+02,1.868999938964843750e+02,1.650000000000000000e+02,1.833000000000000114e+02,1.307400000000000000e+06
2.012122400000000000e+07,1.788000000000000114e+02,1.978999938964843750e+02,1.745919952392578125e+02,1.908000000000000114e+02,3.109000000000000000e+05
2.012123100000000000e+07,1.900000000000000000e+02,1.958840026855468750e+02,1.880000000000000000e+02,1.920000000000000000e+02,8.855000000000000000e+05
2.013010700000000000e+07,1.930000000000000000e+02,2.005010070800781250e+02,1.918999938964843750e+02,1.950999999999999943e+02,1.407000000000000000e+06
2.013011400000000000e+07,1.969000000000000057e+02,1.968999938964843750e+02,1.884470062255859375e+02,1.950000000000000000e+02,4.644700000000000000e+06
2.013012100000000000e+07,1.920999999999999943e+02,1.973999938964843750e+02,1.891999969482421875e+02,1.905999999999999943e+02,6.984000000000000000e+05
2.013012800000000000e+07,1.910000000000000000e+02,1.918549957275390625e+02,1.793000030517578125e+02,1.860000000000000000e+02,6.723000000000000000e+05
2.013020400000000000e+07,1.950999999999999943e+02,2.139400024414062500e+02,1.950000000000000000e+02,2.020000000000000000e+02,3.761900000000000000e+06
2.013021100000000000e+07,2.000999999999999943e+02,2.100000000000000000e+02,1.956779937744140625e+02,2.020000000000000000e+02,1.329100000000000000e+06
2.013021800000000000e+07,2.030000000000000000e+02,2.071999969482421875e+02,2.000000000000000000e+02,2.039000000000000057e+02,3.267200000000000000e+06
2.013022500000000000e+07,2.001999999999999886e+02,2.078999938964843750e+02,1.952299957275390625e+02,1.990000000000000000e+02,9.759000000000000000e+05
2.013030400000000000e+07,2.001999999999999886e+02,2.123600006103515625e+02,1.918470001220703125e+02,2.044000000000000057e+02,1.131600000000000000e+06
2.013031100000000000e+07,2.050000000000000000e+02,2.083789978027343750e+02,1.976999969482421875e+02,2.075000000000000000e+02,2.182300000000000000e+06
2.013031800000000000e+07,2.060000000000000000e+02,2.124199981689453125e+02,1.941000061035156250e+02,2.091999999999999886e+02,1.440800000000000000e+06
2.013032500000000000e+07,2.100000000000000000e+02,2.240709991455078125e+02,2.040000000000000000e+02,2.078000000000000114e+02,1.447800000000000000e+06
2.013040100000000000e+07,2.078000000000000114e+02,2.221999969482421875e+02,1.960449981689453125e+02,1.994000000000000057e+02,1.294000000000000000e+06
2.013040800000000000e+07,2.021999999999999886e+02,2.143000030517578125e+02,1.960000000000000000e+02,1.989000000000000057e+02,1.802100000000000000e+06
2.013041500000000000e+07,2.071999999999999886e+02,2.071999969482421875e+02,1.710000000000000000e+02,1.759000000000000057e+02,2.114900000000000000e+06
2.013042200000000000e+07,1.745999999999999943e+02,1.875000000000000000e+02,1.746000061035156250e+02,1.814000000000000057e+02,1.110000000000000000e+06
2.013042900000000000e+07,1.830999999999999943e+02,1.921999969482421875e+02,1.788000030517578125e+02,1.921999999999999886e+02,1.670400000000000000e+06
2.013050600000000000e+07,1.921999999999999886e+02,1.955000000000000000e+02,1.843000030517578125e+02,1.901999999999999886e+02,9.122000000000000000e+05
2.013051300000000000e+07,1.901999999999999886e+02,1.970000000000000000e+02,1.881000061035156250e+02,1.951999999999999886e+02,7.338000000000000000e+05
2.013052000000000000e+07,1.999000000000000057e+02,2.073000030517578125e+02,1.611999969482421875e+02,1.668000000000000114e+02,4.968200000000000000e+06
2.013052700000000000e+07,1.668000000000000114e+02,1.750000000000000000e+02,1.621999969482421875e+02,1.740000000000000000e+02,2.379900000000000000e+06
2.013060300000000000e+07,1.734000000000000057e+02,1.750200042724609375e+02,1.580000000000000000e+02,1.630000000000000000e+02,1.832000000000000000e+06
2.013061000000000000e+07,1.655000000000000000e+02,1.673000030517578125e+02,1.588999938964843750e+02,1.630999999999999943e+02,1.423500000000000000e+06
2.013061700000000000e+07,1.630999999999999943e+02,1.668999938964843750e+02,1.524600067138671875e+02,1.553000000000000114e+02,1.860300000000000000e+06
2.013062400000000000e+07,1.564000000000000057e+02,1.563999938964843750e+02,1.421000061035156250e+02,1.440000000000000000e+02,1.552400000000000000e+06
2.013070100000000000e+07,1.410000000000000000e+02,1.518000030517578125e+02,1.407920074462890625e+02,1.510000000000000000e+02,1.304700000000000000e+06
2.013070800000000000e+07,1.513000000000000114e+02,1.568999938964843750e+02,1.468000030517578125e+02,1.516999999999999886e+02,9.596000000000000000e+05
2.013071500000000000e+07,1.489000000000000057e+02,1.526529998779296875e+02,1.260000000000000000e+02,1.309000000000000057e+02,4.950300000000000000e+06
2.013072200000000000e+07,1.314000000000000057e+02,1.338000030517578125e+02,1.244479980468750000e+02,1.290000000000000000e+02,1.411800000000000000e+06
2.013072900000000000e+07,1.309000000000000057e+02,1.311999969482421875e+02,1.144000015258789062e+02,1.184000000000000057e+02,1.604000000000000000e+06
2.013080500000000000e+07,1.200999999999999943e+02,1.286069946289062500e+02,1.164300003051757812e+02,1.190999999999999943e+02,2.822500000000000000e+06
2.013081200000000000e+07,1.197000000000000028e+02,1.261350021362304688e+02,1.190000000000000000e+02,1.242999999999999972e+02,2.434300000000000000e+06
2.013081900000000000e+07,1.260000000000000000e+02,1.265999984741210938e+02,1.188850021362304688e+02,1.240999999999999943e+02,1.336300000000000000e+06
2.013082600000000000e+07,1.240999999999999943e+02,1.398999938964843750e+02,1.189000015258789062e+02,1.280000000000000000e+02,2.714500000000000000e+06
2.013090200000000000e+07,1.295000000000000000e+02,1.350000000000000000e+02,1.258649978637695312e+02,1.294000000000000057e+02,1.726200000000000000e+06
2.013090900000000000e+07,1.257000000000000028e+02,1.301199951171875000e+02,1.205000000000000000e+02,1.220000000000000000e+02,1.801300000000000000e+06
2.013091600000000000e+07,1.240000000000000000e+02,1.324579925537109375e+02,1.208000030517578125e+02,1.242999999999999972e+02,5.372400000000000000e+06
2.013092300000000000e+07,1.280000000000000000e+02,1.320000000000000000e+02,1.237500000000000000e+02,1.300000000000000000e+02,1.699500000000000000e+06
2.013093000000000000e+07,1.220000000000000000e+02,1.220000000000000000e+02,1.022500000000000000e+02,1.065000000000000000e+02,4.385900000000000000e+06
2.013100700000000000e+07,1.065000000000000000e+02,1.080000000000000000e+02,9.971299743652343750e+01,1.055000000000000000e+02,7.857700000000000000e+06
2.013101400000000000e+07,1.055000000000000000e+02,1.079380035400390625e+02,1.011299972534179688e+02,1.022500000000000000e+02,2.456600000000000000e+06
2.013102100000000000e+07,1.030000000000000000e+02,1.090000000000000000e+02,1.017340011596679688e+02,1.070000000000000000e+02,1.024010000000000000e+07
2.013102800000000000e+07,1.080000000000000000e+02,1.142500000000000000e+02,1.040000000000000000e+02,1.040000000000000000e+02,3.466000000000000000e+06
2.013110400000000000e+07,1.050000000000000000e+02,1.090000000000000000e+02,1.001880035400390625e+02,1.010000000000000000e+02,1.796500000000000000e+06
2.013111100000000000e+07,1.012500000000000000e+02,1.050000000000000000e+02,9.500000000000000000e+01,1.025000000000000000e+02,3.497700000000000000e+06
2.013111800000000000e+07,1.025000000000000000e+02,1.095000000000000000e+02,1.000000000000000000e+02,1.085000000000000000e+02,7.298500000000000000e+06
2.013112500000000000e+07,1.090000000000000000e+02,1.100000000000000000e+02,1.022500000000000000e+02,1.027500000000000000e+02,2.962900000000000000e+06
2.013120200000000000e+07,1.032500000000000000e+02,1.042500000000000000e+02,9.822000122070312500e+01,9.900000000000000000e+01,2.688200000000000000e+06
2.013120900000000000e+07,1.027500000000000000e+02,1.152500000000000000e+02,9.996299743652343750e+01,1.060000000000000000e+02,3.960500000000000000e+06
2.013121600000000000e+07,1.055000000000000000e+02,1.070000000000000000e+02,1.018130035400390625e+02,1.030000000000000000e+02,3.372200000000000000e+06
2.013122300000000000e+07,1.027500000000000000e+02,1.085000000000000000e+02,1.027500000000000000e+02,1.085000000000000000e+02,9.944000000000000000e+05
2.013123000000000000e+07,1.100000000000000000e+02,1.161600036621093750e+02,1.082500000000000000e+02,1.117500000000000000e+02,2.058000000000000000e+06
2.014010600000000000e+07,1.117500000000000000e+02,1.150149993896484375e+02,1.080000000000000000e+02,1.097500000000000000e+02,4.472600000000000000e+06
2.014011300000000000e+07,1.105000000000000000e+02,1.105000000000000000e+02,1.062500000000000000e+02,1.090000000000000000e+02,5.557700000000000000e+06
2.014012000000000000e+07,1.100000000000000000e+02,1.180000000000000000e+02,1.070000000000000000e+02,1.107500000000000000e+02,5.457900000000000000e+06
2.014012700000000000e+07,1.092500000000000000e+02,1.108750000000000000e+02,1.045250015258789062e+02,1.062500000000000000e+02,1.606800000000000000e+06
2.014020300000000000e+07,1.057500000000000000e+02,1.080000000000000000e+02,1.004300003051757812e+02,1.015000000000000000e+02,1.311500000000000000e+06
2.014021000000000000e+07,1.015000000000000000e+02,1.050000000000000000e+02,1.007500000000000000e+02,1.010000000000000000e+02,2.343200000000000000e+06
2.014021700000000000e+07,1.030000000000000000e+02,1.030000000000000000e+02,1.000000000000000000e+02,1.010000000000000000e+02,3.310500000000000000e+06
2.014022400000000000e+07,1.012500000000000000e+02,1.017500000000000000e+02,9.875000000000000000e+01,1.005000000000000000e+02,5.190400000000000000e+06
2.014030300000000000e+07,9.900000000000000000e+01,1.020000000000000000e+02,9.650000000000000000e+01,1.015000000000000000e+02,4.853500000000000000e+06
2.014031000000000000e+07,1.020000000000000000e+02,1.057500000000000000e+02,9.925000000000000000e+01,1.020000000000000000e+02,3.353200000000000000e+06
2.014031700000000000e+07,1.040000000000000000e+02,1.040000000000000000e+02,9.895999908447265625e+01,1.020000000000000000e+02,2.848300000000000000e+06
2.014032400000000000e+07,1.015000000000000000e+02,1.080000000000000000e+02,1.007500000000000000e+02,1.045000000000000000e+02,4.441900000000000000e+06
2.014033100000000000e+07,1.045000000000000000e+02,1.060000000000000000e+02,1.015000000000000000e+02,1.055000000000000000e+02,1.630900000000000000e+06
2.014040700000000000e+07,1.045000000000000000e+02,1.065000000000000000e+02,1.022500000000000000e+02,1.030000000000000000e+02,1.844600000000000000e+06
2.014041400000000000e+07,1.020000000000000000e+02,1.042500000000000000e+02,1.015000000000000000e+02,1.040000000000000000e+02,1.983900000000000000e+06
2.014042100000000000e+07,1.040000000000000000e+02,1.247500000000000000e+02,1.040000000000000000e+02,1.242500000000000000e+02,5.426000000000000000e+06
2.014042800000000000e+07,1.215000000000000000e+02,1.559499969482421875e+02,1.212500000000000000e+02,1.455000000000000000e+02,1.554390000000000000e+07
2.014050500000000000e+07,1.455000000000000000e+02,1.471250000000000000e+02,1.417290039062500000e+02,1.447500000000000000e+02,4.761200000000000000e+06
2.014051200000000000e+07,1.455000000000000000e+02,1.487500000000000000e+02,1.427500000000000000e+02,1.455000000000000000e+02,6.656200000000000000e+06
2.014051900000000000e+07,1.465000000000000000e+02,1.480000000000000000e+02,1.350000000000000000e+02,1.382500000000000000e+02,3.864600000000000000e+06
2.014052600000000000e+07,1.382500000000000000e+02,1.520000000000000000e+02,1.360000000000000000e+02,1.482500000000000000e+02,4.664000000000000000e+06
2.014060200000000000e+07,1.487500000000000000e+02,1.498780059814453125e+02,1.347500000000000000e+02,1.350000000000000000e+02,6.209000000000000000e+06
2.014060900000000000e+07,1.357500000000000000e+02,1.405000000000000000e+02,1.340000000000000000e+02,1.352500000000000000e+02,2.830400000000000000e+06
2.014061600000000000e+07,1.360000000000000000e+02,1.360000000000000000e+02,1.272500000000000000e+02,1.325000000000000000e+02,3.414700000000000000e+06
2.014062300000000000e+07,1.342500000000000000e+02,1.350000000000000000e+02,1.265000000000000000e+02,1.347500000000000000e+02,3.820500000000000000e+06
2.014063000000000000e+07,1.350000000000000000e+02,1.412500000000000000e+02,1.330000000000000000e+02,1.370000000000000000e+02,2.290600000000000000e+06
2.014070700000000000e+07,1.375000000000000000e+02,1.375000000000000000e+02,1.182500000000000000e+02,1.232500000000000000e+02,3.390600000000000000e+06
2.014071400000000000e+07,1.240000000000000000e+02,1.277500000000000000e+02,1.200000000000000000e+02,1.275000000000000000e+02,1.994300000000000000e+06
2.014072100000000000e+07,1.240000000000000000e+02,1.265000000000000000e+02,1.092500000000000000e+02,1.135000000000000000e+02,5.456800000000000000e+06
2.014072800000000000e+07,1.142500000000000000e+02,1.170000000000000000e+02,1.082500000000000000e+02,1.105000000000000000e+02,2.611600000000000000e+06
2.014080400000000000e+07,1.102500000000000000e+02,1.125000000000000000e+02,1.080000000000000000e+02,1.102500000000000000e+02,2.781100000000000000e+06
2.014081100000000000e+07,1.107500000000000000e+02,1.117500000000000000e+02,1.085000000000000000e+02,1.097500000000000000e+02,1.670000000000000000e+06
2.014081800000000000e+07,1.080000000000000000e+02,1.122500000000000000e+02,1.025000000000000000e+02,1.092500000000000000e+02,2.788500000000000000e+06
2.014082500000000000e+07,1.092500000000000000e+02,1.115000000000000000e+02,1.006880035400390625e+02,1.055000000000000000e+02,2.208300000000000000e+06
2.014090100000000000e+07,1.055000000000000000e+02,1.087500000000000000e+02,1.035000000000000000e+02,1.082500000000000000e+02,1.461400000000000000e+06
2.014090800000000000e+07,1.080000000000000000e+02,1.082500000000000000e+02,1.040000000000000000e+02,1.042500000000000000e+02,3.810100000000000000e+06
2.014091500000000000e+07,1.057500000000000000e+02,1.060000000000000000e+02,1.012500000000000000e+02,1.015000000000000000e+02,2.419600000000000000e+06
2.014092200000000000e+07,1.022500000000000000e+02,1.075000000000000000e+02,1.005000000000000000e+02,1.010000000000000000e+02,3.014900000000000000e+06
2.014092900000000000e+07,1.007500000000000000e+02,1.017500000000000000e+02,9.500000000000000000e+01,9.675000000000000000e+01,5.222100000000000000e+06
2.014100600000000000e+07,9.700000000000000000e+01,9.850000000000000000e+01,8.900000000000000000e+01,8.900000000000000000e+01,2.292100000000000000e+06
2.014101300000000000e+07,8.750000000000000000e+01,8.825000000000000000e+01,6.751799774169921875e+01,8.350000000000000000e+01,7.029700000000000000e+06
2.014102000000000000e+07,8.300000000000000000e+01,9.325000000000000000e+01,7.975000000000000000e+01,8.025000000000000000e+01,7.158100000000000000e+06
2.014102700000000000e+07,9.900000000000000000e+01,1.067500000000000000e+02,9.325000000000000000e+01,1.060000000000000000e+02,1.554620000000000000e+07
2.014110300000000000e+07,1.047500000000000000e+02,1.075000000000000000e+02,9.400000000000000000e+01,1.010000000000000000e+02,4.447000000000000000e+06
2.014111000000000000e+07,9.950000000000000000e+01,1.190000000000000000e+02,9.600000000000000000e+01,1.170000000000000000e+02,6.335300000000000000e+06
2.014111700000000000e+07,1.145000000000000000e+02,1.150000000000000000e+02,8.284300231933593750e+01,9.125000000000000000e+01,2.533520000000000000e+07
2.014112400000000000e+07,9.200000000000000000e+01,9.568800354003906250e+01,7.675000000000000000e+01,7.975000000000000000e+01,8.956600000000000000e+06
2.014120100000000000e+07,7.875000000000000000e+01,7.925000000000000000e+01,6.150000000000000000e+01,6.375000000000000000e+01,1.194240000000000000e+07
2.014120800000000000e+07,6.325000000000000000e+01,6.675000000000000000e+01,5.475000000000000000e+01,5.950000000000000000e+01,1.975020000000000000e+07
2.014121500000000000e+07,5.800000000000000000e+01,7.043800354003906250e+01,5.275000000000000000e+01,6.875000000000000000e+01,8.118000000000000000e+06
2.014122200000000000e+07,7.000000000000000000e+01,7.112000274658203125e+01,6.400000000000000000e+01,6.675000000000000000e+01,1.393700000000000000e+06
2.014122900000000000e+07,6.700000000000000000e+01,6.875000000000000000e+01,6.475000000000000000e+01,6.775000000000000000e+01,1.325000000000000000e+06
2.015010500000000000e+07,6.775000000000000000e+01,6.775000000000000000e+01,6.000000000000000000e+01,6.100000000000000000e+01,6.950500000000000000e+06
2.015011200000000000e+07,6.375000000000000000e+01,6.375000000000000000e+01,5.650000000000000000e+01,5.875000000000000000e+01,4.676500000000000000e+06
2.015011900000000000e+07,6.000000000000000000e+01,6.900000000000000000e+01,5.800000000000000000e+01,6.650000000000000000e+01,7.297000000000000000e+06
2.015012600000000000e+07,6.750000000000000000e+01,7.050000000000000000e+01,6.425000000000000000e+01,6.950000000000000000e+01,1.086070000000000000e+07
2.015020200000000000e+07,6.800000000000000000e+01,8.625000000000000000e+01,6.800000000000000000e+01,8.400000000000000000e+01,1.177280000000000000e+07
2.015020900000000000e+07,8.075000000000000000e+01,8.600000000000000000e+01,7.700000000000000000e+01,8.075000000000000000e+01,1.213400000000000000e+07
2.015021600000000000e+07,8.200000000000000000e+01,8.350000000000000000e+01,7.950000000000000000e+01,8.150000000000000000e+01,1.370490000000000000e+07
2.015022300000000000e+07,8.100000000000000000e+01,8.218800354003906250e+01,7.450000000000000000e+01,7.950000000000000000e+01,8.422277000000000000e+06
