2.007030500000000000e+07,2.750000000000000000e+02,2.850000000000000000e+02,2.371399993896484375e+02,2.740000000000000000e+02,2.739600000000000000e+07
2.007031200000000000e+07,2.730000000000000000e+02,2.998800048828125000e+02,2.610000000000000000e+02,2.615000000000000000e+02,4.048540000000000000e+07
2.007031900000000000e+07,2.610000000000000000e+02,2.700000000000000000e+02,2.540000000000000000e+02,2.590000000000000000e+02,2.201850000000000000e+07
2.007032600000000000e+07,2.580000000000000000e+02,2.800000000000000000e+02,2.580000000000000000e+02,2.777500000000000000e+02,3.965470000000000000e+07
2.007040200000000000e+07,2.750000000000000000e+02,2.823150024414062500e+02,2.678800048828125000e+02,2.687500000000000000e+02,1.135650000000000000e+07
2.007040900000000000e+07,2.687500000000000000e+02,2.870000000000000000e+02,2.622500000000000000e+02,2.622500000000000000e+02,2.965760000000000000e+07
2.007041600000000000e+07,2.660000000000000000e+02,2.660000000000000000e+02,2.340000000000000000e+02,2.485000000000000000e+02,8.802870400000000000e+07
2.007042300000000000e+07,2.500000000000000000e+02,2.517500000000000000e+02,2.082500000000000000e+02,2.385000000000000000e+02,8.103620000000000000e+07
2.007043000000000000e+07,2.352500000000000000e+02,2.438500061035156250e+02,2.180000000000000000e+02,2.200000000000000000e+02,1.449390000000000000e+07
2.007050700000000000e+07,2.200000000000000000e+02,2.240000000000000000e+02,2.085000000000000000e+02,2.140000000000000000e+02,1.681520000000000000e+07
2.007051400000000000e+07,2.172500000000000000e+02,2.300000000000000000e+02,2.050000000000000000e+02,2.280000000000000000e+02,3.821070000000000000e+07
2.007052100000000000e+07,2.270000000000000000e+02,2.280000000000000000e+02,2.120000000000000000e+02,2.170000000000000000e+02,3.945570000000000000e+07
2.007052800000000000e+07,2.170000000000000000e+02,2.248930053710937500e+02,1.932500000000000000e+02,1.960000000000000000e+02,1.912400000000000000e+07
2.007060400000000000e+07,1.980000000000000000e+02,2.059299926757812500e+02,1.830399932861328125e+02,1.997500000000000000e+02,4.693220000000000000e+07
2.007061100000000000e+07,2.070000000000000000e+02,2.147500000000000000e+02,1.863849945068359375e+02,2.040000000000000000e+02,6.005500000000000000e+07
2.007061800000000000e+07,2.007500000000000000e+02,2.149600067138671875e+02,1.988500061035156250e+02,2.030000000000000000e+02,2.544770000000000000e+07
2.007062500000000000e+07,1.997500000000000000e+02,2.025000000000000000e+02,1.802500000000000000e+02,1.815000000000000000e+02,5.998540000000000000e+07
2.007070200000000000e+07,1.787500000000000000e+02,1.900000000000000000e+02,1.730000000000000000e+02,1.870000000000000000e+02,2.654020000000000000e+07
2.007070900000000000e+07,1.900000000000000000e+02,1.927500000000000000e+02,1.060000000000000000e+02,1.912500000000000000e+02,2.480660000000000000e+07
2.007071600000000000e+07,1.940000000000000000e+02,1.957500000000000000e+02,1.850000000000000000e+02,1.880000000000000000e+02,4.429390000000000000e+07
2.007072300000000000e+07,1.900000000000000000e+02,3.860000000000000000e+02,1.370000000000000000e+02,1.460000000000000000e+02,1.639566080000000000e+08
2.007073000000000000e+07,1.480000000000000000e+02,1.659900054931640625e+02,1.425000000000000000e+02,1.435000000000000000e+02,2.952850000000000000e+07
2.007080600000000000e+07,1.430000000000000000e+02,1.547500000000000000e+02,1.336929931640625000e+02,1.420000000000000000e+02,3.404650000000000000e+07
2.007081300000000000e+07,1.440000000000000000e+02,1.490000000000000000e+02,1.280000000000000000e+02,1.327500000000000000e+02,2.759710000000000000e+07
2.007082000000000000e+07,1.385000000000000000e+02,1.435000000000000000e+02,1.312680053710937500e+02,1.415000000000000000e+02,1.282200000000000000e+07
2.007082700000000000e+07,1.415000000000000000e+02,1.450000000000000000e+02,1.360000000000000000e+02,1.420000000000000000e+02,9.167800000000000000e+06
2.007090300000000000e+07,1.410000000000000000e+02,1.447500000000000000e+02,1.350000000000000000e+02,1.360000000000000000e+02,2.259830000000000000e+07
2.007091000000000000e+07,1.412500000000000000e+02,1.540000000000000000e+02,1.260000000000000000e+02,1.267500000000000000e+02,5.950570000000000000e+07
2.007091700000000000e+07,1.287500000000000000e+02,1.290000000000000000e+02,4.175000000000000000e+01,1.210000000000000000e+02,4.042090000000000000e+07
2.007092400000000000e+07,1.190000000000000000e+02,1.310000000000000000e+02,1.170000000000000000e+02,1.290000000000000000e+02,3.175590000000000000e+07
2.007100100000000000e+07,1.270000000000000000e+02,1.440000000000000000e+02,1.270000000000000000e+02,1.365000000000000000e+02,3.047380000000000000e+07
2.007100800000000000e+07,1.365000000000000000e+02,1.478880004882812500e+02,1.330000000000000000e+02,1.415000000000000000e+02,5.352710000000000000e+07
2.007101500000000000e+07,1.440000000000000000e+02,1.590000000000000000e+02,1.400000000000000000e+02,1.472500000000000000e+02,6.907800000000000000e+07
2.007102200000000000e+07,1.427500000000000000e+02,1.515180053710937500e+02,1.397279968261718750e+02,1.430000000000000000e+02,1.857570000000000000e+07
2.007102900000000000e+07,1.465000000000000000e+02,1.482500000000000000e+02,1.335000000000000000e+02,1.452500000000000000e+02,1.975860000000000000e+07
2.007110500000000000e+07,1.417500000000000000e+02,1.465000000000000000e+02,1.215000000000000000e+02,1.282500000000000000e+02,1.199340000000000000e+07
2.007111200000000000e+07,1.282500000000000000e+02,1.350000000000000000e+02,1.207500000000000000e+02,1.217500000000000000e+02,6.953600000000000000e+06
2.007111900000000000e+07,1.215000000000000000e+02,1.300000000000000000e+02,9.100000000000000000e+01,9.325000000000000000e+01,4.377320000000000000e+07
2.007112600000000000e+07,9.450000000000000000e+01,1.037500000000000000e+02,9.250000000000000000e+01,1.020000000000000000e+02,1.736270000000000000e+07
2.007120300000000000e+07,1.030000000000000000e+02,1.065000000000000000e+02,9.800000000000000000e+01,1.000000000000000000e+02,1.412740000000000000e+07
2.007121000000000000e+07,1.007500000000000000e+02,1.040000000000000000e+02,9.163300323486328125e+01,9.450000000000000000e+01,2.390570000000000000e+07
2.007121700000000000e+07,9.575000000000000000e+01,1.252500000000000000e+02,8.425000000000000000e+01,1.200000000000000000e+02,6.665470000000000000e+07
2.007122400000000000e+07,1.220000000000000000e+02,1.222500000000000000e+02,1.115000000000000000e+02,1.180000000000000000e+02,2.016200000000000000e+06
2.007123100000000000e+07,1.162500000000000000e+02,1.170000000000000000e+02,1.002500000000000000e+02,1.030000000000000000e+02,2.652790000000000000e+07
2.008010700000000000e+07,1.002500000000000000e+02,1.030000000000000000e+02,9.100000000000000000e+01,9.625000000000000000e+01,1.813370000000000000e+07
2.008011400000000000e+07,9.350000000000000000e+01,1.000000000000000000e+02,9.300000000000000000e+01,9.825000000000000000e+01,1.326190000000000000e+07
2.008012100000000000e+07,9.675000000000000000e+01,1.077500000000000000e+02,9.300000000000000000e+01,1.020000000000000000e+02,1.975530000000000000e+07
2.008012800000000000e+07,1.000000000000000000e+02,1.097500000000000000e+02,1.000000000000000000e+02,1.060000000000000000e+02,1.320510000000000000e+07
2.008020400000000000e+07,1.065000000000000000e+02,1.240000000000000000e+02,1.045380020141601562e+02,1.160000000000000000e+02,4.349190000000000000e+07
2.008021100000000000e+07,1.142500000000000000e+02,1.285000000000000000e+02,1.142500000000000000e+02,1.242500000000000000e+02,1.023330000000000000e+07
2.008021800000000000e+07,1.242500000000000000e+02,1.305000000000000000e+02,1.200000000000000000e+02,1.202500000000000000e+02,1.082210000000000000e+07
2.008022500000000000e+07,1.220000000000000000e+02,1.270000000000000000e+02,1.150000000000000000e+02,1.172500000000000000e+02,1.808900000000000000e+07
2.008030300000000000e+07,1.140000000000000000e+02,1.172500000000000000e+02,1.007500000000000000e+02,1.035000000000000000e+02,1.683870000000000000e+07
2.008031000000000000e+07,1.020000000000000000e+02,1.165000000000000000e+02,1.017500000000000000e+02,1.122500000000000000e+02,1.531430000000000000e+07
2.008031700000000000e+07,1.097500000000000000e+02,1.145000000000000000e+02,1.045000000000000000e+02,1.080000000000000000e+02,9.059300000000000000e+06
2.008032400000000000e+07,1.080000000000000000e+02,1.135000000000000000e+02,1.075000000000000000e+02,1.102500000000000000e+02,3.687600000000000000e+06
2.008033100000000000e+07,1.100000000000000000e+02,1.212500000000000000e+02,1.067500000000000000e+02,1.150000000000000000e+02,9.963600000000000000e+06
2.008040700000000000e+07,1.150000000000000000e+02,1.167500000000000000e+02,1.080000000000000000e+02,1.112500000000000000e+02,5.458500000000000000e+06
2.008041400000000000e+07,1.100000000000000000e+02,1.155000000000000000e+02,9.800000000000000000e+01,1.147500000000000000e+02,1.283180000000000000e+07
2.008042100000000000e+07,1.130000000000000000e+02,1.190000000000000000e+02,1.055000000000000000e+02,1.182500000000000000e+02,9.320300000000000000e+06
2.008042800000000000e+07,1.165000000000000000e+02,1.220000000000000000e+02,1.150000000000000000e+02,1.165000000000000000e+02,4.273400000000000000e+06
2.008050500000000000e+07,1.165000000000000000e+02,1.177500000000000000e+02,1.107500000000000000e+02,1.140000000000000000e+02,3.885000000000000000e+06
2.008051200000000000e+07,1.147500000000000000e+02,1.180000000000000000e+02,1.052500000000000000e+02,1.120000000000000000e+02,5.041500000000000000e+06
2.008051900000000000e+07,1.137500000000000000e+02,1.150000000000000000e+02,1.012500000000000000e+02,1.050000000000000000e+02,4.558600000000000000e+06
2.008052600000000000e+07,1.050000000000000000e+02,1.090000000000000000e+02,1.032500000000000000e+02,1.032500000000000000e+02,1.978100000000000000e+06
2.008060200000000000e+07,1.052500000000000000e+02,1.057500000000000000e+02,9.825000000000000000e+01,9.900000000000000000e+01,3.852300000000000000e+06
2.008060900000000000e+07,9.750000000000000000e+01,9.925000000000000000e+01,7.900000000000000000e+01,8.850000000000000000e+01,6.720200000000000000e+06
2.008061600000000000e+07,8.775000000000000000e+01,9.625000000000000000e+01,8.625000000000000000e+01,9.050000000000000000e+01,6.169100000000000000e+06
2.008062300000000000e+07,9.000000000000000000e+01,9.325000000000000000e+01,8.600000000000000000e+01,8.650000000000000000e+01,3.255700000000000000e+06
2.008063000000000000e+07,8.600000000000000000e+01,9.200000000000000000e+01,6.300000000000000000e+01,7.000000000000000000e+01,7.878900000000000000e+06
2.008070700000000000e+07,7.075000000000000000e+01,7.375000000000000000e+01,5.900000000000000000e+01,6.050000000000000000e+01,1.111630000000000000e+07
2.008071400000000000e+07,6.075000000000000000e+01,7.950000000000000000e+01,5.650000000000000000e+01,7.800000000000000000e+01,7.028600000000000000e+06
2.008072100000000000e+07,7.800000000000000000e+01,7.850000000000000000e+01,6.750000000000000000e+01,7.125000000000000000e+01,3.929600000000000000e+06
2.008072800000000000e+07,7.000000000000000000e+01,7.050000000000000000e+01,6.325000000000000000e+01,6.450000000000000000e+01,3.786100000000000000e+06
2.008080400000000000e+07,6.325000000000000000e+01,8.550000000000000000e+01,6.325000000000000000e+01,7.900000000000000000e+01,8.667700000000000000e+06
2.008081100000000000e+07,7.975000000000000000e+01,8.300000000000000000e+01,7.000000000000000000e+01,7.375000000000000000e+01,4.196900000000000000e+06
2.008081800000000000e+07,7.400000000000000000e+01,8.075000000000000000e+01,6.700000000000000000e+01,7.550000000000000000e+01,2.578300000000000000e+06
2.008082500000000000e+07,7.550000000000000000e+01,7.825000000000000000e+01,7.050000000000000000e+01,7.600000000000000000e+01,2.027000000000000000e+06
2.008090100000000000e+07,7.500000000000000000e+01,8.200000000000000000e+01,7.025000000000000000e+01,7.375000000000000000e+01,3.491200000000000000e+06
2.008090800000000000e+07,7.500000000000000000e+01,7.925000000000000000e+01,7.400000000000000000e+01,7.750000000000000000e+01,2.347500000000000000e+06
2.008091500000000000e+07,7.475000000000000000e+01,8.100000000000000000e+01,7.075000000000000000e+01,7.250000000000000000e+01,1.251940000000000000e+07
2.008092200000000000e+07,7.250000000000000000e+01,7.325000000000000000e+01,5.625000000000000000e+01,6.000000000000000000e+01,4.814500000000000000e+06
2.008092900000000000e+07,6.100000000000000000e+01,6.100000000000000000e+01,4.700000000000000000e+01,5.100000000000000000e+01,4.728300000000000000e+06
2.008100600000000000e+07,5.000000000000000000e+01,5.100000000000000000e+01,3.400000000000000000e+01,3.800000000000000000e+01,4.878800000000000000e+06
2.008101300000000000e+07,3.950000000000000000e+01,4.225000000000000000e+01,3.300000000000000000e+01,3.825000000000000000e+01,7.484500000000000000e+06
2.008102000000000000e+07,4.200000000000000000e+01,4.300000000000000000e+01,3.250000000000000000e+01,3.825000000000000000e+01,3.351000000000000000e+06
2.008102700000000000e+07,4.025000000000000000e+01,4.425000000000000000e+01,3.400000000000000000e+01,4.350000000000000000e+01,3.528000000000000000e+06
2.008110300000000000e+07,4.425000000000000000e+01,4.800000000000000000e+01,4.150000000000000000e+01,4.375000000000000000e+01,3.990600000000000000e+06
2.008111000000000000e+07,4.700000000000000000e+01,4.700000000000000000e+01,3.425000000000000000e+01,3.425000000000000000e+01,2.017600000000000000e+06
2.008111700000000000e+07,3.625000000000000000e+01,3.775000000000000000e+01,3.100000000000000000e+01,3.200000000000000000e+01,3.884000000000000000e+06
2.008112400000000000e+07,3.350000000000000000e+01,3.875000000000000000e+01,3.200000000000000000e+01,3.525000000000000000e+01,3.302400000000000000e+06
2.008120100000000000e+07,3.500000000000000000e+01,3.550000000000000000e+01,3.200000000000000000e+01,3.200000000000000000e+01,1.305700000000000000e+06
2.008120800000000000e+07,3.500000000000000000e+01,3.575000000000000000e+01,3.200000000000000000e+01,3.200000000000000000e+01,2.206100000000000000e+06
2.008121500000000000e+07,3.325000000000000000e+01,4.400000000000000000e+01,3.225000000000000000e+01,4.175000000000000000e+01,3.265300000000000000e+06
2.008122200000000000e+07,4.125000000000000000e+01,4.375000000000000000e+01,4.000000000000000000e+01,4.300000000000000000e+01,5.129000000000000000e+05
2.008122900000000000e+07,4.300000000000000000e+01,4.500000000000000000e+01,4.150000000000000000e+01,4.400000000000000000e+01,5.429000000000000000e+05
2.009010500000000000e+07,4.450000000000000000e+01,5.250000000000000000e+01,4.150000000000000000e+01,5.125000000000000000e+01,3.343400000000000000e+06
2.009011200000000000e+07,5.100000000000000000e+01,5.525000000000000000e+01,4.800000000000000000e+01,5.250000000000000000e+01,2.091100000000000000e+06
2.009011900000000000e+07,5.450000000000000000e+01,5.450000000000000000e+01,4.550000000000000000e+01,5.100000000000000000e+01,1.253400000000000000e+06
2.009012600000000000e+07,5.100000000000000000e+01,5.600000000000000000e+01,4.675000000000000000e+01,4.875000000000000000e+01,2.985700000000000000e+06
2.009020200000000000e+07,5.050000000000000000e+01,6.300000000000000000e+01,4.750000000000000000e+01,6.175000000000000000e+01,2.375000000000000000e+06
2.009020900000000000e+07,5.975000000000000000e+01,6.575000000000000000e+01,5.500000000000000000e+01,6.100000000000000000e+01,2.217600000000000000e+06
2.009021600000000000e+07,6.275000000000000000e+01,6.275000000000000000e+01,5.275000000000000000e+01,5.875000000000000000e+01,1.709600000000000000e+06
2.009022300000000000e+07,6.175000000000000000e+01,6.175000000000000000e+01,5.350000000000000000e+01,5.825000000000000000e+01,2.096000000000000000e+06
2.009030200000000000e+07,5.625000000000000000e+01,6.500000000000000000e+01,5.550000000000000000e+01,6.275000000000000000e+01,1.269330000000000000e+07
2.009030900000000000e+07,6.300000000000000000e+01,6.725000000000000000e+01,5.850000000000000000e+01,6.400000000000000000e+01,3.006600000000000000e+06
2.009031600000000000e+07,6.425000000000000000e+01,6.875000000000000000e+01,5.650000000000000000e+01,6.050000000000000000e+01,4.614200000000000000e+06
2.009032300000000000e+07,6.125000000000000000e+01,6.450000000000000000e+01,5.775000000000000000e+01,6.200000000000000000e+01,2.182200000000000000e+06
2.009033000000000000e+07,5.750000000000000000e+01,6.200000000000000000e+01,5.525000000000000000e+01,6.125000000000000000e+01,3.466900000000000000e+06
2.009040600000000000e+07,6.150000000000000000e+01,6.375000000000000000e+01,5.775000000000000000e+01,6.200000000000000000e+01,2.626200000000000000e+06
2.009041300000000000e+07,6.200000000000000000e+01,6.700000000000000000e+01,5.975000000000000000e+01,6.500000000000000000e+01,2.975000000000000000e+06
2.009042000000000000e+07,6.425000000000000000e+01,7.125000000000000000e+01,6.100000000000000000e+01,6.900000000000000000e+01,2.746200000000000000e+06
2.009042700000000000e+07,6.875000000000000000e+01,7.025000000000000000e+01,6.450000000000000000e+01,6.975000000000000000e+01,1.558200000000000000e+06
2.009050400000000000e+07,6.975000000000000000e+01,7.200000000000000000e+01,6.725000000000000000e+01,6.925000000000000000e+01,2.290300000000000000e+06
2.009051100000000000e+07,6.825000000000000000e+01,7.025000000000000000e+01,6.550000000000000000e+01,6.825000000000000000e+01,2.804200000000000000e+06
2.009051800000000000e+07,7.000000000000000000e+01,8.125000000000000000e+01,6.550000000000000000e+01,8.000000000000000000e+01,7.851800000000000000e+06
2.009052500000000000e+07,8.000000000000000000e+01,8.600000000000000000e+01,7.550000000000000000e+01,8.300000000000000000e+01,5.853800000000000000e+06
2.009060100000000000e+07,8.450000000000000000e+01,9.800000000000000000e+01,8.450000000000000000e+01,9.400000000000000000e+01,5.886400000000000000e+06
2.009060800000000000e+07,9.325000000000000000e+01,9.450000000000000000e+01,8.825000000000000000e+01,9.050000000000000000e+01,2.625900000000000000e+06
2.009061500000000000e+07,9.150000000000000000e+01,9.250000000000000000e+01,7.325000000000000000e+01,8.650000000000000000e+01,4.048100000000000000e+06
2.009062200000000000e+07,8.500000000000000000e+01,8.582499694824218750e+01,7.825000000000000000e+01,8.025000000000000000e+01,1.805800000000000000e+06
2.009062900000000000e+07,7.975000000000000000e+01,8.700000000000000000e+01,7.975000000000000000e+01,8.250000000000000000e+01,1.397500000000000000e+06
2.009070600000000000e+07,8.175000000000000000e+01,8.500000000000000000e+01,7.800000000000000000e+01,8.025000000000000000e+01,1.684500000000000000e+06
2.009071300000000000e+07,7.925000000000000000e+01,8.825000000000000000e+01,7.250000000000000000e+01,8.575000000000000000e+01,4.144800000000000000e+06
2.009072000000000000e+07,8.375000000000000000e+01,9.750000000000000000e+01,8.275000000000000000e+01,9.400000000000000000e+01,4.443600000000000000e+06
2.009072700000000000e+07,9.575000000000000000e+01,9.625000000000000000e+01,8.300000000000000000e+01,8.800000000000000000e+01,4.153500000000000000e+06
2.009080300000000000e+07,9.175000000000000000e+01,9.419999694824218750e+01,8.675000000000000000e+01,8.875000000000000000e+01,2.252900000000000000e+06
2.009081000000000000e+07,8.650000000000000000e+01,9.244999694824218750e+01,8.530000305175781250e+01,8.790000000000000568e+01,1.656600000000000000e+06
2.009081700000000000e+07,8.834999999999999432e+01,8.934999847412109375e+01,8.344999694824218750e+01,8.845000000000000284e+01,9.104000000000000000e+05
2.009082400000000000e+07,8.800000000000000000e+01,9.150000000000000000e+01,8.180000305175781250e+01,8.600000000000000000e+01,1.142100000000000000e+06
2.009083100000000000e+07,8.600000000000000000e+01,1.020000000000000000e+02,8.230000305175781250e+01,1.020000000000000000e+02,2.583000000000000000e+06
2.009090700000000000e+07,9.784999999999999432e+01,1.661999969482421875e+02,9.169999694824218750e+01,1.079000000000000057e+02,1.136980000000000000e+07
2.009091400000000000e+07,1.050000000000000000e+02,1.110999984741210938e+02,9.794999694824218750e+01,1.030000000000000000e+02,6.959300000000000000e+06
2.009092100000000000e+07,1.027999999999999972e+02,1.074469985961914062e+02,9.500000000000000000e+01,9.934999999999999432e+01,6.762300000000000000e+06
2.009092800000000000e+07,9.950000000000000000e+01,1.077509994506835938e+02,8.847499847412109375e+01,1.007999999999999972e+02,2.925900000000000000e+06
2.009100500000000000e+07,9.779999999999999716e+01,1.129000015258789062e+02,9.690000152587890625e+01,1.022000000000000028e+02,5.148500000000000000e+06
2.009101200000000000e+07,1.022000000000000028e+02,1.090000000000000000e+02,1.000309982299804688e+02,1.042000000000000028e+02,2.111100000000000000e+06
2.009101900000000000e+07,1.060000000000000000e+02,1.143000030517578125e+02,9.809999847412109375e+01,1.052999999999999972e+02,3.168300000000000000e+06
2.009102600000000000e+07,1.040999999999999943e+02,1.070000000000000000e+02,9.500000000000000000e+01,9.754999999999999716e+01,3.817000000000000000e+06
2.009110200000000000e+07,9.700000000000000000e+01,1.020000000000000000e+02,9.085399627685546875e+01,1.007000000000000028e+02,1.890300000000000000e+06
2.009110900000000000e+07,1.010000000000000000e+02,1.080999984741210938e+02,9.619999694824218750e+01,1.040999999999999943e+02,1.951100000000000000e+06
2.009111600000000000e+07,1.039000000000000057e+02,1.099000015258789062e+02,9.444999694824218750e+01,9.929999999999999716e+01,1.162300000000000000e+06
2.009112300000000000e+07,9.929999999999999716e+01,1.048000030517578125e+02,9.576000213623046875e+01,1.010000000000000000e+02,2.612100000000000000e+06
2.009113000000000000e+07,1.000000000000000000e+02,1.100000000000000000e+02,9.705000305175781250e+01,1.032000000000000028e+02,2.888400000000000000e+06
2.009120700000000000e+07,1.020000000000000000e+02,1.105999984741210938e+02,9.800000000000000000e+01,9.850000000000000000e+01,3.013800000000000000e+06
2.009121400000000000e+07,1.014000000000000057e+02,1.031999969482421875e+02,9.127200317382812500e+01,1.014000000000000057e+02,3.238300000000000000e+06
2.009122100000000000e+07,9.475000000000000000e+01,1.020000000000000000e+02,9.475000000000000000e+01,9.650000000000000000e+01,7.412000000000000000e+05
2.009122800000000000e+07,9.650000000000000000e+01,1.010000000000000000e+02,9.330000305175781250e+01,9.770000000000000284e+01,9.477000000000000000e+05
2.010010400000000000e+07,9.550000000000000000e+01,1.024000015258789062e+02,9.550000000000000000e+01,9.720000000000000284e+01,2.773700000000000000e+06
2.010011100000000000e+07,9.879999999999999716e+01,1.009000015258789062e+02,9.330000305175781250e+01,9.750000000000000000e+01,1.966800000000000000e+06
2.010011800000000000e+07,1.005000000000000000e+02,1.018919982910156250e+02,9.315000152587890625e+01,9.540000000000000568e+01,1.571400000000000000e+06
2.010012500000000000e+07,9.559999999999999432e+01,1.015000000000000000e+02,9.484999847412109375e+01,9.579999999999999716e+01,3.386400000000000000e+06
2.010020100000000000e+07,9.445000000000000284e+01,1.100000000000000000e+02,9.369400024414062500e+01,9.500000000000000000e+01,1.869100000000000000e+06
2.010020800000000000e+07,9.784999999999999432e+01,1.061999969482421875e+02,9.300000000000000000e+01,1.044000000000000057e+02,5.451200000000000000e+06
2.010021500000000000e+07,1.032999999999999972e+02,1.059000015258789062e+02,1.024000015258789062e+02,1.052000000000000028e+02,2.048800000000000000e+06
2.010022200000000000e+07,1.065999999999999943e+02,1.065999984741210938e+02,9.965000152587890625e+01,1.025999999999999943e+02,1.679200000000000000e+06
2.010030100000000000e+07,1.050999999999999943e+02,1.149000015258789062e+02,1.030000000000000000e+02,1.125000000000000000e+02,1.688400000000000000e+06
2.010030800000000000e+07,1.119000000000000057e+02,1.173450012207031250e+02,1.036999969482421875e+02,1.060000000000000000e+02,1.483100000000000000e+06
2.010031500000000000e+07,1.077999999999999972e+02,1.108000030517578125e+02,1.030000000000000000e+02,1.050999999999999943e+02,4.793600000000000000e+06
2.010032200000000000e+07,1.059000000000000057e+02,1.128000030517578125e+02,1.038000030517578125e+02,1.087000000000000028e+02,7.861000000000000000e+05
2.010032900000000000e+07,1.060000000000000000e+02,1.134000015258789062e+02,1.049000015258789062e+02,1.100000000000000000e+02,9.734000000000000000e+05
2.010040500000000000e+07,1.100000000000000000e+02,1.115000000000000000e+02,1.056999969482421875e+02,1.072000000000000028e+02,1.158100000000000000e+06
2.010041200000000000e+07,1.062999999999999972e+02,1.115000000000000000e+02,1.040000000000000000e+02,1.087999999999999972e+02,1.809500000000000000e+06
2.010041900000000000e+07,1.115999999999999943e+02,1.126999969482421875e+02,1.040000000000000000e+02,1.120000000000000000e+02,1.696100000000000000e+06
2.010042600000000000e+07,1.117999999999999972e+02,1.175999984741210938e+02,1.065000000000000000e+02,1.125000000000000000e+02,1.112300000000000000e+06
2.010050300000000000e+07,1.125000000000000000e+02,1.125000000000000000e+02,9.375000000000000000e+01,9.700000000000000000e+01,2.056200000000000000e+06
2.010051000000000000e+07,1.007000000000000028e+02,1.080000000000000000e+02,9.800000000000000000e+01,1.002999999999999972e+02,1.513600000000000000e+06
2.010051700000000000e+07,1.019000000000000057e+02,1.050000000000000000e+02,8.869999694824218750e+01,9.425000000000000000e+01,1.404800000000000000e+06
2.010052400000000000e+07,9.734999999999999432e+01,1.054000015258789062e+02,9.200000000000000000e+01,1.017999999999999972e+02,1.642800000000000000e+06
2.010053100000000000e+07,1.017999999999999972e+02,1.022630004882812500e+02,9.305000305175781250e+01,9.500000000000000000e+01,1.089000000000000000e+06
2.010060700000000000e+07,9.375000000000000000e+01,9.690000152587890625e+01,9.130000305175781250e+01,9.465000000000000568e+01,3.014600000000000000e+06
2.010061400000000000e+07,9.559999999999999432e+01,1.126999969482421875e+02,9.469999694824218750e+01,1.080000000000000000e+02,2.317000000000000000e+06
2.010062100000000000e+07,1.052999999999999972e+02,1.180000000000000000e+02,1.020999984741210938e+02,1.065000000000000000e+02,1.946400000000000000e+06
2.010062800000000000e+07,1.039000000000000057e+02,1.100000000000000000e+02,1.000000000000000000e+02,1.059000000000000057e+02,1.896800000000000000e+06
2.010070500000000000e+07,1.100000000000000000e+02,1.138000030517578125e+02,1.019499969482421875e+02,1.099000000000000057e+02,1.041300000000000000e+06
2.010071200000000000e+07,1.100000000000000000e+02,1.160000000000000000e+02,1.025999984741210938e+02,1.132000000000000028e+02,1.119800000000000000e+06
2.010071900000000000e+07,1.165000000000000000e+02,1.193000030517578125e+02,1.108000030517578125e+02,1.160999999999999943e+02,2.131100000000000000e+06
2.010072600000000000e+07,1.195999999999999943e+02,1.195999984741210938e+02,1.095000000000000000e+02,1.100000000000000000e+02,1.184600000000000000e+06
2.010080200000000000e+07,1.190000000000000000e+02,1.190000000000000000e+02,1.040000000000000000e+02,1.075000000000000000e+02,1.761400000000000000e+06
2.010080900000000000e+07,1.097000000000000028e+02,1.100000000000000000e+02,1.000000000000000000e+02,1.025000000000000000e+02,2.316900000000000000e+06
2.010081600000000000e+07,1.042000000000000028e+02,1.078000030517578125e+02,1.024430007934570312e+02,1.037000000000000028e+02,2.245300000000000000e+06
2.010082300000000000e+07,1.074000000000000057e+02,1.074000015258789062e+02,1.023420028686523438e+02,1.042999999999999972e+02,2.212400000000000000e+06
2.010083000000000000e+07,1.042999999999999972e+02,1.148000030517578125e+02,1.030000000000000000e+02,1.140000000000000000e+02,1.904400000000000000e+06
2.010090600000000000e+07,1.130999999999999943e+02,1.259000015258789062e+02,1.103000030517578125e+02,1.255000000000000000e+02,3.506300000000000000e+06
2.010091300000000000e+07,1.259000000000000057e+02,1.311329956054687500e+02,1.198290023803710938e+02,1.255999999999999943e+02,3.324400000000000000e+06
2.010092000000000000e+07,1.257000000000000028e+02,1.365000000000000000e+02,1.240000000000000000e+02,1.348000000000000114e+02,2.097400000000000000e+06
2.010092700000000000e+07,1.335999999999999943e+02,1.431999969482421875e+02,1.291999969482421875e+02,1.405000000000000000e+02,1.344300000000000000e+06
2.010100400000000000e+07,1.410000000000000000e+02,1.486100006103515625e+02,1.393000030517578125e+02,1.450000000000000000e+02,1.452900000000000000e+06
2.010101100000000000e+07,1.453000000000000114e+02,1.543000030517578125e+02,1.408999938964843750e+02,1.495000000000000000e+02,1.432300000000000000e+06
2.010101800000000000e+07,1.490000000000000000e+02,1.511849975585937500e+02,1.381269989013671875e+02,1.436999999999999886e+02,1.756600000000000000e+06
2.010102500000000000e+07,1.421999999999999886e+02,1.471999969482421875e+02,1.366380004882812500e+02,1.401999999999999886e+02,1.017500000000000000e+06
2.010110100000000000e+07,1.423000000000000114e+02,1.450000000000000000e+02,1.280000000000000000e+02,1.305000000000000000e+02,1.798900000000000000e+06
2.010110800000000000e+07,1.257000000000000028e+02,1.376999969482421875e+02,1.205999984741210938e+02,1.338000000000000114e+02,2.519500000000000000e+06
2.010111500000000000e+07,1.348000000000000114e+02,1.380000000000000000e+02,1.230510025024414062e+02,1.285000000000000000e+02,1.587200000000000000e+06
2.010112200000000000e+07,1.315999999999999943e+02,1.410000000000000000e+02,1.283999938964843750e+02,1.310000000000000000e+02,1.126600000000000000e+06
2.010112900000000000e+07,1.310999999999999943e+02,1.381000061035156250e+02,1.270000000000000000e+02,1.356999999999999886e+02,1.694400000000000000e+06
2.010120600000000000e+07,1.370999999999999943e+02,1.483049926757812500e+02,1.351999969482421875e+02,1.460000000000000000e+02,1.991200000000000000e+06
2.010121300000000000e+07,1.450000000000000000e+02,1.543000030517578125e+02,1.420000000000000000e+02,1.528000000000000114e+02,3.384000000000000000e+06
2.010122000000000000e+07,1.520000000000000000e+02,1.628999938964843750e+02,1.513999938964843750e+02,1.600000000000000000e+02,1.600000000000000000e+06
2.010122700000000000e+07,1.600000000000000000e+02,1.757089996337890625e+02,1.573999938964843750e+02,1.660000000000000000e+02,9.725000000000000000e+05
2.011011000000000000e+07,1.685000000000000000e+02,1.768000030517578125e+02,1.655000000000000000e+02,1.690000000000000000e+02,1.029000000000000000e+06
2.011011700000000000e+07,1.705000000000000000e+02,1.748999938964843750e+02,1.623000030517578125e+02,1.679000000000000057e+02,7.510000000000000000e+05
2.011012400000000000e+07,1.699000000000000057e+02,1.728000030517578125e+02,1.603999938964843750e+02,1.660000000000000000e+02,1.199900000000000000e+06
2.011013100000000000e+07,1.658000000000000114e+02,1.718999938964843750e+02,1.615000000000000000e+02,1.656999999999999886e+02,1.543800000000000000e+06
2.011020700000000000e+07,1.653000000000000114e+02,1.691999969482421875e+02,1.571000061035156250e+02,1.598000000000000114e+02,2.063400000000000000e+06
2.011021400000000000e+07,1.598000000000000114e+02,1.780000000000000000e+02,1.586999969482421875e+02,1.693000000000000114e+02,1.375400000000000000e+06
2.011022100000000000e+07,1.700000000000000000e+02,1.860000000000000000e+02,1.648999938964843750e+02,1.855000000000000000e+02,1.879000000000000000e+06
2.011022800000000000e+07,1.870000000000000000e+02,1.925000000000000000e+02,1.750000000000000000e+02,1.811999999999999886e+02,1.928200000000000000e+06
2.011030700000000000e+07,1.795000000000000000e+02,1.900000000000000000e+02,1.731000061035156250e+02,1.838000000000000114e+02,3.075700000000000000e+06
2.011031400000000000e+07,1.830999999999999943e+02,1.890000000000000000e+02,1.751999969482421875e+02,1.800000000000000000e+02,1.508800000000000000e+06
2.011032100000000000e+07,1.795999999999999943e+02,1.963999938964843750e+02,1.796000061035156250e+02,1.960999999999999943e+02,9.186000000000000000e+05
2.011032800000000000e+07,1.964000000000000057e+02,1.964900054931640625e+02,1.750000000000000000e+02,1.836999999999999886e+02,1.950200000000000000e+06
2.011040400000000000e+07,1.849000000000000057e+02,1.978000030517578125e+02,1.757500000000000000e+02,1.931999999999999886e+02,2.265500000000000000e+06
2.011041100000000000e+07,1.930999999999999943e+02,2.001000061035156250e+02,1.890000000000000000e+02,1.980000000000000000e+02,1.806800000000000000e+06
2.011041800000000000e+07,1.980000000000000000e+02,2.018000030517578125e+02,1.878000030517578125e+02,1.995999999999999943e+02,1.159900000000000000e+06
2.011050900000000000e+07,2.003000000000000114e+02,2.123999938964843750e+02,1.936000061035156250e+02,2.064000000000000057e+02,8.692000000000000000e+05
2.011051600000000000e+07,2.075000000000000000e+02,2.153999938964843750e+02,1.981000061035156250e+02,2.135999999999999943e+02,8.384000000000000000e+05
2.011052300000000000e+07,2.150000000000000000e+02,2.291000061035156250e+02,2.037019958496093750e+02,2.250000000000000000e+02,1.389900000000000000e+06
2.011060600000000000e+07,2.229000000000000057e+02,2.321999969482421875e+02,2.118049926757812500e+02,2.164000000000000057e+02,1.157800000000000000e+06
2.011061300000000000e+07,2.154000000000000057e+02,2.328999938964843750e+02,2.103659973144531250e+02,2.270000000000000000e+02,1.749000000000000000e+06
2.011062000000000000e+07,2.249000000000000057e+02,2.320000000000000000e+02,2.198000030517578125e+02,2.303000000000000114e+02,8.012000000000000000e+05
2.011062700000000000e+07,2.255999999999999943e+02,2.523999938964843750e+02,2.245000000000000000e+02,2.400000000000000000e+02,1.495200000000000000e+06
2.011070400000000000e+07,2.350999999999999943e+02,2.650000000000000000e+02,2.236000061035156250e+02,2.611999999999999886e+02,1.695800000000000000e+06
2.011071100000000000e+07,2.620000000000000000e+02,2.700000000000000000e+02,2.413999938964843750e+02,2.545000000000000000e+02,1.848600000000000000e+06
2.011071800000000000e+07,2.555000000000000000e+02,2.620000000000000000e+02,2.450000000000000000e+02,2.603999999999999773e+02,1.211400000000000000e+06
2.011072500000000000e+07,2.611000000000000227e+02,2.686690063476562500e+02,2.522070007324218750e+02,2.658999999999999773e+02,1.162300000000000000e+06
2.011080100000000000e+07,2.691999999999999886e+02,2.700000000000000000e+02,1.911000061035156250e+02,2.116999999999999886e+02,1.485600000000000000e+06
2.011080800000000000e+07,2.134000000000000057e+02,2.300000000000000000e+02,1.941999969482421875e+02,2.114000000000000057e+02,1.540600000000000000e+06
2.011081500000000000e+07,2.141999999999999886e+02,2.240000000000000000e+02,2.036000061035156250e+02,2.070000000000000000e+02,1.239900000000000000e+06
2.011082200000000000e+07,2.050000000000000000e+02,2.203999938964843750e+02,2.000000000000000000e+02,2.060999999999999943e+02,8.119000000000000000e+05
2.011090500000000000e+07,2.129000000000000057e+02,2.310000000000000000e+02,2.031000061035156250e+02,2.235999999999999943e+02,1.029000000000000000e+06
2.011091200000000000e+07,2.208000000000000114e+02,2.336000061035156250e+02,2.086139984130859375e+02,2.246999999999999886e+02,8.465000000000000000e+05
2.011091900000000000e+07,2.160000000000000000e+02,2.330000000000000000e+02,2.160000000000000000e+02,2.274000000000000057e+02,9.606000000000000000e+05
2.011092600000000000e+07,2.276999999999999886e+02,2.308750000000000000e+02,2.140000000000000000e+02,2.188000000000000114e+02,8.670000000000000000e+05
2.011100300000000000e+07,2.161999999999999886e+02,2.295000000000000000e+02,1.970000000000000000e+02,2.100000000000000000e+02,1.052800000000000000e+06
2.011101000000000000e+07,2.143000000000000114e+02,2.358000030517578125e+02,2.086999969482421875e+02,2.300000000000000000e+02,1.125800000000000000e+06
2.011101700000000000e+07,2.300999999999999943e+02,2.410000000000000000e+02,2.206000061035156250e+02,2.361999999999999886e+02,8.844000000000000000e+05
2.011102400000000000e+07,2.388000000000000114e+02,2.436100006103515625e+02,2.251999969482421875e+02,2.400000000000000000e+02,1.384700000000000000e+06
2.011103100000000000e+07,2.379000000000000057e+02,2.498000030517578125e+02,2.203000030517578125e+02,2.394000000000000057e+02,1.715400000000000000e+06
2.011110700000000000e+07,2.334000000000000057e+02,2.423000030517578125e+02,2.261999969482421875e+02,2.379000000000000057e+02,1.287000000000000000e+06
2.011111400000000000e+07,2.401999999999999886e+02,2.431150054931640625e+02,2.268000030517578125e+02,2.330999999999999943e+02,6.891000000000000000e+05
2.011112100000000000e+07,2.463000000000000114e+02,2.463999938964843750e+02,2.241560058593750000e+02,2.254000000000000057e+02,7.007000000000000000e+05
2.011112800000000000e+07,2.305000000000000000e+02,2.388999938964843750e+02,2.152879943847656250e+02,2.319000000000000057e+02,9.868000000000000000e+05
2.011120500000000000e+07,2.320000000000000000e+02,2.326999969482421875e+02,2.076000061035156250e+02,2.115999999999999943e+02,1.409700000000000000e+06
2.011121200000000000e+07,2.124000000000000057e+02,2.180000000000000000e+02,1.879279937744140625e+02,2.100000000000000000e+02,8.946200000000000000e+06
2.011121900000000000e+07,2.150000000000000000e+02,2.166999969482421875e+02,2.038999938964843750e+02,2.064000000000000057e+02,1.702300000000000000e+06
2.011122600000000000e+07,2.064000000000000057e+02,2.133999938964843750e+02,2.053999938964843750e+02,2.134000000000000057e+02,4.016000000000000000e+05
2.012010200000000000e+07,2.134000000000000057e+02,2.300000000000000000e+02,2.098000030517578125e+02,2.300000000000000000e+02,2.808200000000000000e+06
2.012010900000000000e+07,2.291999999999999886e+02,2.376130065917968750e+02,2.229579925537109375e+02,2.315000000000000000e+02,4.614200000000000000e+06
2.012011600000000000e+07,2.299000000000000057e+02,2.378999938964843750e+02,2.242440032958984375e+02,2.350000000000000000e+02,1.376400000000000000e+06
2.012012300000000000e+07,2.335999999999999943e+02,2.390000000000000000e+02,2.283880004882812500e+02,2.378000000000000114e+02,2.559200000000000000e+06
2.012013000000000000e+07,2.379000000000000057e+02,2.577999877929687500e+02,2.235249938964843750e+02,2.566999999999999886e+02,2.211200000000000000e+06
2.012020600000000000e+07,2.559000000000000057e+02,2.610000000000000000e+02,2.500000000000000000e+02,2.590000000000000000e+02,1.807400000000000000e+06
2.012021300000000000e+07,2.590000000000000000e+02,2.893999938964843750e+02,2.550000000000000000e+02,2.868000000000000114e+02,4.650300000000000000e+06
2.012022000000000000e+07,2.898000000000000114e+02,2.973110046386718750e+02,2.850000000000000000e+02,2.941000000000000227e+02,2.258100000000000000e+06
2.012022700000000000e+07,2.705000000000000000e+02,2.970000000000000000e+02,2.662000122070312500e+02,2.936999999999999886e+02,9.721000000000000000e+05
2.012030500000000000e+07,2.936999999999999886e+02,2.937879943847656250e+02,2.669410095214843750e+02,2.796000000000000227e+02,2.153200000000000000e+06
2.012031200000000000e+07,2.786000000000000227e+02,2.950000000000000000e+02,2.766000061035156250e+02,2.910000000000000000e+02,1.954200000000000000e+06
2.012031900000000000e+07,2.913999999999999773e+02,2.922000122070312500e+02,2.758080139160156250e+02,2.875000000000000000e+02,9.546000000000000000e+05
2.012032600000000000e+07,2.900000000000000000e+02,2.922999877929687500e+02,2.807789916992187500e+02,2.890000000000000000e+02,1.287700000000000000e+06
2.012040200000000000e+07,2.906999999999999886e+02,2.946310119628906250e+02,2.800000000000000000e+02,2.850000000000000000e+02,1.314500000000000000e+06
2.012040900000000000e+07,2.850000000000000000e+02,2.907000122070312500e+02,2.654549865722656250e+02,2.811999999999999886e+02,1.764900000000000000e+06
2.012041600000000000e+07,2.806999999999999886e+02,2.850000000000000000e+02,2.760000000000000000e+02,2.808999999999999773e+02,2.252400000000000000e+06
2.012042300000000000e+07,2.783999999999999773e+02,3.021000061035156250e+02,2.691489868164062500e+02,3.020000000000000000e+02,4.101900000000000000e+06
2.012043000000000000e+07,3.020000000000000000e+02,3.159890136718750000e+02,2.992000122070312500e+02,3.051999999999999886e+02,3.762600000000000000e+06
2.012050700000000000e+07,3.051999999999999886e+02,3.107000122070312500e+02,2.991000061035156250e+02,3.100000000000000000e+02,2.095600000000000000e+06
2.012051400000000000e+07,3.068999999999999773e+02,3.105000000000000000e+02,2.870000000000000000e+02,2.888000000000000114e+02,1.205500000000000000e+06
2.012052100000000000e+07,2.886999999999999886e+02,2.976000061035156250e+02,2.782879943847656250e+02,2.890000000000000000e+02,1.991600000000000000e+06
2.012052800000000000e+07,3.000000000000000000e+02,3.000000000000000000e+02,2.855000000000000000e+02,2.896000000000000227e+02,1.448800000000000000e+06
2.012060400000000000e+07,2.896000000000000227e+02,2.957000122070312500e+02,2.815390014648437500e+02,2.948000000000000114e+02,8.007000000000000000e+05
2.012061100000000000e+07,2.990000000000000000e+02,2.998340148925781250e+02,2.882999877929687500e+02,2.890000000000000000e+02,1.310800000000000000e+06
2.012061800000000000e+07,2.931000000000000227e+02,3.100000000000000000e+02,2.892000122070312500e+02,3.048000000000000114e+02,1.116800000000000000e+06
2.012062500000000000e+07,3.018999999999999773e+02,3.083999938964843750e+02,2.925000000000000000e+02,3.058000000000000114e+02,7.690000000000000000e+05
2.012070200000000000e+07,3.050000000000000000e+02,3.142000122070312500e+02,2.997999877929687500e+02,3.100000000000000000e+02,7.351000000000000000e+05
2.012070900000000000e+07,3.076000000000000227e+02,3.110270080566406250e+02,2.927999877929687500e+02,2.976000000000000227e+02,1.194300000000000000e+06
2.012071600000000000e+07,2.981999999999999886e+02,3.001000061035156250e+02,2.880000000000000000e+02,2.946999999999999886e+02,1.849300000000000000e+06
2.012072300000000000e+07,3.068999999999999773e+02,3.068999938964843750e+02,2.847999877929687500e+02,2.895000000000000000e+02,8.308000000000000000e+05
2.012073000000000000e+07,2.895000000000000000e+02,2.950000000000000000e+02,2.807799987792968750e+02,2.900000000000000000e+02,2.218200000000000000e+06
2.012080600000000000e+07,2.900000000000000000e+02,3.128999938964843750e+02,2.900000000000000000e+02,3.050000000000000000e+02,1.002600000000000000e+06
2.012081300000000000e+07,3.060000000000000000e+02,3.081000061035156250e+02,2.947999877929687500e+02,3.000000000000000000e+02,5.503000000000000000e+05
2.012082000000000000e+07,3.000000000000000000e+02,3.095000000000000000e+02,2.914790039062500000e+02,2.958000000000000114e+02,5.750000000000000000e+05
2.012082700000000000e+07,2.958000000000000114e+02,3.095000000000000000e+02,2.935000000000000000e+02,3.060000000000000000e+02,6.632000000000000000e+05
2.012090300000000000e+07,3.036000000000000227e+02,3.316799926757812500e+02,2.982090148925781250e+02,3.310000000000000000e+02,2.927300000000000000e+06
2.012091000000000000e+07,3.281000000000000227e+02,3.390000000000000000e+02,3.250000000000000000e+02,3.390000000000000000e+02,1.966200000000000000e+06
2.012091700000000000e+07,3.371000000000000227e+02,3.520000000000000000e+02,3.345400085449218750e+02,3.488999999999999773e+02,1.833900000000000000e+06
2.012092400000000000e+07,3.473999999999999773e+02,3.538999938964843750e+02,3.417999877929687500e+02,3.441000000000000227e+02,1.152700000000000000e+06
2.012100100000000000e+07,3.520000000000000000e+02,3.900000000000000000e+02,3.384559936523437500e+02,3.871999999999999886e+02,1.914100000000000000e+06
2.012100800000000000e+07,3.895000000000000000e+02,4.043999938964843750e+02,3.844150085449218750e+02,3.940000000000000000e+02,2.045900000000000000e+06
2.012101500000000000e+07,3.925000000000000000e+02,4.174559936523437500e+02,3.917999877929687500e+02,4.100000000000000000e+02,1.385500000000000000e+06
2.012102200000000000e+07,4.100000000000000000e+02,4.134289855957031250e+02,3.922999877929687500e+02,4.050000000000000000e+02,1.538100000000000000e+06
2.012102900000000000e+07,4.058000000000000114e+02,4.092000122070312500e+02,3.937000122070312500e+02,4.068999999999999773e+02,9.522000000000000000e+05
2.012110500000000000e+07,4.085000000000000000e+02,4.085000000000000000e+02,3.788389892578125000e+02,3.856999999999999886e+02,1.073300000000000000e+06
2.012111200000000000e+07,3.870000000000000000e+02,4.036000061035156250e+02,3.832239990234375000e+02,3.855000000000000000e+02,1.021200000000000000e+06
2.012111900000000000e+07,3.880000000000000000e+02,4.030000000000000000e+02,3.849819946289062500e+02,3.911999999999999886e+02,8.856000000000000000e+05
2.012112600000000000e+07,3.860000000000000000e+02,3.912999877929687500e+02,3.740660095214843750e+02,3.808999999999999773e+02,9.379000000000000000e+05
2.012120300000000000e+07,3.751999999999999886e+02,4.000000000000000000e+02,3.752000122070312500e+02,3.990000000000000000e+02,7.278000000000000000e+05
2.012121000000000000e+07,3.846000000000000227e+02,4.112600097656250000e+02,3.567999877929687500e+02,3.673999999999999773e+02,2.431500000000000000e+06
2.012121700000000000e+07,3.698999999999999773e+02,3.951000061035156250e+02,3.697999877929687500e+02,3.828000000000000114e+02,1.407100000000000000e+06
2.012122400000000000e+07,3.816999999999999886e+02,3.995520019531250000e+02,3.713829956054687500e+02,3.865000000000000000e+02,3.935000000000000000e+05
2.012123100000000000e+07,3.911999999999999886e+02,4.008999938964843750e+02,3.842200012207031250e+02,3.980000000000000000e+02,4.799000000000000000e+05
2.013010700000000000e+07,4.010000000000000000e+02,4.048999938964843750e+02,3.825620117187500000e+02,4.030000000000000000e+02,1.899000000000000000e+06
2.013011400000000000e+07,4.048999999999999773e+02,4.098649902343750000e+02,3.981000061035156250e+02,4.076000000000000227e+02,1.259400000000000000e+06
2.013012100000000000e+07,4.078999999999999773e+02,4.087999877929687500e+02,3.949739990234375000e+02,4.036000000000000227e+02,7.828000000000000000e+05
2.013012800000000000e+07,4.061999999999999886e+02,4.110000000000000000e+02,3.930000000000000000e+02,4.028999999999999773e+02,6.490000000000000000e+05
2.013020400000000000e+07,4.140000000000000000e+02,4.442999877929687500e+02,3.943999938964843750e+02,4.403000000000000114e+02,2.006000000000000000e+06
2.013021100000000000e+07,4.400000000000000000e+02,4.438999938964843750e+02,4.150000000000000000e+02,4.200000000000000000e+02,9.365000000000000000e+05
2.013021800000000000e+07,4.181999999999999886e+02,4.521000061035156250e+02,4.116000061035156250e+02,4.350000000000000000e+02,2.743000000000000000e+06
2.013022500000000000e+07,4.395000000000000000e+02,4.486499938964843750e+02,3.910000000000000000e+02,4.180000000000000000e+02,4.736300000000000000e+06
2.013030400000000000e+07,4.151999999999999886e+02,4.400480041503906250e+02,4.043389892578125000e+02,4.301000000000000227e+02,1.490500000000000000e+06
2.013031100000000000e+07,4.175000000000000000e+02,4.380140075683593750e+02,4.175000000000000000e+02,4.246999999999999886e+02,1.840800000000000000e+06
2.013031800000000000e+07,4.241999999999999886e+02,4.362000122070312500e+02,4.074779968261718750e+02,4.323000000000000114e+02,1.631400000000000000e+06
2.013032500000000000e+07,4.323000000000000114e+02,4.387999877929687500e+02,4.177999877929687500e+02,4.261999999999999886e+02,5.484200000000000000e+06
2.013040100000000000e+07,4.261999999999999886e+02,4.290000000000000000e+02,4.135000000000000000e+02,4.160000000000000000e+02,1.403500000000000000e+06
2.013040800000000000e+07,4.126999999999999886e+02,4.280000000000000000e+02,4.127000122070312500e+02,4.263999999999999773e+02,1.841400000000000000e+06
2.013041500000000000e+07,4.253000000000000114e+02,4.418999938964843750e+02,4.116539916992187500e+02,4.398000000000000114e+02,1.258000000000000000e+06
2.013042200000000000e+07,4.368999999999999773e+02,4.694479980468750000e+02,4.361000061035156250e+02,4.671999999999999886e+02,3.446300000000000000e+06
2.013042900000000000e+07,4.666999999999999886e+02,4.774790039062500000e+02,4.625960083007812500e+02,4.770000000000000000e+02,1.947500000000000000e+06
2.013050600000000000e+07,4.770000000000000000e+02,4.947000122070312500e+02,4.737000122070312500e+02,4.946999999999999886e+02,8.020000000000000000e+05
2.013051300000000000e+07,5.000000000000000000e+02,5.285000000000000000e+02,4.942999877929687500e+02,5.265000000000000000e+02,2.706700000000000000e+06
2.013052000000000000e+07,5.285000000000000000e+02,5.321550292968750000e+02,4.980000000000000000e+02,5.075000000000000000e+02,1.620600000000000000e+06
2.013052700000000000e+07,5.075000000000000000e+02,5.220000000000000000e+02,4.980690002441406250e+02,5.115000000000000000e+02,1.504300000000000000e+06
2.013060300000000000e+07,5.120000000000000000e+02,5.260000000000000000e+02,5.050000000000000000e+02,5.165000000000000000e+02,9.563000000000000000e+05
2.013061000000000000e+07,5.180000000000000000e+02,5.340000000000000000e+02,5.100000000000000000e+02,5.235000000000000000e+02,1.396900000000000000e+06
2.013061700000000000e+07,5.235000000000000000e+02,5.440000000000000000e+02,5.219229736328125000e+02,5.375000000000000000e+02,1.303100000000000000e+06
2.013062400000000000e+07,5.285000000000000000e+02,5.620000000000000000e+02,5.045769958496093750e+02,5.525000000000000000e+02,2.035000000000000000e+06
2.013070100000000000e+07,5.550000000000000000e+02,5.950000000000000000e+02,5.480000000000000000e+02,5.635000000000000000e+02,1.436500000000000000e+06
2.013070800000000000e+07,5.640000000000000000e+02,5.750000000000000000e+02,5.630000000000000000e+02,5.675000000000000000e+02,1.025500000000000000e+06
2.013071500000000000e+07,5.700000000000000000e+02,6.590000000000000000e+02,5.680000000000000000e+02,6.475000000000000000e+02,3.545900000000000000e+06
2.013072200000000000e+07,6.480000000000000000e+02,6.625000000000000000e+02,6.386129760742187500e+02,6.610000000000000000e+02,4.549800000000000000e+06
2.013072900000000000e+07,6.610000000000000000e+02,6.720000000000000000e+02,6.525000000000000000e+02,6.590000000000000000e+02,2.484400000000000000e+06
2.013080500000000000e+07,6.580000000000000000e+02,6.851149902343750000e+02,6.447249755859375000e+02,6.550000000000000000e+02,1.430830000000000000e+07
2.013081200000000000e+07,6.575000000000000000e+02,6.585000000000000000e+02,6.270000000000000000e+02,6.350000000000000000e+02,1.826000000000000000e+06
2.013081900000000000e+07,6.390000000000000000e+02,6.685000000000000000e+02,6.263750000000000000e+02,6.645000000000000000e+02,1.490400000000000000e+06
2.013082600000000000e+07,6.645000000000000000e+02,6.775000000000000000e+02,6.505000000000000000e+02,6.750000000000000000e+02,2.380800000000000000e+06
2.013090200000000000e+07,6.775000000000000000e+02,7.070000000000000000e+02,6.760000000000000000e+02,7.045000000000000000e+02,3.049700000000000000e+06
2.013090900000000000e+07,6.965000000000000000e+02,7.325000000000000000e+02,6.965000000000000000e+02,7.150000000000000000e+02,3.022500000000000000e+06
2.013091600000000000e+07,7.200000000000000000e+02,7.300000000000000000e+02,6.985000000000000000e+02,7.015000000000000000e+02,7.172200000000000000e+06
2.013092300000000000e+07,7.035000000000000000e+02,7.140000000000000000e+02,6.885000000000000000e+02,7.130000000000000000e+02,2.206800000000000000e+06
2.013093000000000000e+07,7.065000000000000000e+02,7.130000000000000000e+02,6.900000000000000000e+02,7.050000000000000000e+02,2.900400000000000000e+06
2.013100700000000000e+07,7.010000000000000000e+02,7.035000000000000000e+02,6.645000000000000000e+02,6.875000000000000000e+02,2.756500000000000000e+06
2.013101400000000000e+07,6.855000000000000000e+02,7.200000000000000000e+02,6.820000000000000000e+02,7.115000000000000000e+02,3.039200000000000000e+06
2.013102100000000000e+07,7.170000000000000000e+02,7.230000000000000000e+02,6.500000000000000000e+02,6.880000000000000000e+02,6.567900000000000000e+06
2.013102800000000000e+07,6.925000000000000000e+02,7.030000000000000000e+02,6.820000000000000000e+02,6.995000000000000000e+02,2.360800000000000000e+06
2.013110400000000000e+07,7.020000000000000000e+02,7.135000000000000000e+02,6.470499877929687500e+02,6.865000000000000000e+02,2.979400000000000000e+06
2.013111100000000000e+07,6.915000000000000000e+02,6.950000000000000000e+02,6.750999755859375000e+02,6.865000000000000000e+02,2.700600000000000000e+06
2.013111800000000000e+07,6.835000000000000000e+02,6.940000000000000000e+02,6.800000000000000000e+02,6.930000000000000000e+02,2.167800000000000000e+06
2.013112500000000000e+07,6.980000000000000000e+02,7.470000000000000000e+02,6.790000000000000000e+02,7.385000000000000000e+02,2.811500000000000000e+06
2.013120200000000000e+07,7.415000000000000000e+02,7.535000000000000000e+02,7.330000000000000000e+02,7.515000000000000000e+02,2.755200000000000000e+06
2.013120900000000000e+07,7.530000000000000000e+02,7.714749755859375000e+02,6.575000000000000000e+02,7.020000000000000000e+02,1.333620000000000000e+07
2.013121600000000000e+07,7.070000000000000000e+02,7.340000000000000000e+02,6.964089965820312500e+02,7.180000000000000000e+02,9.164900000000000000e+06
2.013122300000000000e+07,7.180000000000000000e+02,7.345000000000000000e+02,7.100000000000000000e+02,7.285000000000000000e+02,7.543000000000000000e+05
2.013123000000000000e+07,7.150000000000000000e+02,7.340000000000000000e+02,7.135000000000000000e+02,7.340000000000000000e+02,2.312700000000000000e+06
2.014010600000000000e+07,7.205000000000000000e+02,7.600000000000000000e+02,7.205000000000000000e+02,7.560000000000000000e+02,5.191600000000000000e+06
2.014011300000000000e+07,7.460000000000000000e+02,7.609500122070312500e+02,7.120000000000000000e+02,7.120000000000000000e+02,3.645000000000000000e+06
2.014012000000000000e+07,7.100000000000000000e+02,7.210000000000000000e+02,6.950000000000000000e+02,7.080000000000000000e+02,2.217800000000000000e+06
2.014012700000000000e+07,7.150000000000000000e+02,7.150000000000000000e+02,6.625000000000000000e+02,6.840000000000000000e+02,2.922200000000000000e+06
2.014020300000000000e+07,6.785000000000000000e+02,7.048049926757812500e+02,6.735000000000000000e+02,6.910000000000000000e+02,3.274100000000000000e+06
2.014021000000000000e+07,6.915000000000000000e+02,7.260000000000000000e+02,6.850000000000000000e+02,7.190000000000000000e+02,3.056800000000000000e+06
2.014021700000000000e+07,7.225000000000000000e+02,7.835000000000000000e+02,7.095000000000000000e+02,7.785000000000000000e+02,4.847900000000000000e+06
2.014022400000000000e+07,7.780000000000000000e+02,8.085000000000000000e+02,7.722979736328125000e+02,8.065000000000000000e+02,3.756000000000000000e+06
2.014030300000000000e+07,8.015000000000000000e+02,8.277750244140625000e+02,7.865000000000000000e+02,8.220000000000000000e+02,7.972900000000000000e+06
2.014031000000000000e+07,8.235000000000000000e+02,8.484500122070312500e+02,8.085000000000000000e+02,8.250000000000000000e+02,1.295620000000000000e+07
2.014031700000000000e+07,8.260000000000000000e+02,8.625000000000000000e+02,8.260000000000000000e+02,8.360000000000000000e+02,1.411580000000000000e+07
2.014032400000000000e+07,8.310000000000000000e+02,8.815000000000000000e+02,8.270000000000000000e+02,8.660000000000000000e+02,4.648900000000000000e+06
2.014033100000000000e+07,8.645000000000000000e+02,9.245000000000000000e+02,8.445000000000000000e+02,9.220000000000000000e+02,7.938900000000000000e+06
2.014040700000000000e+07,9.130000000000000000e+02,9.170000000000000000e+02,7.705000000000000000e+02,7.710000000000000000e+02,1.681120000000000000e+07
2.014041400000000000e+07,7.650000000000000000e+02,8.065000000000000000e+02,7.230000000000000000e+02,7.990000000000000000e+02,1.062400000000000000e+07
2.014042100000000000e+07,7.990000000000000000e+02,8.350000000000000000e+02,7.765000000000000000e+02,7.795000000000000000e+02,7.695600000000000000e+06
2.014042800000000000e+07,7.810000000000000000e+02,8.000000000000000000e+02,7.690000000000000000e+02,7.885000000000000000e+02,3.646300000000000000e+06
2.014050500000000000e+07,7.885000000000000000e+02,7.935000000000000000e+02,7.675000000000000000e+02,7.685000000000000000e+02,3.151100000000000000e+06
2.014051200000000000e+07,7.725000000000000000e+02,7.850000000000000000e+02,6.890000000000000000e+02,7.185000000000000000e+02,1.113200000000000000e+07
2.014051900000000000e+07,7.220000000000000000e+02,7.860000000000000000e+02,7.075000000000000000e+02,7.730299999999999727e+02,7.336500000000000000e+06
2.014052600000000000e+07,7.730299999999999727e+02,8.075000000000000000e+02,7.725000000000000000e+02,7.865000000000000000e+02,2.117030000000000000e+07
2.014060200000000000e+07,7.880000000000000000e+02,8.130000000000000000e+02,7.680000000000000000e+02,8.130000000000000000e+02,8.979700000000000000e+06
2.014060900000000000e+07,8.115000000000000000e+02,8.290000000000000000e+02,7.760000000000000000e+02,7.790000000000000000e+02,7.468400000000000000e+06
2.014061600000000000e+07,7.795000000000000000e+02,7.900000000000000000e+02,7.523489990234375000e+02,7.525000000000000000e+02,7.387600000000000000e+06
2.014062300000000000e+07,7.510000000000000000e+02,7.540939941406250000e+02,6.995549926757812500e+02,7.235000000000000000e+02,9.857600000000000000e+06
2.014063000000000000e+07,7.220000000000000000e+02,7.720000000000000000e+02,7.010000000000000000e+02,7.530000000000000000e+02,7.773700000000000000e+06
2.014070700000000000e+07,7.515000000000000000e+02,7.595000000000000000e+02,6.880000000000000000e+02,6.980000000000000000e+02,8.300500000000000000e+06
2.014071400000000000e+07,7.025000000000000000e+02,7.315000000000000000e+02,6.810000000000000000e+02,7.040000000000000000e+02,6.418000000000000000e+06
2.014072100000000000e+07,7.085000000000000000e+02,7.255000000000000000e+02,6.915000000000000000e+02,6.940000000000000000e+02,4.658600000000000000e+06
2.014072800000000000e+07,6.950000000000000000e+02,7.035000000000000000e+02,6.495000000000000000e+02,6.635000000000000000e+02,5.770100000000000000e+06
2.014080400000000000e+07,6.665000000000000000e+02,6.670000000000000000e+02,6.345000000000000000e+02,6.575000000000000000e+02,6.202300000000000000e+06
2.014081100000000000e+07,6.625000000000000000e+02,7.031099853515625000e+02,6.605000000000000000e+02,6.960000000000000000e+02,4.940900000000000000e+06
2.014081800000000000e+07,7.015000000000000000e+02,7.295000000000000000e+02,6.990000000000000000e+02,7.175000000000000000e+02,3.706200000000000000e+06
2.014082500000000000e+07,7.175000000000000000e+02,7.380000000000000000e+02,7.155000000000000000e+02,7.255000000000000000e+02,3.409400000000000000e+06
2.014090100000000000e+07,7.230000000000000000e+02,7.450000000000000000e+02,7.225000000000000000e+02,7.300000000000000000e+02,3.519900000000000000e+06
2.014090800000000000e+07,7.280000000000000000e+02,7.310000000000000000e+02,6.865000000000000000e+02,7.125000000000000000e+02,4.906200000000000000e+06
2.014091500000000000e+07,7.115000000000000000e+02,7.115000000000000000e+02,6.610000000000000000e+02,6.735000000000000000e+02,6.715100000000000000e+06
2.014092200000000000e+07,6.720000000000000000e+02,6.749249877929687500e+02,6.105000000000000000e+02,6.205000000000000000e+02,7.766300000000000000e+06
2.014092900000000000e+07,6.190000000000000000e+02,6.385000000000000000e+02,5.941569824218750000e+02,6.100000000000000000e+02,1.025000000000000000e+07
2.014100600000000000e+07,6.135000000000000000e+02,6.226900024414062500e+02,5.695000000000000000e+02,5.770000000000000000e+02,7.743700000000000000e+06
2.014101300000000000e+07,5.695000000000000000e+02,6.074500122070312500e+02,5.590000000000000000e+02,6.065000000000000000e+02,1.027180000000000000e+07
2.014102000000000000e+07,6.055000000000000000e+02,6.385000000000000000e+02,5.985000000000000000e+02,6.300000000000000000e+02,7.882200000000000000e+06
2.014102700000000000e+07,6.370000000000000000e+02,6.515000000000000000e+02,6.255000000000000000e+02,6.445000000000000000e+02,6.940800000000000000e+06
2.014110300000000000e+07,6.440000000000000000e+02,6.575000000000000000e+02,6.285000000000000000e+02,6.530000000000000000e+02,5.632400000000000000e+06
2.014111000000000000e+07,6.530000000000000000e+02,6.575000000000000000e+02,6.125000000000000000e+02,6.290000000000000000e+02,6.479900000000000000e+06
2.014111700000000000e+07,6.265000000000000000e+02,6.580000000000000000e+02,6.185219726562500000e+02,6.350000000000000000e+02,6.426000000000000000e+06
2.014112400000000000e+07,6.375000000000000000e+02,6.640000000000000000e+02,6.255000000000000000e+02,6.605000000000000000e+02,6.267500000000000000e+06
2.014120100000000000e+07,6.560000000000000000e+02,7.001569824218750000e+02,6.527940063476562500e+02,6.995000000000000000e+02,1.140670000000000000e+07
2.014120800000000000e+07,6.955000000000000000e+02,6.981409912109375000e+02,6.480000000000000000e+02,6.550000000000000000e+02,8.514900000000000000e+06
2.014121500000000000e+07,6.530000000000000000e+02,6.960460205078125000e+02,6.494500122070312500e+02,6.935000000000000000e+02,7.322500000000000000e+06
2.014122200000000000e+07,6.975000000000000000e+02,7.135000000000000000e+02,6.915000000000000000e+02,7.090000000000000000e+02,2.472800000000000000e+06
2.014122900000000000e+07,7.095000000000000000e+02,7.253469848632812500e+02,7.065000000000000000e+02,7.230000000000000000e+02,2.801000000000000000e+06
2.015010500000000000e+07,7.170000000000000000e+02,7.280000000000000000e+02,6.870000000000000000e+02,6.930000000000000000e+02,6.380600000000000000e+06
2.015011200000000000e+07,6.965000000000000000e+02,7.270000000000000000e+02,6.880800170898437500e+02,7.250000000000000000e+02,6.369100000000000000e+06
2.015011900000000000e+07,7.270000000000000000e+02,7.645000000000000000e+02,7.080000000000000000e+02,7.210000000000000000e+02,8.923900000000000000e+06
2.015012600000000000e+07,7.215000000000000000e+02,7.270000000000000000e+02,7.005000000000000000e+02,7.115000000000000000e+02,4.880100000000000000e+06
2.015020200000000000e+07,7.130000000000000000e+02,7.281979980468750000e+02,7.095000000000000000e+02,7.150000000000000000e+02,7.225600000000000000e+06
2.015020900000000000e+07,7.130000000000000000e+02,7.130000000000000000e+02,6.755000000000000000e+02,6.815000000000000000e+02,8.616200000000000000e+06
2.015021600000000000e+07,6.815000000000000000e+02,7.040000000000000000e+02,6.505000000000000000e+02,6.990000000000000000e+02,1.354530000000000000e+07
2.015022300000000000e+07,7.000000000000000000e+02,7.049199829101562500e+02,6.815000000000000000e+02,6.900000000000000000e+02,5.473400000000000000e+06
2.015030200000000000e+07,6.880000000000000000e+02,6.975000000000000000e+02,6.580000000000000000e+02,6.815000000000000000e+02,7.087200000000000000e+06
2.015030900000000000e+07,6.770000000000000000e+02,6.850000000000000000e+02,6.515000000000000000e+02,6.570000000000000000e+02,7.823800000000000000e+06
2.015031600000000000e+07,6.560000000000000000e+02,6.630000000000000000e+02,6.370000000000000000e+02,6.490000000000000000e+02,1.271920000000000000e+07
2.015032300000000000e+07,6.510000000000000000e+02,6.650000000000000000e+02,6.205000000000000000e+02,6.215000000000000000e+02,8.758900000000000000e+06
2.015033000000000000e+07,6.265000000000000000e+02,6.302750244140625000e+02,6.070000000000000000e+02,6.200000000000000000e+02,6.795400000000000000e+06
2.015040600000000000e+07,6.200000000000000000e+02,6.480000000000000000e+02,6.200000000000000000e+02,6.475000000000000000e+02,4.835900000000000000e+06
2.015041300000000000e+07,6.460000000000000000e+02,6.715000000000000000e+02,6.435000000000000000e+02,6.570000000000000000e+02,7.356800000000000000e+06
2.015042000000000000e+07,6.575000000000000000e+02,6.665000000000000000e+02,6.110000000000000000e+02,6.130000000000000000e+02,8.406000000000000000e+06
2.015042700000000000e+07,6.250000000000000000e+02,6.305000000000000000e+02,5.985000000000000000e+02,6.210000000000000000e+02,8.634400000000000000e+06
2.015050400000000000e+07,6.210000000000000000e+02,6.625000000000000000e+02,6.150000000000000000e+02,6.540000000000000000e+02,6.127900000000000000e+06
2.015051100000000000e+07,6.505000000000000000e+02,6.809589843750000000e+02,6.445000000000000000e+02,6.655000000000000000e+02,8.369400000000000000e+06
2.015051800000000000e+07,6.660000000000000000e+02,6.750000000000000000e+02,6.490000000000000000e+02,6.530000000000000000e+02,5.833100000000000000e+06
2.015052500000000000e+07,6.530000000000000000e+02,6.925000000000000000e+02,6.415000000000000000e+02,6.760000000000000000e+02,6.057900000000000000e+06
2.015060100000000000e+07,6.850000000000000000e+02,6.875000000000000000e+02,6.605000000000000000e+02,6.660000000000000000e+02,5.083900000000000000e+06
2.015060800000000000e+07,6.625000000000000000e+02,6.850000000000000000e+02,6.520000000000000000e+02,6.810000000000000000e+02,7.967000000000000000e+06
2.015061500000000000e+07,6.770000000000000000e+02,6.876699829101562500e+02,6.620000000000000000e+02,6.835000000000000000e+02,4.798200000000000000e+06
2.015062200000000000e+07,6.830000000000000000e+02,7.335000000000000000e+02,6.785000000000000000e+02,7.250000000000000000e+02,8.546100000000000000e+06
2.015062900000000000e+07,7.065000000000000000e+02,7.385000000000000000e+02,7.036649780273437500e+02,7.175000000000000000e+02,5.818100000000000000e+06
2.015070600000000000e+07,7.130000000000000000e+02,7.334299926757812500e+02,6.980000000000000000e+02,7.300000000000000000e+02,8.750500000000000000e+06
2.015071300000000000e+07,7.290000000000000000e+02,7.475000000000000000e+02,7.175000000000000000e+02,7.470000000000000000e+02,8.592500000000000000e+06
2.015072000000000000e+07,7.465000000000000000e+02,7.915000000000000000e+02,7.465000000000000000e+02,7.770000000000000000e+02,8.334000000000000000e+06
2.015072700000000000e+07,7.725000000000000000e+02,7.940000000000000000e+02,7.665000000000000000e+02,7.920000000000000000e+02,6.795700000000000000e+06
2.015080300000000000e+07,7.875000000000000000e+02,8.125000000000000000e+02,7.830000000000000000e+02,8.055000000000000000e+02,9.667100000000000000e+06
2.015081000000000000e+07,8.075000000000000000e+02,8.205000000000000000e+02,7.830000000000000000e+02,7.995000000000000000e+02,5.194400000000000000e+06
2.015081700000000000e+07,8.065000000000000000e+02,8.167199707031250000e+02,7.745000000000000000e+02,7.745000000000000000e+02,4.038900000000000000e+06
2.015082400000000000e+07,7.605000000000000000e+02,7.945000000000000000e+02,7.547160034179687500e+02,7.940000000000000000e+02,9.372800000000000000e+06
2.015083100000000000e+07,7.940000000000000000e+02,8.125000000000000000e+02,7.820000000000000000e+02,7.925000000000000000e+02,5.418400000000000000e+06
2.015090700000000000e+07,7.995000000000000000e+02,8.020000000000000000e+02,7.570000000000000000e+02,7.595000000000000000e+02,7.906800000000000000e+06
2.015091400000000000e+07,7.610000000000000000e+02,7.715000000000000000e+02,7.470000000000000000e+02,7.600000000000000000e+02,6.278300000000000000e+06
2.015092100000000000e+07,7.580000000000000000e+02,7.660000000000000000e+02,7.370000000000000000e+02,7.555000000000000000e+02,4.494800000000000000e+06
2.015092800000000000e+07,7.515000000000000000e+02,7.656900024414062500e+02,7.385000000000000000e+02,7.580000000000000000e+02,5.083100000000000000e+06
2.015100500000000000e+07,7.645000000000000000e+02,7.800000000000000000e+02,6.883209838867187500e+02,6.900000000000000000e+02,9.502700000000000000e+06
2.015101200000000000e+07,6.910000000000000000e+02,6.935000000000000000e+02,6.460000000000000000e+02,6.525000000000000000e+02,9.144600000000000000e+06
2.015101900000000000e+07,6.520000000000000000e+02,6.795000000000000000e+02,6.475000000000000000e+02,6.795000000000000000e+02,7.247400000000000000e+06
2.015102600000000000e+07,6.795000000000000000e+02,7.020000000000000000e+02,6.715000000000000000e+02,6.970000000000000000e+02,6.318700000000000000e+06
2.015110200000000000e+07,6.905000000000000000e+02,7.025000000000000000e+02,6.820000000000000000e+02,7.020000000000000000e+02,4.812100000000000000e+06
2.015110900000000000e+07,7.010000000000000000e+02,7.035000000000000000e+02,6.810000000000000000e+02,6.830000000000000000e+02,3.702200000000000000e+06
2.015111600000000000e+07,6.795000000000000000e+02,7.140000000000000000e+02,6.740000000000000000e+02,6.980000000000000000e+02,3.661500000000000000e+06
2.015112300000000000e+07,6.930000000000000000e+02,7.170000000000000000e+02,6.780000000000000000e+02,7.115000000000000000e+02,3.420500000000000000e+06
2.015113000000000000e+07,7.135000000000000000e+02,7.410000000000000000e+02,6.925000000000000000e+02,6.975000000000000000e+02,7.984000000000000000e+06
2.015120700000000000e+07,6.980000000000000000e+02,7.060000000000000000e+02,5.670000000000000000e+02,5.860000000000000000e+02,1.214550000000000000e+07
2.015121400000000000e+07,5.815000000000000000e+02,5.935000000000000000e+02,5.659829711914062500e+02,5.700000000000000000e+02,8.509100000000000000e+06
2.015122100000000000e+07,5.665000000000000000e+02,5.740000000000000000e+02,5.555000000000000000e+02,5.735000000000000000e+02,4.922100000000000000e+06
2.016010400000000000e+07,5.730000000000000000e+02,5.765000000000000000e+02,4.240000000000000000e+02,4.333000000000000114e+02,1.663420000000000000e+07
2.016011100000000000e+07,4.310000000000000000e+02,4.338999938964843750e+02,3.816000061035156250e+02,4.093999999999999773e+02,2.702830000000000000e+07
2.016011800000000000e+07,4.091999999999999886e+02,4.240000000000000000e+02,3.861499938964843750e+02,4.220000000000000000e+02,1.267060000000000000e+07
2.016012500000000000e+07,4.268000000000000114e+02,4.282000122070312500e+02,4.036000061035156250e+02,4.156000000000000227e+02,1.062190000000000000e+07
2.016020100000000000e+07,4.151000000000000227e+02,4.277760009765625000e+02,3.900000000000000000e+02,3.940000000000000000e+02,1.133390000000000000e+07
2.016020800000000000e+07,3.940000000000000000e+02,3.957000122070312500e+02,3.591000061035156250e+02,3.798000000000000114e+02,1.199680000000000000e+07
2.016021500000000000e+07,3.846999999999999886e+02,4.237999877929687500e+02,3.828550109863281250e+02,4.000000000000000000e+02,1.094560000000000000e+07
2.016022200000000000e+07,4.015000000000000000e+02,4.081000061035156250e+02,3.787000122070312500e+02,3.973999999999999773e+02,9.397100000000000000e+06
