2.007102900000000000e+07,2.850000000000000000e+02,3.317500000000000000e+02,2.500000000000000000e+02,3.200000000000000000e+02,1.150590000000000000e+07
2.007110500000000000e+07,3.217500000000000000e+02,3.570000000000000000e+02,2.900000000000000000e+02,3.000000000000000000e+02,1.472000000000000000e+06
2.007111200000000000e+07,3.040000000000000000e+02,3.150000000000000000e+02,2.751000061035156250e+02,2.805000000000000000e+02,7.304000000000000000e+05
2.007111900000000000e+07,2.790000000000000000e+02,2.790000000000000000e+02,2.540000000000000000e+02,2.635000000000000000e+02,7.325000000000000000e+05
2.007112600000000000e+07,2.695000000000000000e+02,2.760000000000000000e+02,2.570000000000000000e+02,2.760000000000000000e+02,3.036000000000000000e+05
2.007120300000000000e+07,2.710000000000000000e+02,3.030000000000000000e+02,2.710000000000000000e+02,3.010000000000000000e+02,9.085000000000000000e+05
2.007121000000000000e+07,2.957500000000000000e+02,3.050000000000000000e+02,2.711000061035156250e+02,2.820000000000000000e+02,1.663000000000000000e+06
2.007121700000000000e+07,2.700000000000000000e+02,2.981000061035156250e+02,2.645000000000000000e+02,2.820000000000000000e+02,4.096100000000000000e+06
2.007122400000000000e+07,2.900000000000000000e+02,3.000000000000000000e+02,2.830000000000000000e+02,2.940000000000000000e+02,4.646000000000000000e+05
2.007123100000000000e+07,3.000000000000000000e+02,3.040000000000000000e+02,2.930000000000000000e+02,3.007500000000000000e+02,5.827700000000000000e+06
2.008010700000000000e+07,3.000000000000000000e+02,3.050000000000000000e+02,2.805000000000000000e+02,2.805000000000000000e+02,1.559500000000000000e+06
2.008011400000000000e+07,2.920000000000000000e+02,2.950000000000000000e+02,2.650000000000000000e+02,2.750000000000000000e+02,1.644300000000000000e+06
2.008012100000000000e+07,2.700000000000000000e+02,2.700000000000000000e+02,2.320000000000000000e+02,2.450000000000000000e+02,1.668500000000000000e+06
2.008012800000000000e+07,2.400000000000000000e+02,2.570000000000000000e+02,1.900000000000000000e+02,2.400000000000000000e+02,2.884900000000000000e+06
2.008020400000000000e+07,2.422500000000000000e+02,2.450000000000000000e+02,2.037500000000000000e+02,2.037500000000000000e+02,9.300000000000000000e+05
2.008021100000000000e+07,2.080000000000000000e+02,2.640000000000000000e+02,1.900000000000000000e+02,2.450000000000000000e+02,1.331800000000000000e+06
2.008021800000000000e+07,2.460000000000000000e+02,2.460000000000000000e+02,2.337500000000000000e+02,2.365000000000000000e+02,3.569000000000000000e+05
2.008022500000000000e+07,2.415000000000000000e+02,2.450000000000000000e+02,2.300000000000000000e+02,2.380000000000000000e+02,2.131000000000000000e+05
2.008030300000000000e+07,2.350000000000000000e+02,2.465000000000000000e+02,2.277500000000000000e+02,2.410000000000000000e+02,9.107000000000000000e+05
2.008031000000000000e+07,2.320000000000000000e+02,2.320000000000000000e+02,2.040000000000000000e+02,2.120000000000000000e+02,6.357000000000000000e+05
2.008031700000000000e+07,2.055000000000000000e+02,2.100000000000000000e+02,1.910000000000000000e+02,1.965000000000000000e+02,5.806000000000000000e+05
2.008032400000000000e+07,1.965000000000000000e+02,2.000000000000000000e+02,1.900000000000000000e+02,1.920000000000000000e+02,5.315000000000000000e+05
2.008033100000000000e+07,1.900000000000000000e+02,1.950000000000000000e+02,1.805000000000000000e+02,1.935000000000000000e+02,1.479700000000000000e+06
2.008040700000000000e+07,1.900000000000000000e+02,2.010000000000000000e+02,1.825000000000000000e+02,1.880000000000000000e+02,4.003000000000000000e+05
2.008041400000000000e+07,1.822500000000000000e+02,2.000000000000000000e+02,1.817500000000000000e+02,2.000000000000000000e+02,4.522000000000000000e+05
2.008042100000000000e+07,2.000000000000000000e+02,2.020000000000000000e+02,1.810000000000000000e+02,1.970000000000000000e+02,1.045100000000000000e+06
2.008042800000000000e+07,1.935000000000000000e+02,2.560000000000000000e+02,1.930000000000000000e+02,2.532500000000000000e+02,6.447000000000000000e+05
2.008050500000000000e+07,2.532500000000000000e+02,2.550000000000000000e+02,2.420000000000000000e+02,2.450000000000000000e+02,2.154000000000000000e+05
2.008051200000000000e+07,2.470000000000000000e+02,2.520000000000000000e+02,2.280000000000000000e+02,2.420000000000000000e+02,1.235700000000000000e+06
2.008051900000000000e+07,2.412500000000000000e+02,2.450000000000000000e+02,2.262500000000000000e+02,2.280000000000000000e+02,4.407000000000000000e+05
2.008052600000000000e+07,2.280000000000000000e+02,2.480000000000000000e+02,2.200000000000000000e+02,2.480000000000000000e+02,1.559700000000000000e+06
2.008060200000000000e+07,2.450000000000000000e+02,2.500000000000000000e+02,2.320000000000000000e+02,2.465000000000000000e+02,1.420500000000000000e+06
2.008060900000000000e+07,2.465000000000000000e+02,2.465000000000000000e+02,2.350000000000000000e+02,2.400000000000000000e+02,2.310100000000000000e+06
2.008061600000000000e+07,2.415000000000000000e+02,2.845000000000000000e+02,2.395000000000000000e+02,2.802500000000000000e+02,1.424900000000000000e+06
2.008062300000000000e+07,2.750000000000000000e+02,2.850000000000000000e+02,2.585000000000000000e+02,2.685000000000000000e+02,0.000000000000000000e+00
2.008063000000000000e+07,2.710000000000000000e+02,2.710000000000000000e+02,2.380000000000000000e+02,2.412500000000000000e+02,6.752000000000000000e+05
2.008070700000000000e+07,2.420000000000000000e+02,2.450000000000000000e+02,2.320000000000000000e+02,2.325000000000000000e+02,1.449700000000000000e+06
2.008071400000000000e+07,2.332500000000000000e+02,2.480000000000000000e+02,2.242500000000000000e+02,2.432500000000000000e+02,1.030200000000000000e+06
2.008072100000000000e+07,2.432500000000000000e+02,2.630000000000000000e+02,2.370000000000000000e+02,2.592500000000000000e+02,9.024000000000000000e+05
2.008072800000000000e+07,2.572500000000000000e+02,2.790000000000000000e+02,2.332500000000000000e+02,2.375000000000000000e+02,3.250200000000000000e+06
2.008080400000000000e+07,2.430000000000000000e+02,2.650000000000000000e+02,2.340000000000000000e+02,2.592500000000000000e+02,2.507100000000000000e+06
2.008081100000000000e+07,2.620000000000000000e+02,2.805000000000000000e+02,2.612500000000000000e+02,2.785000000000000000e+02,3.253400000000000000e+06
2.008081800000000000e+07,2.775000000000000000e+02,2.807500000000000000e+02,2.687500000000000000e+02,2.767500000000000000e+02,1.147200000000000000e+06
2.008082500000000000e+07,2.767500000000000000e+02,2.880000000000000000e+02,2.682500000000000000e+02,2.807500000000000000e+02,5.474000000000000000e+05
2.008090100000000000e+07,2.770000000000000000e+02,2.862500000000000000e+02,2.600000000000000000e+02,2.625000000000000000e+02,8.676000000000000000e+05
2.008090800000000000e+07,2.660000000000000000e+02,2.730000000000000000e+02,2.400000000000000000e+02,2.457500000000000000e+02,1.028200000000000000e+06
2.008091500000000000e+07,2.450000000000000000e+02,2.720000000000000000e+02,2.172500000000000000e+02,2.350000000000000000e+02,3.329300000000000000e+06
2.008092200000000000e+07,2.380000000000000000e+02,2.432500000000000000e+02,2.130000000000000000e+02,2.250000000000000000e+02,1.815700000000000000e+06
2.008092900000000000e+07,2.200000000000000000e+02,2.250000000000000000e+02,2.090000000000000000e+02,2.200000000000000000e+02,1.270300000000000000e+06
2.008100600000000000e+07,2.147500000000000000e+02,2.157500000000000000e+02,1.562500000000000000e+02,1.577500000000000000e+02,2.201700000000000000e+06
2.008101300000000000e+07,1.652500000000000000e+02,2.010000000000000000e+02,1.637500000000000000e+02,1.847500000000000000e+02,1.298300000000000000e+06
2.008102000000000000e+07,1.870000000000000000e+02,2.075000000000000000e+02,1.647500000000000000e+02,1.730000000000000000e+02,9.345000000000000000e+05
2.008102700000000000e+07,1.740000000000000000e+02,1.777500000000000000e+02,1.572500000000000000e+02,1.750000000000000000e+02,2.247900000000000000e+06
2.008110300000000000e+07,1.765000000000000000e+02,1.942500000000000000e+02,1.622500000000000000e+02,1.690000000000000000e+02,1.403600000000000000e+06
2.008111000000000000e+07,1.720000000000000000e+02,1.787500000000000000e+02,1.490000000000000000e+02,1.630000000000000000e+02,5.769000000000000000e+05
2.008111700000000000e+07,1.650000000000000000e+02,1.767500000000000000e+02,1.400000000000000000e+02,1.400000000000000000e+02,7.546000000000000000e+05
2.008112400000000000e+07,1.442500000000000000e+02,1.737500000000000000e+02,1.435000000000000000e+02,1.680000000000000000e+02,5.405000000000000000e+05
2.008120100000000000e+07,1.655000000000000000e+02,1.712500000000000000e+02,1.315000000000000000e+02,1.322500000000000000e+02,7.417000000000000000e+05
2.008120800000000000e+07,1.352500000000000000e+02,1.620000000000000000e+02,1.300000000000000000e+02,1.555000000000000000e+02,1.209700000000000000e+06
2.008121500000000000e+07,1.597500000000000000e+02,1.665000000000000000e+02,1.350000000000000000e+02,1.600000000000000000e+02,5.616000000000000000e+05
2.008122200000000000e+07,1.532500000000000000e+02,1.812500000000000000e+02,1.532500000000000000e+02,1.812500000000000000e+02,1.891000000000000000e+05
2.008122900000000000e+07,1.750000000000000000e+02,1.897500000000000000e+02,1.750000000000000000e+02,1.872500000000000000e+02,1.786000000000000000e+05
2.009010500000000000e+07,1.890000000000000000e+02,1.970000000000000000e+02,1.765000000000000000e+02,1.765000000000000000e+02,5.159000000000000000e+05
2.009011200000000000e+07,1.795000000000000000e+02,1.842500000000000000e+02,1.570000000000000000e+02,1.570000000000000000e+02,7.028000000000000000e+05
2.009011900000000000e+07,1.645000000000000000e+02,1.707500000000000000e+02,1.550000000000000000e+02,1.647500000000000000e+02,5.252000000000000000e+05
2.009012600000000000e+07,1.700000000000000000e+02,1.945000000000000000e+02,1.650000000000000000e+02,1.700000000000000000e+02,5.539000000000000000e+05
2.009020200000000000e+07,1.730000000000000000e+02,2.075000000000000000e+02,1.730000000000000000e+02,1.920000000000000000e+02,5.449000000000000000e+05
2.009020900000000000e+07,1.950000000000000000e+02,2.020000000000000000e+02,1.827500000000000000e+02,1.900000000000000000e+02,7.447000000000000000e+05
2.009021600000000000e+07,1.900000000000000000e+02,1.907500000000000000e+02,1.687500000000000000e+02,1.687500000000000000e+02,1.383700000000000000e+06
2.009022300000000000e+07,1.730000000000000000e+02,1.800000000000000000e+02,1.565000000000000000e+02,1.800000000000000000e+02,1.291900000000000000e+06
2.009030200000000000e+07,1.787500000000000000e+02,1.800000000000000000e+02,1.710000000000000000e+02,1.722500000000000000e+02,8.004000000000000000e+05
2.009030900000000000e+07,1.730000000000000000e+02,1.890000000000000000e+02,1.675000000000000000e+02,1.880000000000000000e+02,7.695000000000000000e+05
2.009031600000000000e+07,1.862500000000000000e+02,1.980000000000000000e+02,1.837500000000000000e+02,1.980000000000000000e+02,7.127000000000000000e+05
2.009032300000000000e+07,1.990000000000000000e+02,2.200000000000000000e+02,1.912500000000000000e+02,2.200000000000000000e+02,9.682000000000000000e+05
2.009033000000000000e+07,2.130000000000000000e+02,2.560000000000000000e+02,2.070000000000000000e+02,2.350000000000000000e+02,1.967400000000000000e+06
2.009040600000000000e+07,2.350000000000000000e+02,2.377500000000000000e+02,2.122500000000000000e+02,2.245000000000000000e+02,4.859000000000000000e+05
2.009041300000000000e+07,2.245000000000000000e+02,2.577500000000000000e+02,2.245000000000000000e+02,2.540000000000000000e+02,1.082100000000000000e+06
2.009042000000000000e+07,2.540000000000000000e+02,2.549900054931640625e+02,2.240000000000000000e+02,2.500000000000000000e+02,1.630200000000000000e+06
2.009042700000000000e+07,2.530000000000000000e+02,2.777500000000000000e+02,2.335000000000000000e+02,2.655000000000000000e+02,2.870900000000000000e+06
2.009050400000000000e+07,2.655000000000000000e+02,3.000000000000000000e+02,2.525000000000000000e+02,2.650000000000000000e+02,5.236250000000000000e+07
2.009051100000000000e+07,2.677500000000000000e+02,2.887500000000000000e+02,2.650000000000000000e+02,2.700000000000000000e+02,2.634200000000000000e+06
2.009051800000000000e+07,2.707500000000000000e+02,2.960000000000000000e+02,2.640000000000000000e+02,2.940000000000000000e+02,3.434800000000000000e+06
2.009052500000000000e+07,2.940000000000000000e+02,3.180000000000000000e+02,2.910000000000000000e+02,3.050000000000000000e+02,2.382000000000000000e+06
2.009060100000000000e+07,3.060000000000000000e+02,3.095000000000000000e+02,2.900000000000000000e+02,2.932500000000000000e+02,1.737700000000000000e+06
2.009060800000000000e+07,2.950000000000000000e+02,3.057500000000000000e+02,2.852500000000000000e+02,2.882500000000000000e+02,2.317100000000000000e+06
2.009061500000000000e+07,2.917500000000000000e+02,2.950000000000000000e+02,2.770000000000000000e+02,2.937500000000000000e+02,2.942300000000000000e+06
2.009062200000000000e+07,2.902500000000000000e+02,3.015000000000000000e+02,2.720000000000000000e+02,2.925000000000000000e+02,1.724400000000000000e+06
2.009062900000000000e+07,2.910000000000000000e+02,3.102500000000000000e+02,2.890000000000000000e+02,3.032500000000000000e+02,8.082000000000000000e+05
2.009070600000000000e+07,3.010000000000000000e+02,3.166799926757812500e+02,2.980000000000000000e+02,3.140000000000000000e+02,1.179600000000000000e+06
2.009071300000000000e+07,3.095000000000000000e+02,3.290000000000000000e+02,3.095000000000000000e+02,3.245000000000000000e+02,7.877000000000000000e+05
2.009072000000000000e+07,3.235000000000000000e+02,3.315000000000000000e+02,3.190000000000000000e+02,3.257500000000000000e+02,6.059000000000000000e+05
2.009072700000000000e+07,3.290000000000000000e+02,3.370000000000000000e+02,3.147500000000000000e+02,3.370000000000000000e+02,7.560000000000000000e+05
2.009080300000000000e+07,3.355000000000000000e+02,3.457000122070312500e+02,3.000000000000000000e+02,3.228999999999999773e+02,2.835500000000000000e+06
2.009081000000000000e+07,3.166999999999999886e+02,3.297999877929687500e+02,3.150000000000000000e+02,3.250000000000000000e+02,1.581400000000000000e+06
2.009081700000000000e+07,3.215000000000000000e+02,3.327000122070312500e+02,3.150000000000000000e+02,3.260000000000000000e+02,6.232000000000000000e+05
2.009082400000000000e+07,3.273999999999999773e+02,3.430000000000000000e+02,3.150000000000000000e+02,3.400000000000000000e+02,1.629200000000000000e+06
2.009083100000000000e+07,3.400000000000000000e+02,3.498999938964843750e+02,3.300000000000000000e+02,3.411000000000000227e+02,1.027600000000000000e+06
2.009090700000000000e+07,3.450000000000000000e+02,3.480000000000000000e+02,3.301000061035156250e+02,3.320000000000000000e+02,1.025750000000000000e+07
2.009091400000000000e+07,3.300000000000000000e+02,3.377999877929687500e+02,3.231000061035156250e+02,3.300000000000000000e+02,1.547900000000000000e+06
2.009092100000000000e+07,3.300000000000000000e+02,3.346000061035156250e+02,3.173999938964843750e+02,3.200000000000000000e+02,5.828000000000000000e+05
2.009092800000000000e+07,3.225000000000000000e+02,3.300000000000000000e+02,3.130000000000000000e+02,3.146999999999999886e+02,9.813000000000000000e+05
2.009100500000000000e+07,3.178000000000000114e+02,3.280000000000000000e+02,3.112999877929687500e+02,3.260000000000000000e+02,2.258400000000000000e+06
2.009101200000000000e+07,3.278000000000000114e+02,3.551000061035156250e+02,3.257000122070312500e+02,3.448999999999999773e+02,1.770600000000000000e+06
2.009101900000000000e+07,3.498000000000000114e+02,3.520000000000000000e+02,3.280000000000000000e+02,3.388999999999999773e+02,1.905300000000000000e+06
2.009102600000000000e+07,3.428999999999999773e+02,3.443999938964843750e+02,3.297999877929687500e+02,3.350000000000000000e+02,1.150200000000000000e+06
2.009110200000000000e+07,3.400000000000000000e+02,3.417999877929687500e+02,3.325000000000000000e+02,3.370000000000000000e+02,1.997100000000000000e+06
2.009110900000000000e+07,3.340000000000000000e+02,3.397000122070312500e+02,3.250799865722656250e+02,3.288000000000000114e+02,7.982000000000000000e+05
2.009111600000000000e+07,3.260000000000000000e+02,3.477000122070312500e+02,3.235000000000000000e+02,3.446999999999999886e+02,1.214300000000000000e+06
2.009112300000000000e+07,3.410000000000000000e+02,3.515000000000000000e+02,3.276000061035156250e+02,3.381999999999999886e+02,8.812000000000000000e+05
2.009113000000000000e+07,3.336000000000000227e+02,3.428999938964843750e+02,3.291000061035156250e+02,3.370000000000000000e+02,5.606000000000000000e+05
2.009120700000000000e+07,3.390000000000000000e+02,3.792999877929687500e+02,3.280000000000000000e+02,3.688999999999999773e+02,1.143300000000000000e+06
2.009121400000000000e+07,3.635000000000000000e+02,4.078999938964843750e+02,3.552000122070312500e+02,3.775000000000000000e+02,5.724900000000000000e+06
2.009122100000000000e+07,3.850000000000000000e+02,3.878999938964843750e+02,3.672000122070312500e+02,3.850000000000000000e+02,5.499000000000000000e+05
2.009122800000000000e+07,3.850000000000000000e+02,3.858999938964843750e+02,3.731499938964843750e+02,3.830000000000000000e+02,3.623000000000000000e+05
2.010010400000000000e+07,3.850000000000000000e+02,4.155000000000000000e+02,3.760830078125000000e+02,4.078999999999999773e+02,1.149400000000000000e+06
2.010011100000000000e+07,4.086000000000000227e+02,4.325000000000000000e+02,3.950000000000000000e+02,4.011999999999999886e+02,1.657300000000000000e+06
2.010011800000000000e+07,3.976999999999999886e+02,4.113999938964843750e+02,3.950000000000000000e+02,4.000000000000000000e+02,1.159500000000000000e+06
2.010012500000000000e+07,3.960000000000000000e+02,4.047000122070312500e+02,3.877000122070312500e+02,3.921999999999999886e+02,2.122700000000000000e+06
2.010020100000000000e+07,3.906000000000000227e+02,4.400000000000000000e+02,3.672000122070312500e+02,3.691999999999999886e+02,1.507600000000000000e+06
2.010020800000000000e+07,3.780000000000000000e+02,3.896000061035156250e+02,3.430000000000000000e+02,3.676999999999999886e+02,3.872760000000000000e+07
2.010021500000000000e+07,3.665000000000000000e+02,3.870000000000000000e+02,3.665000000000000000e+02,3.730000000000000000e+02,2.579700000000000000e+06
2.010022200000000000e+07,3.768999999999999773e+02,3.852999877929687500e+02,3.650000000000000000e+02,3.730000000000000000e+02,4.122600000000000000e+06
2.010030100000000000e+07,3.740000000000000000e+02,4.090000000000000000e+02,3.696000061035156250e+02,4.090000000000000000e+02,6.142400000000000000e+06
2.010030800000000000e+07,3.936999999999999886e+02,4.445000000000000000e+02,3.937000122070312500e+02,4.240000000000000000e+02,3.884300000000000000e+06
2.010031500000000000e+07,4.260000000000000000e+02,4.288999938964843750e+02,4.110000000000000000e+02,4.146000000000000227e+02,3.020000000000000000e+06
2.010032200000000000e+07,4.130000000000000000e+02,4.332999877929687500e+02,4.122000122070312500e+02,4.290000000000000000e+02,2.269800000000000000e+06
2.010032900000000000e+07,4.281999999999999886e+02,4.450000000000000000e+02,4.233999938964843750e+02,4.400000000000000000e+02,3.235800000000000000e+06
2.010040500000000000e+07,4.400000000000000000e+02,4.550000000000000000e+02,4.280000000000000000e+02,4.300000000000000000e+02,1.560430000000000000e+07
2.010041200000000000e+07,4.291999999999999886e+02,4.398999938964843750e+02,4.011000061035156250e+02,4.036999999999999886e+02,3.959200000000000000e+06
2.010041900000000000e+07,4.043000000000000114e+02,4.312999877929687500e+02,4.018999938964843750e+02,4.200000000000000000e+02,4.087100000000000000e+06
2.010042600000000000e+07,4.260000000000000000e+02,4.340000000000000000e+02,4.000000000000000000e+02,4.090000000000000000e+02,4.242700000000000000e+06
2.010050300000000000e+07,4.090000000000000000e+02,4.400000000000000000e+02,3.651000061035156250e+02,3.750000000000000000e+02,2.983000000000000000e+06
2.010051000000000000e+07,3.846000000000000227e+02,4.092000122070312500e+02,3.830000000000000000e+02,3.940000000000000000e+02,8.431100000000000000e+06
2.010051700000000000e+07,3.961000000000000227e+02,3.976000061035156250e+02,3.630000000000000000e+02,3.695000000000000000e+02,4.236400000000000000e+06
2.010052400000000000e+07,3.735000000000000000e+02,3.981000061035156250e+02,3.650000000000000000e+02,3.830000000000000000e+02,3.012500000000000000e+06
2.010053100000000000e+07,3.830000000000000000e+02,4.087999877929687500e+02,3.798999938964843750e+02,3.890000000000000000e+02,1.735500000000000000e+06
2.010060700000000000e+07,3.890000000000000000e+02,4.050000000000000000e+02,3.700000000000000000e+02,4.036999999999999886e+02,2.655200000000000000e+06
2.010061400000000000e+07,4.060000000000000000e+02,4.153999938964843750e+02,3.981000061035156250e+02,4.100000000000000000e+02,5.249800000000000000e+06
2.010062100000000000e+07,4.115000000000000000e+02,4.238999938964843750e+02,3.950000000000000000e+02,3.996000000000000227e+02,2.742400000000000000e+06
2.010062800000000000e+07,3.996000000000000227e+02,4.152000122070312500e+02,3.900000000000000000e+02,3.930000000000000000e+02,4.956500000000000000e+06
2.010070500000000000e+07,3.920000000000000000e+02,4.077999877929687500e+02,3.762000122070312500e+02,3.941000000000000227e+02,3.910900000000000000e+06
2.010071200000000000e+07,3.926999999999999886e+02,4.413800048828125000e+02,3.900000000000000000e+02,4.200000000000000000e+02,5.551900000000000000e+06
2.010071900000000000e+07,4.225000000000000000e+02,4.445000000000000000e+02,4.150000000000000000e+02,4.363000000000000114e+02,3.636200000000000000e+06
2.010072600000000000e+07,4.408000000000000114e+02,4.588999938964843750e+02,4.290000000000000000e+02,4.330000000000000000e+02,2.709400000000000000e+06
2.010080200000000000e+07,4.266999999999999886e+02,4.478999938964843750e+02,4.152000122070312500e+02,4.290000000000000000e+02,3.181800000000000000e+06
2.010080900000000000e+07,4.316999999999999886e+02,4.410000000000000000e+02,4.242000122070312500e+02,4.345000000000000000e+02,3.539000000000000000e+06
2.010081600000000000e+07,4.331999999999999886e+02,4.850000000000000000e+02,4.332000122070312500e+02,4.500000000000000000e+02,1.629800000000000000e+06
2.010082300000000000e+07,4.518000000000000114e+02,4.800000000000000000e+02,4.478999938964843750e+02,4.748999999999999773e+02,2.163400000000000000e+06
2.010083000000000000e+07,4.748999999999999773e+02,5.120000000000000000e+02,4.730000000000000000e+02,4.880000000000000000e+02,2.344700000000000000e+06
2.010090600000000000e+07,4.918999999999999773e+02,5.200000000000000000e+02,4.802999877929687500e+02,5.065000000000000000e+02,1.839900000000000000e+06
2.010091300000000000e+07,5.050000000000000000e+02,5.425000000000000000e+02,4.997999877929687500e+02,5.010000000000000000e+02,6.128100000000000000e+06
2.010092000000000000e+07,5.060000000000000000e+02,5.300000000000000000e+02,5.010000000000000000e+02,5.150000000000000000e+02,3.204300000000000000e+06
2.010092700000000000e+07,5.195000000000000000e+02,5.460000000000000000e+02,4.951000061035156250e+02,5.000000000000000000e+02,3.897000000000000000e+06
2.010100400000000000e+07,5.000000000000000000e+02,5.090000000000000000e+02,4.481000061035156250e+02,4.991999999999999886e+02,1.137940000000000000e+07
2.010101100000000000e+07,5.020000000000000000e+02,5.200000000000000000e+02,4.900000000000000000e+02,4.913999999999999773e+02,3.650000000000000000e+06
2.010101800000000000e+07,4.971999999999999886e+02,5.015000000000000000e+02,4.800000000000000000e+02,4.815000000000000000e+02,3.659100000000000000e+06
2.010102500000000000e+07,4.848999999999999773e+02,5.125000000000000000e+02,4.790000000000000000e+02,4.978999999999999773e+02,3.886400000000000000e+06
2.010110100000000000e+07,5.045000000000000000e+02,5.155000000000000000e+02,4.755000000000000000e+02,4.771999999999999886e+02,3.677700000000000000e+06
2.010110800000000000e+07,4.773999999999999773e+02,4.832999877929687500e+02,4.487999877929687500e+02,4.636000000000000227e+02,3.311600000000000000e+06
2.010111500000000000e+07,4.636999999999999886e+02,4.700000000000000000e+02,4.410000000000000000e+02,4.480000000000000000e+02,2.856300000000000000e+06
2.010112200000000000e+07,4.500000000000000000e+02,4.868999938964843750e+02,4.337999877929687500e+02,4.715000000000000000e+02,3.099900000000000000e+06
2.010112900000000000e+07,4.731999999999999886e+02,4.810000000000000000e+02,4.591000061035156250e+02,4.666000000000000227e+02,3.636600000000000000e+06
2.010120600000000000e+07,4.695000000000000000e+02,5.105000000000000000e+02,4.695000000000000000e+02,4.938000000000000114e+02,2.957500000000000000e+06
2.010121300000000000e+07,5.030000000000000000e+02,5.130000000000000000e+02,4.897000122070312500e+02,4.938000000000000114e+02,2.840600000000000000e+06
2.010122000000000000e+07,4.903000000000000114e+02,4.902999877929687500e+02,4.721000061035156250e+02,4.798000000000000114e+02,1.376900000000000000e+06
2.010122700000000000e+07,4.798000000000000114e+02,4.875000000000000000e+02,4.621000061035156250e+02,4.841000000000000227e+02,2.551500000000000000e+06
2.011011000000000000e+07,4.561000000000000227e+02,4.850000000000000000e+02,4.278999938964843750e+02,4.550000000000000000e+02,8.943200000000000000e+06
2.011011700000000000e+07,4.618999999999999773e+02,4.738999938964843750e+02,4.446000061035156250e+02,4.446000000000000227e+02,3.624800000000000000e+06
2.011012400000000000e+07,4.450000000000000000e+02,5.070000000000000000e+02,4.310000000000000000e+02,4.970000000000000000e+02,4.430100000000000000e+06
2.011013100000000000e+07,4.953000000000000114e+02,5.150000000000000000e+02,4.832999877929687500e+02,4.950000000000000000e+02,2.983700000000000000e+06
2.011020700000000000e+07,4.970000000000000000e+02,5.105000000000000000e+02,4.662999877929687500e+02,5.050000000000000000e+02,5.104800000000000000e+06
2.011021400000000000e+07,5.100000000000000000e+02,5.103020019531250000e+02,4.961000061035156250e+02,5.000000000000000000e+02,2.883500000000000000e+06
2.011022100000000000e+07,4.960000000000000000e+02,4.985000000000000000e+02,4.700000000000000000e+02,4.785000000000000000e+02,2.215300000000000000e+06
2.011022800000000000e+07,4.768000000000000114e+02,4.868999938964843750e+02,4.700000000000000000e+02,4.810000000000000000e+02,2.389600000000000000e+06
2.011030700000000000e+07,4.820000000000000000e+02,4.970000000000000000e+02,4.747999877929687500e+02,4.773000000000000114e+02,1.971000000000000000e+06
2.011031400000000000e+07,4.788000000000000114e+02,4.937000122070312500e+02,4.503999938964843750e+02,4.858999999999999773e+02,2.456300000000000000e+06
2.011032100000000000e+07,4.896000000000000227e+02,5.007650146484375000e+02,4.772999877929687500e+02,4.950000000000000000e+02,1.849000000000000000e+06
2.011032800000000000e+07,4.973000000000000114e+02,5.165000000000000000e+02,4.900000000000000000e+02,5.160000000000000000e+02,1.705000000000000000e+06
2.011040400000000000e+07,5.150000000000000000e+02,5.200000000000000000e+02,5.000000000000000000e+02,5.020000000000000000e+02,2.360000000000000000e+06
2.011041100000000000e+07,5.025000000000000000e+02,5.195000000000000000e+02,4.881000061035156250e+02,5.195000000000000000e+02,1.503800000000000000e+06
2.011041800000000000e+07,5.095000000000000000e+02,5.350000000000000000e+02,5.075000000000000000e+02,5.195000000000000000e+02,2.087200000000000000e+06
2.011050900000000000e+07,5.370000000000000000e+02,5.370000000000000000e+02,5.120000000000000000e+02,5.240000000000000000e+02,2.041700000000000000e+06
2.011051600000000000e+07,5.225000000000000000e+02,5.500000000000000000e+02,5.220000000000000000e+02,5.410000000000000000e+02,1.449700000000000000e+06
2.011052300000000000e+07,5.365000000000000000e+02,5.535000000000000000e+02,5.275000000000000000e+02,5.485000000000000000e+02,1.703200000000000000e+06
2.011060600000000000e+07,5.425000000000000000e+02,5.460000000000000000e+02,5.345000000000000000e+02,5.375000000000000000e+02,2.470600000000000000e+06
2.011061300000000000e+07,5.370000000000000000e+02,5.570000000000000000e+02,5.310000000000000000e+02,5.400000000000000000e+02,1.799900000000000000e+06
2.011062000000000000e+07,5.390000000000000000e+02,5.495000000000000000e+02,5.340000000000000000e+02,5.405000000000000000e+02,1.382100000000000000e+06
2.011062700000000000e+07,5.445000000000000000e+02,6.600000000000000000e+02,5.390000000000000000e+02,5.570000000000000000e+02,3.321100000000000000e+06
2.011070400000000000e+07,5.570000000000000000e+02,5.570000000000000000e+02,5.420000000000000000e+02,5.450000000000000000e+02,2.712100000000000000e+06
2.011071100000000000e+07,5.430000000000000000e+02,5.450000000000000000e+02,5.200000000000000000e+02,5.245000000000000000e+02,1.730500000000000000e+06
2.011071800000000000e+07,5.190000000000000000e+02,5.490000000000000000e+02,5.165000000000000000e+02,5.400000000000000000e+02,2.258900000000000000e+06
2.011072500000000000e+07,5.395000000000000000e+02,5.720000000000000000e+02,5.340000000000000000e+02,5.530000000000000000e+02,2.967700000000000000e+06
2.011080100000000000e+07,5.580000000000000000e+02,5.795000000000000000e+02,4.732999877929687500e+02,4.870000000000000000e+02,3.627900000000000000e+06
2.011080800000000000e+07,4.950000000000000000e+02,5.425000000000000000e+02,4.242999877929687500e+02,5.310000000000000000e+02,4.948500000000000000e+06
2.011081500000000000e+07,5.320000000000000000e+02,5.490000000000000000e+02,4.993999938964843750e+02,5.305000000000000000e+02,3.491000000000000000e+06
2.011082200000000000e+07,5.350000000000000000e+02,5.475000000000000000e+02,5.195000000000000000e+02,5.300000000000000000e+02,1.597600000000000000e+06
2.011090500000000000e+07,5.475000000000000000e+02,5.755000000000000000e+02,5.410000000000000000e+02,5.435000000000000000e+02,1.455800000000000000e+06
2.011091200000000000e+07,5.360000000000000000e+02,5.745000000000000000e+02,5.280000000000000000e+02,5.745000000000000000e+02,1.651900000000000000e+06
2.011091900000000000e+07,5.680000000000000000e+02,5.895000000000000000e+02,5.270000000000000000e+02,5.425000000000000000e+02,3.103500000000000000e+06
2.011092600000000000e+07,5.400000000000000000e+02,5.790000000000000000e+02,5.290000000000000000e+02,5.585000000000000000e+02,1.718200000000000000e+06
2.011100300000000000e+07,5.545000000000000000e+02,5.875000000000000000e+02,5.510000000000000000e+02,5.580000000000000000e+02,4.391400000000000000e+06
2.011101000000000000e+07,5.605000000000000000e+02,5.915000000000000000e+02,5.590000000000000000e+02,5.795000000000000000e+02,2.835400000000000000e+06
2.011101700000000000e+07,5.855000000000000000e+02,6.045000000000000000e+02,5.735000000000000000e+02,5.870000000000000000e+02,1.837400000000000000e+06
2.011102400000000000e+07,5.870000000000000000e+02,6.150000000000000000e+02,5.810000000000000000e+02,5.995000000000000000e+02,1.462000000000000000e+06
2.011103100000000000e+07,5.955000000000000000e+02,6.055000000000000000e+02,5.790000000000000000e+02,5.975000000000000000e+02,2.364200000000000000e+06
2.011110700000000000e+07,6.000000000000000000e+02,6.250000000000000000e+02,4.010000000000000000e+02,6.205000000000000000e+02,4.523900000000000000e+06
2.011111400000000000e+07,6.205000000000000000e+02,6.210000000000000000e+02,5.945000000000000000e+02,5.950000000000000000e+02,3.119300000000000000e+06
2.011112100000000000e+07,5.935000000000000000e+02,5.965599975585937500e+02,5.665000000000000000e+02,5.815000000000000000e+02,3.138700000000000000e+06
2.011112800000000000e+07,5.845000000000000000e+02,6.175000000000000000e+02,5.845000000000000000e+02,6.075000000000000000e+02,2.678100000000000000e+06
2.011120500000000000e+07,6.180000000000000000e+02,6.360000000000000000e+02,6.055000000000000000e+02,6.355000000000000000e+02,3.431000000000000000e+06
2.011121200000000000e+07,6.330000000000000000e+02,6.445000000000000000e+02,6.145000000000000000e+02,6.245000000000000000e+02,3.144000000000000000e+06
2.011121900000000000e+07,6.220000000000000000e+02,6.375000000000000000e+02,6.170000000000000000e+02,6.290000000000000000e+02,1.482100000000000000e+06
2.011122600000000000e+07,6.290000000000000000e+02,6.515000000000000000e+02,6.245000000000000000e+02,6.470000000000000000e+02,4.972000000000000000e+05
2.012010200000000000e+07,6.470000000000000000e+02,6.510000000000000000e+02,6.205000000000000000e+02,6.305000000000000000e+02,2.398500000000000000e+06
2.012010900000000000e+07,6.320000000000000000e+02,6.710000000000000000e+02,6.300000000000000000e+02,6.350000000000000000e+02,3.018800000000000000e+06
2.012011600000000000e+07,6.380000000000000000e+02,6.720000000000000000e+02,6.310000000000000000e+02,6.550000000000000000e+02,3.734900000000000000e+06
2.012012300000000000e+07,6.550000000000000000e+02,6.685000000000000000e+02,6.465000000000000000e+02,6.590000000000000000e+02,1.906900000000000000e+06
2.012013000000000000e+07,6.555000000000000000e+02,6.680000000000000000e+02,6.445000000000000000e+02,6.620000000000000000e+02,2.815400000000000000e+06
2.012020600000000000e+07,6.620000000000000000e+02,6.705000000000000000e+02,6.425000000000000000e+02,6.530000000000000000e+02,2.304700000000000000e+06
2.012021300000000000e+07,6.595000000000000000e+02,7.100000000000000000e+02,6.355000000000000000e+02,6.775000000000000000e+02,6.717300000000000000e+06
2.012022000000000000e+07,6.805000000000000000e+02,6.945000000000000000e+02,6.755000000000000000e+02,6.820000000000000000e+02,2.948500000000000000e+06
2.012022700000000000e+07,6.795000000000000000e+02,7.071799926757812500e+02,6.760000000000000000e+02,7.040000000000000000e+02,3.834700000000000000e+06
2.012030500000000000e+07,7.035000000000000000e+02,7.105000000000000000e+02,6.838699951171875000e+02,6.965000000000000000e+02,3.829600000000000000e+06
2.012031200000000000e+07,6.945000000000000000e+02,7.260000000000000000e+02,6.930000000000000000e+02,7.215000000000000000e+02,3.202800000000000000e+06
2.012031900000000000e+07,7.195000000000000000e+02,7.404199829101562500e+02,7.040000000000000000e+02,7.170000000000000000e+02,3.227800000000000000e+06
2.012032600000000000e+07,7.180000000000000000e+02,7.420000000000000000e+02,7.170000000000000000e+02,7.370000000000000000e+02,4.891700000000000000e+06
2.012040200000000000e+07,7.410000000000000000e+02,7.595000000000000000e+02,7.360000000000000000e+02,7.465000000000000000e+02,2.260700000000000000e+06
2.012040900000000000e+07,7.465000000000000000e+02,7.770000000000000000e+02,7.380000000000000000e+02,7.765000000000000000e+02,2.226700000000000000e+06
2.012041600000000000e+07,7.775000000000000000e+02,8.060000000000000000e+02,7.550000000000000000e+02,8.060000000000000000e+02,3.941200000000000000e+06
2.012042300000000000e+07,8.005000000000000000e+02,8.180000000000000000e+02,7.770000000000000000e+02,7.980000000000000000e+02,4.245600000000000000e+06
2.012043000000000000e+07,8.015000000000000000e+02,8.266149902343750000e+02,7.955000000000000000e+02,7.995000000000000000e+02,2.846500000000000000e+06
2.012050700000000000e+07,7.995000000000000000e+02,8.045300292968750000e+02,7.475000000000000000e+02,8.005000000000000000e+02,4.695200000000000000e+06
2.012051400000000000e+07,7.980000000000000000e+02,7.980000000000000000e+02,7.550000000000000000e+02,7.565000000000000000e+02,3.579700000000000000e+06
2.012052100000000000e+07,7.530000000000000000e+02,7.805000000000000000e+02,7.510000000000000000e+02,7.770000000000000000e+02,2.694200000000000000e+06
2.012052800000000000e+07,7.775000000000000000e+02,8.230000000000000000e+02,7.626409912109375000e+02,7.940000000000000000e+02,5.349500000000000000e+06
2.012060400000000000e+07,7.940000000000000000e+02,8.075000000000000000e+02,7.745000000000000000e+02,8.060000000000000000e+02,2.275800000000000000e+06
2.012061100000000000e+07,8.170000000000000000e+02,8.250000000000000000e+02,7.880000000000000000e+02,8.035000000000000000e+02,3.313800000000000000e+06
2.012061800000000000e+07,8.065000000000000000e+02,8.180000000000000000e+02,7.985000000000000000e+02,8.030000000000000000e+02,2.246400000000000000e+06
2.012062500000000000e+07,7.990000000000000000e+02,8.055000000000000000e+02,7.640000000000000000e+02,8.030000000000000000e+02,4.518000000000000000e+06
2.012070200000000000e+07,8.025000000000000000e+02,8.515000000000000000e+02,8.025000000000000000e+02,8.400000000000000000e+02,2.151500000000000000e+06
2.012070900000000000e+07,8.380000000000000000e+02,8.545000000000000000e+02,8.285000000000000000e+02,8.440000000000000000e+02,2.505700000000000000e+06
2.012071600000000000e+07,8.440000000000000000e+02,8.615000000000000000e+02,8.355000000000000000e+02,8.550000000000000000e+02,2.248200000000000000e+06
2.012072300000000000e+07,8.485000000000000000e+02,8.685000000000000000e+02,8.225000000000000000e+02,8.630000000000000000e+02,1.903100000000000000e+06
2.012073000000000000e+07,8.615000000000000000e+02,8.705000000000000000e+02,8.215000000000000000e+02,8.385000000000000000e+02,1.664100000000000000e+06
2.012080600000000000e+07,8.540000000000000000e+02,9.070000000000000000e+02,8.455000000000000000e+02,8.950000000000000000e+02,3.221100000000000000e+06
2.012081300000000000e+07,8.930000000000000000e+02,9.000000000000000000e+02,8.780000000000000000e+02,8.815000000000000000e+02,1.631900000000000000e+06
2.012082000000000000e+07,8.800000000000000000e+02,8.875000000000000000e+02,8.460000000000000000e+02,8.540000000000000000e+02,1.903600000000000000e+06
2.012082700000000000e+07,8.540000000000000000e+02,8.730000000000000000e+02,8.485000000000000000e+02,8.700000000000000000e+02,1.422200000000000000e+06
2.012090300000000000e+07,8.670000000000000000e+02,8.870000000000000000e+02,8.630000000000000000e+02,8.790000000000000000e+02,1.247700000000000000e+06
2.012091000000000000e+07,8.795000000000000000e+02,8.855000000000000000e+02,8.550000000000000000e+02,8.820000000000000000e+02,1.544200000000000000e+06
2.012091700000000000e+07,8.775000000000000000e+02,8.875000000000000000e+02,8.495000000000000000e+02,8.760000000000000000e+02,2.226900000000000000e+06
2.012092400000000000e+07,8.730000000000000000e+02,9.020000000000000000e+02,8.665000000000000000e+02,8.955000000000000000e+02,1.576800000000000000e+06
2.012100100000000000e+07,8.945000000000000000e+02,9.580000000000000000e+02,8.945000000000000000e+02,9.390000000000000000e+02,2.687000000000000000e+06
2.012100800000000000e+07,9.335000000000000000e+02,9.615000000000000000e+02,9.205000000000000000e+02,9.305000000000000000e+02,1.782100000000000000e+06
2.012101500000000000e+07,9.275000000000000000e+02,9.635000000000000000e+02,9.265000000000000000e+02,9.310000000000000000e+02,1.461900000000000000e+06
2.012102200000000000e+07,9.310000000000000000e+02,9.320000000000000000e+02,9.000000000000000000e+02,9.040000000000000000e+02,1.990600000000000000e+06
2.012102900000000000e+07,9.045000000000000000e+02,9.330000000000000000e+02,8.920000000000000000e+02,9.130000000000000000e+02,1.482200000000000000e+06
2.012110500000000000e+07,9.015000000000000000e+02,9.030000000000000000e+02,8.075000000000000000e+02,8.195000000000000000e+02,7.830300000000000000e+06
2.012111200000000000e+07,8.200000000000000000e+02,8.705000000000000000e+02,8.150000000000000000e+02,8.580000000000000000e+02,3.949700000000000000e+06
2.012111900000000000e+07,8.605000000000000000e+02,8.800000000000000000e+02,8.530000000000000000e+02,8.585000000000000000e+02,2.019300000000000000e+06
2.012112600000000000e+07,8.565000000000000000e+02,8.650000000000000000e+02,8.370000000000000000e+02,8.570000000000000000e+02,2.376300000000000000e+06
2.012120300000000000e+07,8.550000000000000000e+02,8.600000000000000000e+02,8.245000000000000000e+02,8.400000000000000000e+02,2.508400000000000000e+06
2.012121000000000000e+07,8.330000000000000000e+02,8.705000000000000000e+02,8.290000000000000000e+02,8.425000000000000000e+02,2.937600000000000000e+06
2.012121700000000000e+07,8.480000000000000000e+02,8.490000000000000000e+02,7.645000000000000000e+02,7.970000000000000000e+02,6.741700000000000000e+06
2.012122400000000000e+07,7.940000000000000000e+02,8.135000000000000000e+02,7.800000000000000000e+02,7.865000000000000000e+02,1.152300000000000000e+06
2.012123100000000000e+07,7.800000000000000000e+02,8.230000000000000000e+02,7.800000000000000000e+02,8.140000000000000000e+02,2.225400000000000000e+06
2.013010700000000000e+07,8.145000000000000000e+02,8.410000000000000000e+02,7.940000000000000000e+02,8.365000000000000000e+02,3.553500000000000000e+06
2.013011400000000000e+07,8.400000000000000000e+02,8.690000000000000000e+02,8.235000000000000000e+02,8.655000000000000000e+02,3.135500000000000000e+06
2.013012100000000000e+07,8.670000000000000000e+02,8.785000000000000000e+02,8.515000000000000000e+02,8.760000000000000000e+02,2.176000000000000000e+06
2.013012800000000000e+07,8.775000000000000000e+02,8.870000000000000000e+02,8.450000000000000000e+02,8.595000000000000000e+02,3.309300000000000000e+06
2.013020400000000000e+07,8.650000000000000000e+02,8.905000000000000000e+02,8.430000000000000000e+02,8.640000000000000000e+02,5.443600000000000000e+06
2.013021100000000000e+07,8.620000000000000000e+02,9.245000000000000000e+02,8.125000000000000000e+02,9.155000000000000000e+02,7.535800000000000000e+06
2.013021800000000000e+07,9.135000000000000000e+02,9.350000000000000000e+02,8.800000000000000000e+02,9.220000000000000000e+02,3.806800000000000000e+06
2.013022500000000000e+07,9.265000000000000000e+02,9.440000000000000000e+02,9.120000000000000000e+02,9.345000000000000000e+02,2.975400000000000000e+06
2.013030400000000000e+07,9.320000000000000000e+02,9.525000000000000000e+02,9.040000000000000000e+02,9.060000000000000000e+02,2.684300000000000000e+06
2.013031100000000000e+07,9.030000000000000000e+02,9.380000000000000000e+02,8.980000000000000000e+02,9.190000000000000000e+02,2.648500000000000000e+06
2.013031800000000000e+07,9.095000000000000000e+02,9.260000000000000000e+02,8.945000000000000000e+02,9.075000000000000000e+02,2.223500000000000000e+06
2.013032500000000000e+07,9.130000000000000000e+02,9.305000000000000000e+02,8.970000000000000000e+02,9.035000000000000000e+02,2.464800000000000000e+06
2.013040100000000000e+07,9.035000000000000000e+02,9.250000000000000000e+02,8.740000000000000000e+02,8.840000000000000000e+02,2.273000000000000000e+06
2.013040800000000000e+07,8.880000000000000000e+02,9.370000000000000000e+02,8.775000000000000000e+02,9.065000000000000000e+02,2.411100000000000000e+06
2.013041500000000000e+07,9.065000000000000000e+02,9.210000000000000000e+02,8.935000000000000000e+02,9.195000000000000000e+02,2.034700000000000000e+06
2.013042200000000000e+07,9.220000000000000000e+02,9.405000000000000000e+02,9.020000000000000000e+02,9.100000000000000000e+02,2.047600000000000000e+06
2.013042900000000000e+07,9.135000000000000000e+02,9.735629882812500000e+02,9.100250244140625000e+02,9.455000000000000000e+02,2.733700000000000000e+06
2.013050600000000000e+07,9.455000000000000000e+02,9.640000000000000000e+02,9.170000000000000000e+02,9.490000000000000000e+02,2.303100000000000000e+06
2.013051300000000000e+07,9.525000000000000000e+02,9.740000000000000000e+02,9.390000000000000000e+02,9.740000000000000000e+02,2.628000000000000000e+06
2.013052000000000000e+07,9.770000000000000000e+02,9.794030151367187500e+02,9.335000000000000000e+02,9.425000000000000000e+02,2.527800000000000000e+06
2.013052700000000000e+07,9.425000000000000000e+02,1.004000000000000000e+03,9.425000000000000000e+02,9.705000000000000000e+02,2.045800000000000000e+06
2.013060300000000000e+07,9.635000000000000000e+02,9.815000000000000000e+02,9.440000000000000000e+02,9.605000000000000000e+02,1.975700000000000000e+06
2.013061000000000000e+07,9.615000000000000000e+02,9.642500000000000000e+02,9.175000000000000000e+02,9.240000000000000000e+02,3.020500000000000000e+06
2.013061700000000000e+07,9.245000000000000000e+02,1.002000000000000000e+03,9.180000000000000000e+02,9.710000000000000000e+02,5.592300000000000000e+06
2.013062400000000000e+07,9.710000000000000000e+02,1.024000000000000000e+03,9.305000000000000000e+02,1.014000000000000000e+03,3.889800000000000000e+06
2.013070100000000000e+07,1.014000000000000000e+03,1.025000000000000000e+03,9.815000000000000000e+02,9.990000000000000000e+02,2.006700000000000000e+06
2.013070800000000000e+07,1.008000000000000000e+03,1.026000000000000000e+03,9.615000000000000000e+02,9.910000000000000000e+02,2.231100000000000000e+06
2.013071500000000000e+07,9.970000000000000000e+02,1.008000000000000000e+03,9.765000000000000000e+02,1.007000000000000000e+03,1.317700000000000000e+06
2.013072200000000000e+07,1.010000000000000000e+03,1.010000000000000000e+03,9.475000000000000000e+02,9.750000000000000000e+02,2.301100000000000000e+06
2.013072900000000000e+07,9.770000000000000000e+02,9.870000000000000000e+02,8.720000000000000000e+02,8.735000000000000000e+02,7.271900000000000000e+06
2.013080500000000000e+07,8.765000000000000000e+02,8.890000000000000000e+02,8.467440185546875000e+02,8.710000000000000000e+02,4.001300000000000000e+06
2.013081200000000000e+07,8.685000000000000000e+02,8.835000000000000000e+02,8.620000000000000000e+02,8.780000000000000000e+02,2.668900000000000000e+06
2.013081900000000000e+07,8.860000000000000000e+02,8.860000000000000000e+02,8.510000000000000000e+02,8.540000000000000000e+02,2.566900000000000000e+06
2.013082600000000000e+07,8.540000000000000000e+02,8.550000000000000000e+02,8.025000000000000000e+02,8.195000000000000000e+02,3.140400000000000000e+06
2.013090200000000000e+07,8.240000000000000000e+02,8.630000000000000000e+02,8.226420288085937500e+02,8.540000000000000000e+02,2.467600000000000000e+06
2.013090900000000000e+07,8.555000000000000000e+02,8.565000000000000000e+02,8.205000000000000000e+02,8.320000000000000000e+02,2.399800000000000000e+06
2.013091600000000000e+07,8.375000000000000000e+02,8.450000000000000000e+02,7.990000000000000000e+02,8.010000000000000000e+02,3.181100000000000000e+06
2.013092300000000000e+07,8.020000000000000000e+02,8.660000000000000000e+02,7.975000000000000000e+02,8.500000000000000000e+02,3.112400000000000000e+06
2.013093000000000000e+07,8.480000000000000000e+02,8.490000000000000000e+02,8.045000000000000000e+02,8.070000000000000000e+02,2.213400000000000000e+06
2.013100700000000000e+07,8.065000000000000000e+02,8.065000000000000000e+02,7.535000000000000000e+02,8.035000000000000000e+02,3.736800000000000000e+06
2.013101400000000000e+07,8.035000000000000000e+02,8.230000000000000000e+02,7.780000000000000000e+02,8.175000000000000000e+02,2.321700000000000000e+06
2.013102100000000000e+07,8.170000000000000000e+02,8.405000000000000000e+02,7.615000000000000000e+02,7.915000000000000000e+02,4.035000000000000000e+06
2.013102800000000000e+07,7.930000000000000000e+02,7.977999877929687500e+02,7.045000000000000000e+02,7.595000000000000000e+02,4.467100000000000000e+06
2.013110400000000000e+07,7.800000000000000000e+02,7.920000000000000000e+02,6.630000000000000000e+02,6.840000000000000000e+02,1.046940000000000000e+07
2.013111100000000000e+07,6.845000000000000000e+02,6.895000000000000000e+02,6.330000000000000000e+02,6.630000000000000000e+02,8.522500000000000000e+06
2.013111800000000000e+07,6.620000000000000000e+02,7.030000000000000000e+02,6.505000000000000000e+02,6.885000000000000000e+02,6.092000000000000000e+06
2.013112500000000000e+07,6.915000000000000000e+02,7.045000000000000000e+02,6.845000000000000000e+02,7.025000000000000000e+02,2.908700000000000000e+06
2.013120200000000000e+07,7.010000000000000000e+02,7.090000000000000000e+02,6.700000000000000000e+02,6.730000000000000000e+02,3.670500000000000000e+06
2.013120900000000000e+07,6.750000000000000000e+02,7.020000000000000000e+02,6.640000000000000000e+02,6.775000000000000000e+02,2.782600000000000000e+06
2.013121600000000000e+07,6.755000000000000000e+02,6.900000000000000000e+02,6.565200195312500000e+02,6.870000000000000000e+02,2.485200000000000000e+06
2.013122300000000000e+07,6.850000000000000000e+02,7.010000000000000000e+02,6.715000000000000000e+02,7.010000000000000000e+02,9.376000000000000000e+05
2.013123000000000000e+07,7.055000000000000000e+02,7.695999755859375000e+02,7.000000000000000000e+02,7.665000000000000000e+02,3.105900000000000000e+06
2.014010600000000000e+07,7.685000000000000000e+02,7.820000000000000000e+02,7.415000000000000000e+02,7.745000000000000000e+02,3.548600000000000000e+06
2.014011300000000000e+07,7.720000000000000000e+02,7.900000000000000000e+02,7.575000000000000000e+02,7.600000000000000000e+02,3.966100000000000000e+06
2.014012000000000000e+07,7.635000000000000000e+02,7.915000000000000000e+02,7.400000000000000000e+02,7.410000000000000000e+02,3.801800000000000000e+06
2.014012700000000000e+07,7.395000000000000000e+02,7.465000000000000000e+02,7.093599853515625000e+02,7.150000000000000000e+02,3.844900000000000000e+06
2.014020300000000000e+07,7.150000000000000000e+02,7.240000000000000000e+02,7.015000000000000000e+02,7.110000000000000000e+02,3.460900000000000000e+06
2.014021000000000000e+07,7.120000000000000000e+02,7.300000000000000000e+02,6.250000000000000000e+02,6.450000000000000000e+02,1.382030000000000000e+07
2.014021700000000000e+07,6.410000000000000000e+02,6.855000000000000000e+02,6.410000000000000000e+02,6.730000000000000000e+02,5.258600000000000000e+06
2.014022400000000000e+07,6.740000000000000000e+02,6.750000000000000000e+02,6.490000000000000000e+02,6.595000000000000000e+02,3.603600000000000000e+06
2.014030300000000000e+07,6.540000000000000000e+02,6.805000000000000000e+02,6.355000000000000000e+02,6.760000000000000000e+02,4.270200000000000000e+06
2.014031000000000000e+07,6.750000000000000000e+02,6.820000000000000000e+02,6.435000000000000000e+02,6.560000000000000000e+02,2.217400000000000000e+06
2.014031700000000000e+07,6.550000000000000000e+02,6.955000000000000000e+02,6.535000000000000000e+02,6.920000000000000000e+02,2.624900000000000000e+06
2.014032400000000000e+07,6.920000000000000000e+02,7.240000000000000000e+02,6.847100219726562500e+02,6.900000000000000000e+02,2.144300000000000000e+06
2.014033100000000000e+07,6.935000000000000000e+02,7.195000000000000000e+02,6.865000000000000000e+02,7.000000000000000000e+02,2.429000000000000000e+06
2.014040700000000000e+07,6.980000000000000000e+02,6.980000000000000000e+02,6.476859741210937500e+02,6.625000000000000000e+02,3.446700000000000000e+06
2.014041400000000000e+07,6.565000000000000000e+02,6.580000000000000000e+02,6.280000000000000000e+02,6.310000000000000000e+02,2.048300000000000000e+06
2.014042100000000000e+07,6.310000000000000000e+02,6.455000000000000000e+02,6.285000000000000000e+02,6.420000000000000000e+02,2.780800000000000000e+06
2.014042800000000000e+07,6.445000000000000000e+02,7.530000000000000000e+02,6.260000000000000000e+02,7.100000000000000000e+02,5.955800000000000000e+06
2.014050500000000000e+07,7.100000000000000000e+02,7.185599975585937500e+02,6.950000000000000000e+02,6.985000000000000000e+02,2.129300000000000000e+06
2.014051200000000000e+07,7.040000000000000000e+02,7.275000000000000000e+02,6.685000000000000000e+02,6.885000000000000000e+02,2.990100000000000000e+06
2.014051900000000000e+07,6.905000000000000000e+02,7.045000000000000000e+02,6.795000000000000000e+02,7.020000000000000000e+02,2.290300000000000000e+06
2.014052600000000000e+07,7.020000000000000000e+02,7.290000000000000000e+02,7.020000000000000000e+02,7.110000000000000000e+02,2.004600000000000000e+06
2.014060200000000000e+07,7.200000000000000000e+02,7.655000000000000000e+02,7.131099853515625000e+02,7.640000000000000000e+02,3.569800000000000000e+06
2.014060900000000000e+07,7.670000000000000000e+02,7.835000000000000000e+02,7.470000000000000000e+02,7.500000000000000000e+02,1.390300000000000000e+06
2.014061600000000000e+07,7.510000000000000000e+02,7.725000000000000000e+02,7.425000000000000000e+02,7.630000000000000000e+02,2.794400000000000000e+06
2.014062300000000000e+07,7.605000000000000000e+02,7.695000000000000000e+02,7.460000000000000000e+02,7.500000000000000000e+02,5.022500000000000000e+06
2.014063000000000000e+07,7.505000000000000000e+02,7.785000000000000000e+02,7.480000000000000000e+02,7.670000000000000000e+02,1.292300000000000000e+06
2.014070700000000000e+07,7.635000000000000000e+02,7.700000000000000000e+02,7.275000000000000000e+02,7.400000000000000000e+02,1.641200000000000000e+06
2.014071400000000000e+07,7.430000000000000000e+02,7.645000000000000000e+02,7.415000000000000000e+02,7.550000000000000000e+02,1.417100000000000000e+06
2.014072100000000000e+07,7.535000000000000000e+02,8.115999755859375000e+02,7.530000000000000000e+02,8.010000000000000000e+02,2.422500000000000000e+06
2.014072800000000000e+07,8.045000000000000000e+02,8.120000000000000000e+02,7.795000000000000000e+02,7.910000000000000000e+02,2.687800000000000000e+06
2.014080400000000000e+07,8.065000000000000000e+02,8.065000000000000000e+02,7.155000000000000000e+02,7.265000000000000000e+02,3.184100000000000000e+06
2.014081100000000000e+07,7.300000000000000000e+02,7.870000000000000000e+02,7.290000000000000000e+02,7.810000000000000000e+02,2.277700000000000000e+06
2.014081800000000000e+07,7.860000000000000000e+02,7.980000000000000000e+02,7.594600219726562500e+02,7.615000000000000000e+02,1.439600000000000000e+06
2.014082500000000000e+07,7.615000000000000000e+02,7.615000000000000000e+02,6.935000000000000000e+02,7.410000000000000000e+02,5.341600000000000000e+06
2.014090100000000000e+07,7.390000000000000000e+02,7.500000000000000000e+02,7.320000000000000000e+02,7.430000000000000000e+02,2.016500000000000000e+06
2.014090800000000000e+07,7.450000000000000000e+02,7.730000000000000000e+02,7.430000000000000000e+02,7.705000000000000000e+02,2.879200000000000000e+06
2.014091500000000000e+07,7.640000000000000000e+02,7.730000000000000000e+02,7.375000000000000000e+02,7.515000000000000000e+02,2.791500000000000000e+06
2.014092200000000000e+07,7.465000000000000000e+02,7.530000000000000000e+02,7.305000000000000000e+02,7.340000000000000000e+02,1.901800000000000000e+06
2.014092900000000000e+07,7.350000000000000000e+02,7.535000000000000000e+02,7.320000000000000000e+02,7.405000000000000000e+02,6.131100000000000000e+06
2.014100600000000000e+07,7.430000000000000000e+02,7.455000000000000000e+02,6.715000000000000000e+02,6.750000000000000000e+02,2.819100000000000000e+06
2.014101300000000000e+07,6.705000000000000000e+02,6.910000000000000000e+02,6.525000000000000000e+02,6.855000000000000000e+02,2.944400000000000000e+06
2.014102000000000000e+07,6.880000000000000000e+02,7.385000000000000000e+02,6.830000000000000000e+02,7.375000000000000000e+02,2.537400000000000000e+06
2.014102700000000000e+07,7.420000000000000000e+02,7.805000000000000000e+02,7.340000000000000000e+02,7.705000000000000000e+02,2.211500000000000000e+06
2.014110300000000000e+07,7.500000000000000000e+02,7.835000000000000000e+02,7.308200073242187500e+02,7.660000000000000000e+02,2.594800000000000000e+06
2.014111000000000000e+07,7.610000000000000000e+02,8.060000000000000000e+02,7.555000000000000000e+02,7.985000000000000000e+02,4.187400000000000000e+06
2.014111700000000000e+07,7.925000000000000000e+02,8.260000000000000000e+02,7.845000000000000000e+02,8.240000000000000000e+02,2.890800000000000000e+06
2.014112400000000000e+07,8.250000000000000000e+02,8.345000000000000000e+02,8.070000000000000000e+02,8.115000000000000000e+02,2.272100000000000000e+06
2.014120100000000000e+07,8.000000000000000000e+02,8.070000000000000000e+02,7.700000000000000000e+02,7.915000000000000000e+02,4.456500000000000000e+06
2.014120800000000000e+07,7.920000000000000000e+02,8.025000000000000000e+02,7.815000000000000000e+02,7.885000000000000000e+02,1.920700000000000000e+06
2.014121500000000000e+07,7.940000000000000000e+02,7.950000000000000000e+02,7.520000000000000000e+02,7.865000000000000000e+02,3.450300000000000000e+06
2.014122200000000000e+07,7.920000000000000000e+02,8.085000000000000000e+02,7.885000000000000000e+02,8.070000000000000000e+02,3.861000000000000000e+05
2.014122900000000000e+07,8.010000000000000000e+02,8.090000000000000000e+02,7.915000000000000000e+02,8.055000000000000000e+02,6.648000000000000000e+05
2.015010500000000000e+07,8.050000000000000000e+02,8.150000000000000000e+02,7.790000000000000000e+02,7.995000000000000000e+02,1.970500000000000000e+06
2.015011200000000000e+07,7.995000000000000000e+02,8.260000000000000000e+02,7.825000000000000000e+02,8.165000000000000000e+02,2.316800000000000000e+06
2.015011900000000000e+07,8.160000000000000000e+02,8.625000000000000000e+02,8.160000000000000000e+02,8.410000000000000000e+02,1.743500000000000000e+06
2.015012600000000000e+07,8.330000000000000000e+02,8.635000000000000000e+02,8.235000000000000000e+02,8.620000000000000000e+02,1.948900000000000000e+06
2.015020200000000000e+07,8.595000000000000000e+02,8.885000000000000000e+02,8.552999877929687500e+02,8.640000000000000000e+02,3.090200000000000000e+06
2.015020900000000000e+07,8.625000000000000000e+02,1.000000000000000000e+03,8.340000000000000000e+02,9.520000000000000000e+02,9.717600000000000000e+06
2.015021600000000000e+07,9.520000000000000000e+02,9.620000000000000000e+02,9.110000000000000000e+02,9.230000000000000000e+02,6.686600000000000000e+06
2.015022300000000000e+07,9.355000000000000000e+02,9.435000000000000000e+02,9.165000000000000000e+02,9.250000000000000000e+02,5.402500000000000000e+06
2.015030200000000000e+07,9.270000000000000000e+02,9.375000000000000000e+02,8.965000000000000000e+02,9.300000000000000000e+02,3.010700000000000000e+06
2.015030900000000000e+07,9.315000000000000000e+02,9.500000000000000000e+02,8.850000000000000000e+02,8.950000000000000000e+02,3.876900000000000000e+06
2.015031600000000000e+07,8.995000000000000000e+02,9.260000000000000000e+02,8.945000000000000000e+02,9.140000000000000000e+02,2.217200000000000000e+06
2.015032300000000000e+07,9.175000000000000000e+02,9.185000000000000000e+02,8.615000000000000000e+02,8.640000000000000000e+02,1.830100000000000000e+06
2.015033000000000000e+07,8.690000000000000000e+02,9.055000000000000000e+02,8.641599731445312500e+02,8.985000000000000000e+02,3.343800000000000000e+06
2.015040600000000000e+07,8.985000000000000000e+02,9.470000000000000000e+02,8.985000000000000000e+02,9.405000000000000000e+02,2.434200000000000000e+06
2.015041300000000000e+07,9.385000000000000000e+02,9.415000000000000000e+02,9.070000000000000000e+02,9.180000000000000000e+02,2.868500000000000000e+06
2.015042000000000000e+07,9.175000000000000000e+02,9.335000000000000000e+02,9.145000000000000000e+02,9.250000000000000000e+02,2.932000000000000000e+06
2.015042700000000000e+07,9.310000000000000000e+02,9.310000000000000000e+02,8.765000000000000000e+02,8.950000000000000000e+02,2.196100000000000000e+06
2.015050400000000000e+07,8.950000000000000000e+02,1.116000000000000000e+03,8.885000000000000000e+02,1.095000000000000000e+03,1.910040000000000000e+07
2.015051100000000000e+07,1.086000000000000000e+03,1.130000000000000000e+03,1.060000000000000000e+03,1.069000000000000000e+03,1.235100000000000000e+07
2.015051800000000000e+07,1.062000000000000000e+03,1.109000000000000000e+03,1.057250000000000000e+03,1.101000000000000000e+03,4.708900000000000000e+06
2.015052500000000000e+07,1.101000000000000000e+03,1.110000000000000000e+03,1.069000000000000000e+03,1.078000000000000000e+03,6.059200000000000000e+06
2.015060100000000000e+07,1.072000000000000000e+03,1.102000000000000000e+03,1.069000000000000000e+03,1.075000000000000000e+03,7.434800000000000000e+06
2.015060800000000000e+07,1.067000000000000000e+03,1.079000000000000000e+03,1.060000000000000000e+03,1.070000000000000000e+03,2.655900000000000000e+06
2.015061500000000000e+07,1.066000000000000000e+03,1.067000000000000000e+03,1.042000000000000000e+03,1.046000000000000000e+03,4.256400000000000000e+06
2.015062200000000000e+07,1.061000000000000000e+03,1.061000000000000000e+03,1.035250000000000000e+03,1.043000000000000000e+03,3.967200000000000000e+06
2.015062900000000000e+07,1.028000000000000000e+03,1.042000000000000000e+03,1.008000000000000000e+03,1.024000000000000000e+03,3.367400000000000000e+06
2.015070600000000000e+07,1.014000000000000000e+03,1.060250000000000000e+03,1.014000000000000000e+03,1.046000000000000000e+03,2.151300000000000000e+06
2.015071300000000000e+07,1.050000000000000000e+03,1.054000000000000000e+03,1.042000000000000000e+03,1.051000000000000000e+03,2.316700000000000000e+06
2.015072000000000000e+07,1.074000000000000000e+03,1.083000000000000000e+03,1.022000000000000000e+03,1.075000000000000000e+03,2.175500000000000000e+06
2.015072700000000000e+07,1.070000000000000000e+03,1.106000000000000000e+03,1.054000000000000000e+03,1.095000000000000000e+03,2.743800000000000000e+06
2.015080300000000000e+07,1.101000000000000000e+03,1.116000000000000000e+03,1.084750000000000000e+03,1.091000000000000000e+03,1.155500000000000000e+06
2.015081000000000000e+07,1.093000000000000000e+03,1.115000000000000000e+03,1.079000000000000000e+03,1.099000000000000000e+03,3.223700000000000000e+06
2.015081700000000000e+07,1.099000000000000000e+03,1.104000000000000000e+03,1.076000000000000000e+03,1.079000000000000000e+03,2.357600000000000000e+06
2.015082400000000000e+07,1.055000000000000000e+03,1.087000000000000000e+03,1.028000000000000000e+03,1.087000000000000000e+03,1.692900000000000000e+06
2.015083100000000000e+07,1.087000000000000000e+03,1.101000000000000000e+03,1.061000000000000000e+03,1.096000000000000000e+03,1.602300000000000000e+06
2.015090700000000000e+07,1.095000000000000000e+03,1.136000000000000000e+03,1.091000000000000000e+03,1.127000000000000000e+03,9.849000000000000000e+05
2.015091400000000000e+07,1.133000000000000000e+03,1.140000000000000000e+03,1.103000000000000000e+03,1.110000000000000000e+03,1.856000000000000000e+06
2.015092100000000000e+07,1.097000000000000000e+03,1.116000000000000000e+03,1.090000000000000000e+03,1.105000000000000000e+03,2.110200000000000000e+06
2.015092800000000000e+07,1.109000000000000000e+03,1.115000000000000000e+03,1.074000000000000000e+03,1.079000000000000000e+03,2.498000000000000000e+06
2.015100500000000000e+07,1.088000000000000000e+03,1.105000000000000000e+03,1.075000000000000000e+03,1.101000000000000000e+03,2.033000000000000000e+06
2.015101200000000000e+07,1.107000000000000000e+03,1.108000000000000000e+03,1.088000000000000000e+03,1.104000000000000000e+03,7.229000000000000000e+05
2.015101900000000000e+07,1.108000000000000000e+03,1.174000000000000000e+03,1.097000000000000000e+03,1.164000000000000000e+03,2.306500000000000000e+06
2.015102600000000000e+07,1.166000000000000000e+03,1.194000000000000000e+03,1.158000000000000000e+03,1.175000000000000000e+03,4.224700000000000000e+06
2.015110200000000000e+07,1.169000000000000000e+03,1.204000000000000000e+03,1.166000000000000000e+03,1.173000000000000000e+03,1.879300000000000000e+06
2.015110900000000000e+07,1.178000000000000000e+03,1.204000000000000000e+03,1.160000000000000000e+03,1.203000000000000000e+03,2.093400000000000000e+06
2.015111600000000000e+07,1.192000000000000000e+03,1.219160034179687500e+03,1.177000000000000000e+03,1.200000000000000000e+03,2.916300000000000000e+06
2.015112300000000000e+07,1.205000000000000000e+03,1.223920043945312500e+03,1.187000000000000000e+03,1.223000000000000000e+03,2.159600000000000000e+06
2.015113000000000000e+07,1.227000000000000000e+03,1.246000000000000000e+03,1.208000000000000000e+03,1.228000000000000000e+03,2.196500000000000000e+06
2.015120700000000000e+07,1.227000000000000000e+03,1.243000000000000000e+03,1.207000000000000000e+03,1.209000000000000000e+03,1.939700000000000000e+06
2.015121400000000000e+07,1.209000000000000000e+03,1.245000000000000000e+03,1.197000000000000000e+03,1.222000000000000000e+03,1.866200000000000000e+06
2.015122100000000000e+07,1.210000000000000000e+03,1.253000000000000000e+03,1.209000000000000000e+03,1.249000000000000000e+03,1.832700000000000000e+06
2.016010400000000000e+07,1.250000000000000000e+03,1.289000000000000000e+03,1.226000000000000000e+03,1.280000000000000000e+03,8.076100000000000000e+06
2.016011100000000000e+07,1.285000000000000000e+03,1.313000000000000000e+03,1.263000000000000000e+03,1.273000000000000000e+03,1.438880000000000000e+07
