2.004070500000000000e+07,5.750000000000000000e+01,5.750000000000000000e+01,5.750000000000000000e+01,5.750000000000000000e+01,2.834000000000000000e+05
2.004071200000000000e+07,5.750000000000000000e+01,5.750000000000000000e+01,5.750000000000000000e+01,5.750000000000000000e+01,6.210000000000000000e+04
2.004071900000000000e+07,5.750000000000000000e+01,5.750000000000000000e+01,5.750000000000000000e+01,5.750000000000000000e+01,9.915000000000000000e+05
2.004072600000000000e+07,5.750000000000000000e+01,5.750000000000000000e+01,5.750000000000000000e+01,5.750000000000000000e+01,2.544900000000000000e+06
2.004080200000000000e+07,5.650000000000000000e+01,5.650000000000000000e+01,5.550000000000000000e+01,5.550000000000000000e+01,2.540000000000000000e+04
2.004080900000000000e+07,5.450000000000000000e+01,5.450000000000000000e+01,5.450000000000000000e+01,5.450000000000000000e+01,4.610000000000000000e+04
2.004081600000000000e+07,5.450000000000000000e+01,5.450000000000000000e+01,5.450000000000000000e+01,5.450000000000000000e+01,4.000000000000000000e+03
2.004082300000000000e+07,5.450000000000000000e+01,5.450000000000000000e+01,5.400000000000000000e+01,5.400000000000000000e+01,1.520000000000000000e+04
2.004083000000000000e+07,5.400000000000000000e+01,5.400000000000000000e+01,5.400000000000000000e+01,5.400000000000000000e+01,1.800000000000000000e+03
2.004090600000000000e+07,5.400000000000000000e+01,5.400000000000000000e+01,5.400000000000000000e+01,5.400000000000000000e+01,7.200000000000000000e+03
2.004091300000000000e+07,5.400000000000000000e+01,5.400000000000000000e+01,5.400000000000000000e+01,5.400000000000000000e+01,7.000000000000000000e+02
2.004092000000000000e+07,5.400000000000000000e+01,5.400000000000000000e+01,5.050000000000000000e+01,5.050000000000000000e+01,1.000000000000000000e+04
2.004092700000000000e+07,5.050000000000000000e+01,5.050000000000000000e+01,5.050000000000000000e+01,5.050000000000000000e+01,0.000000000000000000e+00
2.004100400000000000e+07,5.100000000000000000e+01,5.100000000000000000e+01,4.700000000000000000e+01,4.750000000000000000e+01,0.000000000000000000e+00
2.004101100000000000e+07,5.050000000000000000e+01,5.100000000000000000e+01,5.050000000000000000e+01,5.100000000000000000e+01,2.550000000000000000e+04
2.004101800000000000e+07,5.100000000000000000e+01,5.645000076293945312e+01,5.100000000000000000e+01,5.600000000000000000e+01,0.000000000000000000e+00
2.004102500000000000e+07,5.600000000000000000e+01,6.150000000000000000e+01,5.600000000000000000e+01,6.150000000000000000e+01,1.535000000000000000e+05
2.004110100000000000e+07,6.150000000000000000e+01,6.150000000000000000e+01,6.150000000000000000e+01,6.150000000000000000e+01,0.000000000000000000e+00
2.004110800000000000e+07,6.150000000000000000e+01,6.450000000000000000e+01,6.150000000000000000e+01,6.450000000000000000e+01,0.000000000000000000e+00
2.004111500000000000e+07,6.600000000000000000e+01,6.750000000000000000e+01,6.500000000000000000e+01,6.750000000000000000e+01,1.420000000000000000e+04
2.004112200000000000e+07,6.750000000000000000e+01,6.900000000000000000e+01,6.750000000000000000e+01,6.900000000000000000e+01,0.000000000000000000e+00
2.004112900000000000e+07,6.550000000000000000e+01,6.600000000000000000e+01,6.550000000000000000e+01,6.600000000000000000e+01,0.000000000000000000e+00
2.004120600000000000e+07,6.600000000000000000e+01,6.600000000000000000e+01,6.600000000000000000e+01,6.600000000000000000e+01,0.000000000000000000e+00
2.004121300000000000e+07,6.600000000000000000e+01,6.600000000000000000e+01,6.600000000000000000e+01,6.600000000000000000e+01,0.000000000000000000e+00
2.004122000000000000e+07,6.500000000000000000e+01,6.500000000000000000e+01,6.325999832153320312e+01,6.350000000000000000e+01,0.000000000000000000e+00
2.004122700000000000e+07,6.350000000000000000e+01,6.350000000000000000e+01,6.350000000000000000e+01,6.350000000000000000e+01,0.000000000000000000e+00
2.005010300000000000e+07,6.350000000000000000e+01,6.350000000000000000e+01,6.350000000000000000e+01,6.350000000000000000e+01,0.000000000000000000e+00
2.005011000000000000e+07,6.350000000000000000e+01,6.350000000000000000e+01,6.350000000000000000e+01,6.350000000000000000e+01,0.000000000000000000e+00
2.005011700000000000e+07,6.350000000000000000e+01,6.350000000000000000e+01,6.350000000000000000e+01,6.350000000000000000e+01,0.000000000000000000e+00
2.005012400000000000e+07,6.350000000000000000e+01,6.350000000000000000e+01,6.350000000000000000e+01,6.350000000000000000e+01,0.000000000000000000e+00
2.005013100000000000e+07,6.350000000000000000e+01,6.350000000000000000e+01,6.350000000000000000e+01,6.350000000000000000e+01,0.000000000000000000e+00
2.005020700000000000e+07,6.350000000000000000e+01,6.350000000000000000e+01,6.350000000000000000e+01,6.350000000000000000e+01,7.500000000000000000e+05
2.005021400000000000e+07,6.400000000000000000e+01,6.950000000000000000e+01,6.400000000000000000e+01,6.950000000000000000e+01,0.000000000000000000e+00
2.005022100000000000e+07,6.950000000000000000e+01,6.950000000000000000e+01,6.738999938964843750e+01,6.850000000000000000e+01,1.300000000000000000e+03
2.005022800000000000e+07,6.850000000000000000e+01,7.400000000000000000e+01,6.850000000000000000e+01,7.400000000000000000e+01,0.000000000000000000e+00
2.005030700000000000e+07,7.400000000000000000e+01,7.450000000000000000e+01,7.350000000000000000e+01,7.450000000000000000e+01,1.622000000000000000e+05
2.005031400000000000e+07,7.450000000000000000e+01,7.450000000000000000e+01,7.150000000000000000e+01,7.150000000000000000e+01,0.000000000000000000e+00
2.005032100000000000e+07,7.150000000000000000e+01,7.150000000000000000e+01,6.750000000000000000e+01,6.750000000000000000e+01,5.230000000000000000e+04
2.005032800000000000e+07,6.750000000000000000e+01,6.950000000000000000e+01,6.750000000000000000e+01,6.950000000000000000e+01,4.410000000000000000e+05
2.005040400000000000e+07,6.950000000000000000e+01,7.825000000000000000e+01,6.950000000000000000e+01,7.750000000000000000e+01,2.910000000000000000e+04
2.005041100000000000e+07,7.700000000000000000e+01,9.200000000000000000e+01,7.111299896240234375e+01,9.200000000000000000e+01,0.000000000000000000e+00
2.005041800000000000e+07,8.800000000000000000e+01,9.550000000000000000e+01,8.700000000000000000e+01,9.550000000000000000e+01,0.000000000000000000e+00
2.005042500000000000e+07,9.300000000000000000e+01,9.300000000000000000e+01,8.000000000000000000e+01,8.400000000000000000e+01,0.000000000000000000e+00
2.005050200000000000e+07,8.550000000000000000e+01,8.550000000000000000e+01,8.550000000000000000e+01,8.550000000000000000e+01,5.560000000000000000e+05
2.005050900000000000e+07,8.550000000000000000e+01,8.550000000000000000e+01,8.250000000000000000e+01,8.250000000000000000e+01,0.000000000000000000e+00
2.005051600000000000e+07,8.200000000000000000e+01,8.200000000000000000e+01,8.000000000000000000e+01,8.000000000000000000e+01,1.850000000000000000e+04
2.005052300000000000e+07,8.000000000000000000e+01,8.000000000000000000e+01,8.000000000000000000e+01,8.000000000000000000e+01,4.990000000000000000e+04
2.005053000000000000e+07,7.850000000000000000e+01,7.850000000000000000e+01,7.850000000000000000e+01,7.850000000000000000e+01,0.000000000000000000e+00
2.005060600000000000e+07,7.850000000000000000e+01,7.850000000000000000e+01,7.850000000000000000e+01,7.850000000000000000e+01,0.000000000000000000e+00
2.005061300000000000e+07,7.850000000000000000e+01,8.050000000000000000e+01,7.850000000000000000e+01,8.050000000000000000e+01,0.000000000000000000e+00
2.005062000000000000e+07,8.150000000000000000e+01,8.900000000000000000e+01,8.150000000000000000e+01,8.750000000000000000e+01,1.219000000000000000e+05
2.005062700000000000e+07,8.750000000000000000e+01,8.950000000000000000e+01,8.300000000000000000e+01,8.950000000000000000e+01,0.000000000000000000e+00
2.005070400000000000e+07,8.950000000000000000e+01,8.950000000000000000e+01,8.900000000000000000e+01,8.950000000000000000e+01,0.000000000000000000e+00
2.005071100000000000e+07,8.950000000000000000e+01,8.950000000000000000e+01,8.800000000000000000e+01,8.800000000000000000e+01,0.000000000000000000e+00
2.005071800000000000e+07,8.800000000000000000e+01,8.800000000000000000e+01,8.800000000000000000e+01,8.800000000000000000e+01,0.000000000000000000e+00
2.005072500000000000e+07,8.800000000000000000e+01,8.800000000000000000e+01,8.100000000000000000e+01,8.250000000000000000e+01,0.000000000000000000e+00
2.005080100000000000e+07,8.250000000000000000e+01,8.294999694824218750e+01,8.115000152587890625e+01,8.250000000000000000e+01,0.000000000000000000e+00
2.005080800000000000e+07,8.250000000000000000e+01,8.250000000000000000e+01,7.600000000000000000e+01,7.800000000000000000e+01,0.000000000000000000e+00
2.005081500000000000e+07,7.800000000000000000e+01,7.800000000000000000e+01,7.700000000000000000e+01,7.700000000000000000e+01,7.800000000000000000e+03
2.005082200000000000e+07,7.700000000000000000e+01,7.700000000000000000e+01,7.200000000000000000e+01,7.300000000000000000e+01,5.531000000000000000e+05
2.005082900000000000e+07,7.300000000000000000e+01,7.300000000000000000e+01,7.300000000000000000e+01,7.300000000000000000e+01,1.642000000000000000e+06
2.005090500000000000e+07,7.700000000000000000e+01,7.750000000000000000e+01,7.700000000000000000e+01,7.750000000000000000e+01,0.000000000000000000e+00
2.005091200000000000e+07,8.000000000000000000e+01,8.400000000000000000e+01,8.000000000000000000e+01,8.400000000000000000e+01,0.000000000000000000e+00
2.005091900000000000e+07,8.400000000000000000e+01,8.400000000000000000e+01,8.150000000000000000e+01,8.150000000000000000e+01,0.000000000000000000e+00
2.005092600000000000e+07,8.150000000000000000e+01,8.400000000000000000e+01,8.100000000000000000e+01,8.400000000000000000e+01,0.000000000000000000e+00
2.005100300000000000e+07,8.400000000000000000e+01,8.400000000000000000e+01,8.400000000000000000e+01,8.400000000000000000e+01,0.000000000000000000e+00
2.005101000000000000e+07,8.400000000000000000e+01,8.400000000000000000e+01,8.400000000000000000e+01,8.400000000000000000e+01,0.000000000000000000e+00
2.005101700000000000e+07,8.500000000000000000e+01,8.500000000000000000e+01,8.350000000000000000e+01,8.350000000000000000e+01,0.000000000000000000e+00
2.005102400000000000e+07,8.350000000000000000e+01,8.350000000000000000e+01,8.350000000000000000e+01,8.350000000000000000e+01,0.000000000000000000e+00
2.005103100000000000e+07,8.350000000000000000e+01,8.350000000000000000e+01,8.350000000000000000e+01,8.350000000000000000e+01,0.000000000000000000e+00
2.005110700000000000e+07,8.200000000000000000e+01,8.200000000000000000e+01,8.150000000000000000e+01,8.150000000000000000e+01,0.000000000000000000e+00
2.005111400000000000e+07,8.200000000000000000e+01,8.400000000000000000e+01,8.200000000000000000e+01,8.400000000000000000e+01,0.000000000000000000e+00
2.005112100000000000e+07,8.400000000000000000e+01,8.450000000000000000e+01,8.400000000000000000e+01,8.450000000000000000e+01,0.000000000000000000e+00
2.005112800000000000e+07,8.450000000000000000e+01,8.450000000000000000e+01,8.350000000000000000e+01,8.350000000000000000e+01,0.000000000000000000e+00
2.005120500000000000e+07,8.350000000000000000e+01,8.350000000000000000e+01,8.350000000000000000e+01,8.350000000000000000e+01,0.000000000000000000e+00
2.005121200000000000e+07,8.350000000000000000e+01,8.350000000000000000e+01,8.300000000000000000e+01,8.300000000000000000e+01,0.000000000000000000e+00
2.005121900000000000e+07,8.300000000000000000e+01,8.300000000000000000e+01,8.250000000000000000e+01,8.300000000000000000e+01,1.844000000000000000e+05
2.005122600000000000e+07,8.300000000000000000e+01,8.300000000000000000e+01,8.300000000000000000e+01,8.300000000000000000e+01,0.000000000000000000e+00
2.006010200000000000e+07,9.200000000000000000e+01,9.450000000000000000e+01,9.200000000000000000e+01,9.250000000000000000e+01,0.000000000000000000e+00
2.006010900000000000e+07,9.150000000000000000e+01,9.150000000000000000e+01,9.000000000000000000e+01,9.000000000000000000e+01,0.000000000000000000e+00
2.006011600000000000e+07,9.000000000000000000e+01,9.000000000000000000e+01,9.000000000000000000e+01,9.000000000000000000e+01,2.843000000000000000e+05
2.006012300000000000e+07,9.000000000000000000e+01,9.000000000000000000e+01,9.000000000000000000e+01,9.000000000000000000e+01,0.000000000000000000e+00
2.006013000000000000e+07,9.200000000000000000e+01,9.200000000000000000e+01,9.200000000000000000e+01,9.200000000000000000e+01,0.000000000000000000e+00
2.006020600000000000e+07,9.200000000000000000e+01,1.010000000000000000e+02,9.200000000000000000e+01,1.010000000000000000e+02,0.000000000000000000e+00
2.006021300000000000e+07,1.010000000000000000e+02,1.010000000000000000e+02,9.800000000000000000e+01,9.850000000000000000e+01,0.000000000000000000e+00
2.006022000000000000e+07,9.850000000000000000e+01,1.000000000000000000e+02,9.850000000000000000e+01,1.000000000000000000e+02,6.928000000000000000e+05
2.006022700000000000e+07,1.000000000000000000e+02,1.000000000000000000e+02,9.700000000000000000e+01,9.700000000000000000e+01,0.000000000000000000e+00
2.006030600000000000e+07,9.700000000000000000e+01,1.020000000000000000e+02,9.600000000000000000e+01,1.020000000000000000e+02,0.000000000000000000e+00
2.006031300000000000e+07,1.025000000000000000e+02,1.060000000000000000e+02,1.010000000000000000e+02,1.060000000000000000e+02,9.430000000000000000e+04
2.006032000000000000e+07,1.055000000000000000e+02,1.072500000000000000e+02,1.055000000000000000e+02,1.055000000000000000e+02,0.000000000000000000e+00
2.006032700000000000e+07,1.050000000000000000e+02,1.055000000000000000e+02,1.045000000000000000e+02,1.045000000000000000e+02,0.000000000000000000e+00
2.006040300000000000e+07,1.035000000000000000e+02,1.160000000000000000e+02,1.035000000000000000e+02,1.160000000000000000e+02,0.000000000000000000e+00
2.006041000000000000e+07,1.160000000000000000e+02,1.170000000000000000e+02,1.110000000000000000e+02,1.170000000000000000e+02,0.000000000000000000e+00
2.006041700000000000e+07,1.170000000000000000e+02,1.260000000000000000e+02,1.170000000000000000e+02,1.260000000000000000e+02,4.929800000000000000e+06
2.006042400000000000e+07,1.275000000000000000e+02,1.275000000000000000e+02,1.225000000000000000e+02,1.225000000000000000e+02,1.695000000000000000e+05
2.006050100000000000e+07,1.225000000000000000e+02,1.225000000000000000e+02,1.180000000000000000e+02,1.195000000000000000e+02,0.000000000000000000e+00
2.006050800000000000e+07,1.195000000000000000e+02,1.199499969482421875e+02,1.155000000000000000e+02,1.155000000000000000e+02,0.000000000000000000e+00
2.006051500000000000e+07,1.095000000000000000e+02,1.095000000000000000e+02,1.055000000000000000e+02,1.065000000000000000e+02,5.070000000000000000e+04
2.006052200000000000e+07,1.040000000000000000e+02,1.040000000000000000e+02,1.000000000000000000e+02,1.015000000000000000e+02,1.561000000000000000e+05
2.006052900000000000e+07,1.015000000000000000e+02,1.015000000000000000e+02,9.800000000000000000e+01,9.800000000000000000e+01,1.044000000000000000e+05
2.006060500000000000e+07,9.550000000000000000e+01,9.550000000000000000e+01,9.325000000000000000e+01,9.325000000000000000e+01,0.000000000000000000e+00
2.006061200000000000e+07,9.325000000000000000e+01,9.325000000000000000e+01,8.300000000000000000e+01,8.700000000000000000e+01,0.000000000000000000e+00
2.006061900000000000e+07,8.700000000000000000e+01,8.700000000000000000e+01,8.550000000000000000e+01,8.550000000000000000e+01,0.000000000000000000e+00
2.006062600000000000e+07,8.500000000000000000e+01,9.300000000000000000e+01,8.500000000000000000e+01,9.300000000000000000e+01,4.900000000000000000e+03
2.006070300000000000e+07,9.150000000000000000e+01,9.500000000000000000e+01,9.150000000000000000e+01,9.500000000000000000e+01,0.000000000000000000e+00
2.006071000000000000e+07,9.500000000000000000e+01,9.500000000000000000e+01,9.350000000000000000e+01,9.350000000000000000e+01,0.000000000000000000e+00
2.006071700000000000e+07,9.300000000000000000e+01,9.325000000000000000e+01,9.275000000000000000e+01,9.325000000000000000e+01,0.000000000000000000e+00
2.006072400000000000e+07,9.325000000000000000e+01,1.000000000000000000e+02,8.500000000000000000e+01,9.850000000000000000e+01,1.300500000000000000e+06
2.006073100000000000e+07,9.850000000000000000e+01,1.000000000000000000e+02,9.500000000000000000e+01,9.650000000000000000e+01,2.986000000000000000e+05
2.006080700000000000e+07,9.650000000000000000e+01,9.650000000000000000e+01,9.200000000000000000e+01,9.375000000000000000e+01,2.282000000000000000e+05
2.006081400000000000e+07,9.325000000000000000e+01,9.500000000000000000e+01,9.200000000000000000e+01,9.400000000000000000e+01,9.264000000000000000e+05
2.006082100000000000e+07,9.400000000000000000e+01,9.759999847412109375e+01,9.347100067138671875e+01,9.450000000000000000e+01,2.267100000000000000e+06
2.006082800000000000e+07,9.450000000000000000e+01,9.600000000000000000e+01,9.181600189208984375e+01,9.300000000000000000e+01,7.120000000000000000e+05
2.006090400000000000e+07,9.300000000000000000e+01,9.500000000000000000e+01,9.181600189208984375e+01,9.400000000000000000e+01,9.235000000000000000e+05
2.006091100000000000e+07,9.400000000000000000e+01,9.500000000000000000e+01,9.112000274658203125e+01,9.275000000000000000e+01,2.961000000000000000e+05
2.006091800000000000e+07,9.250000000000000000e+01,9.350000000000000000e+01,8.850000000000000000e+01,8.900000000000000000e+01,7.610000000000000000e+05
2.006092500000000000e+07,8.800000000000000000e+01,9.200000000000000000e+01,8.600000000000000000e+01,9.200000000000000000e+01,1.086100000000000000e+06
2.006100200000000000e+07,9.200000000000000000e+01,9.600000000000000000e+01,9.100000000000000000e+01,9.450000000000000000e+01,1.380800000000000000e+06
2.006100900000000000e+07,9.400000000000000000e+01,9.700000000000000000e+01,9.330000305175781250e+01,9.450000000000000000e+01,3.892000000000000000e+05
2.006101600000000000e+07,9.300000000000000000e+01,9.526499938964843750e+01,9.250000000000000000e+01,9.375000000000000000e+01,4.926000000000000000e+05
2.006102300000000000e+07,9.300000000000000000e+01,9.500000000000000000e+01,9.200000000000000000e+01,9.250000000000000000e+01,1.611000000000000000e+05
2.006103000000000000e+07,9.350000000000000000e+01,9.400000000000000000e+01,9.100000000000000000e+01,9.200000000000000000e+01,5.000000000000000000e+05
2.006110600000000000e+07,9.100000000000000000e+01,9.250000000000000000e+01,8.832299804687500000e+01,9.000000000000000000e+01,2.428000000000000000e+06
2.006111300000000000e+07,9.150000000000000000e+01,9.300000000000000000e+01,8.550000000000000000e+01,8.825000000000000000e+01,3.085200000000000000e+06
2.006112000000000000e+07,8.600000000000000000e+01,8.900000000000000000e+01,8.225000000000000000e+01,8.375000000000000000e+01,3.675300000000000000e+06
2.006112700000000000e+07,8.500000000000000000e+01,9.290000152587890625e+01,8.500000000000000000e+01,8.950000000000000000e+01,2.742500000000000000e+06
2.006120400000000000e+07,8.950000000000000000e+01,9.384999847412109375e+01,8.840000152587890625e+01,9.100000000000000000e+01,7.047000000000000000e+05
2.006121100000000000e+07,9.175000000000000000e+01,9.372000122070312500e+01,8.700000000000000000e+01,8.800000000000000000e+01,7.117000000000000000e+05
2.006121800000000000e+07,8.850000000000000000e+01,9.600000000000000000e+01,8.700000000000000000e+01,9.350000000000000000e+01,1.884100000000000000e+06
2.006122500000000000e+07,9.350000000000000000e+01,9.700000000000000000e+01,9.025000000000000000e+01,9.325000000000000000e+01,1.625000000000000000e+05
2.007010100000000000e+07,9.325000000000000000e+01,9.475000000000000000e+01,9.100000000000000000e+01,9.100000000000000000e+01,3.926000000000000000e+05
2.007010800000000000e+07,9.100000000000000000e+01,9.233999633789062500e+01,8.700000000000000000e+01,9.150000000000000000e+01,1.398100000000000000e+06
2.007011500000000000e+07,9.000000000000000000e+01,9.190000152587890625e+01,8.450000000000000000e+01,8.600000000000000000e+01,4.349800000000000000e+06
2.007012200000000000e+07,8.550000000000000000e+01,8.750000000000000000e+01,8.208000183105468750e+01,8.550000000000000000e+01,1.007970000000000000e+07
2.007012900000000000e+07,8.500000000000000000e+01,8.800000000000000000e+01,8.500000000000000000e+01,8.550000000000000000e+01,1.198090000000000000e+07
2.007020500000000000e+07,8.725000000000000000e+01,9.150000000000000000e+01,8.376999664306640625e+01,9.150000000000000000e+01,4.848000000000000000e+06
2.007021200000000000e+07,9.050000000000000000e+01,9.200000000000000000e+01,8.700000000000000000e+01,9.000000000000000000e+01,2.359000000000000000e+06
2.007021900000000000e+07,9.050000000000000000e+01,9.800000000000000000e+01,9.050000000000000000e+01,9.600000000000000000e+01,4.236800000000000000e+06
2.007022600000000000e+07,9.600000000000000000e+01,9.800000000000000000e+01,8.490000152587890625e+01,9.475000000000000000e+01,1.940600000000000000e+06
2.007030500000000000e+07,9.200000000000000000e+01,1.010000000000000000e+02,9.000000000000000000e+01,9.700000000000000000e+01,5.719700000000000000e+06
2.007031200000000000e+07,9.950000000000000000e+01,1.000000000000000000e+02,9.000000000000000000e+01,9.350000000000000000e+01,1.582000000000000000e+06
2.007031900000000000e+07,9.200000000000000000e+01,9.300000000000000000e+01,8.900000000000000000e+01,9.075000000000000000e+01,6.137000000000000000e+06
2.007032600000000000e+07,8.900000000000000000e+01,9.080100250244140625e+01,8.500000000000000000e+01,8.775000000000000000e+01,2.807500000000000000e+06
2.007040200000000000e+07,8.800000000000000000e+01,9.100000000000000000e+01,8.700000000000000000e+01,8.825000000000000000e+01,2.121300000000000000e+06
2.007040900000000000e+07,8.825000000000000000e+01,8.950000000000000000e+01,8.600000000000000000e+01,8.675000000000000000e+01,2.115700000000000000e+06
2.007041600000000000e+07,8.600000000000000000e+01,8.809999847412109375e+01,8.500000000000000000e+01,8.725000000000000000e+01,4.790700000000000000e+06
2.007042300000000000e+07,8.850000000000000000e+01,9.300000000000000000e+01,8.741999816894531250e+01,9.125000000000000000e+01,1.779800000000000000e+06
2.007043000000000000e+07,9.050000000000000000e+01,9.300000000000000000e+01,8.700000000000000000e+01,8.850000000000000000e+01,1.026700000000000000e+06
2.007050700000000000e+07,8.850000000000000000e+01,9.200000000000000000e+01,8.638999938964843750e+01,8.950000000000000000e+01,1.230200000000000000e+06
2.007051400000000000e+07,9.150000000000000000e+01,9.150000000000000000e+01,8.700000000000000000e+01,8.850000000000000000e+01,1.415400000000000000e+06
2.007052100000000000e+07,8.825000000000000000e+01,9.000000000000000000e+01,8.550000000000000000e+01,8.625000000000000000e+01,3.573800000000000000e+06
2.007052800000000000e+07,8.625000000000000000e+01,8.766999816894531250e+01,8.494000244140625000e+01,8.525000000000000000e+01,5.846000000000000000e+05
2.007060400000000000e+07,8.450000000000000000e+01,8.900000000000000000e+01,8.400000000000000000e+01,8.900000000000000000e+01,2.682900000000000000e+07
2.007061100000000000e+07,8.975000000000000000e+01,9.100000000000000000e+01,8.700000000000000000e+01,8.700000000000000000e+01,8.475000000000000000e+05
2.007061800000000000e+07,8.800000000000000000e+01,8.900000000000000000e+01,8.400000000000000000e+01,8.400000000000000000e+01,7.605000000000000000e+05
2.007062500000000000e+07,8.600000000000000000e+01,8.750000000000000000e+01,8.050000000000000000e+01,8.650000000000000000e+01,3.337200000000000000e+06
2.007070200000000000e+07,8.500000000000000000e+01,8.748000335693359375e+01,8.150000000000000000e+01,8.150000000000000000e+01,3.317400000000000000e+06
2.007070900000000000e+07,8.100000000000000000e+01,8.200000000000000000e+01,7.700000000000000000e+01,7.700000000000000000e+01,1.588600000000000000e+06
2.007071600000000000e+07,7.850000000000000000e+01,8.104100036621093750e+01,7.675000000000000000e+01,7.775000000000000000e+01,2.000000000000000000e+06
2.007072300000000000e+07,7.750000000000000000e+01,7.916999816894531250e+01,6.700000000000000000e+01,6.875000000000000000e+01,3.771700000000000000e+06
2.007073000000000000e+07,6.975000000000000000e+01,7.340000152587890625e+01,6.525000000000000000e+01,7.200000000000000000e+01,6.907300000000000000e+06
2.007080600000000000e+07,7.250000000000000000e+01,8.000000000000000000e+01,7.105000305175781250e+01,7.500000000000000000e+01,5.642100000000000000e+06
2.007081300000000000e+07,7.525000000000000000e+01,7.575000000000000000e+01,6.450000000000000000e+01,6.700000000000000000e+01,2.400600000000000000e+06
2.007082000000000000e+07,6.750000000000000000e+01,7.325000000000000000e+01,6.700000000000000000e+01,7.050000000000000000e+01,4.325300000000000000e+06
2.007082700000000000e+07,7.050000000000000000e+01,7.566999816894531250e+01,7.050000000000000000e+01,7.450000000000000000e+01,1.479900000000000000e+06
2.007090300000000000e+07,7.500000000000000000e+01,7.825000000000000000e+01,7.250000000000000000e+01,7.450000000000000000e+01,4.343900000000000000e+06
2.007091000000000000e+07,7.450000000000000000e+01,7.475000000000000000e+01,7.075000000000000000e+01,7.150000000000000000e+01,1.052780000000000000e+07
2.007091700000000000e+07,7.200000000000000000e+01,7.250000000000000000e+01,6.800000000000000000e+01,7.050000000000000000e+01,1.210460000000000000e+07
2.007092400000000000e+07,7.050000000000000000e+01,7.400000000000000000e+01,7.050000000000000000e+01,7.250000000000000000e+01,5.045700000000000000e+06
2.007100100000000000e+07,7.400000000000000000e+01,7.725000000000000000e+01,7.225000000000000000e+01,7.350000000000000000e+01,1.394600000000000000e+06
2.007100800000000000e+07,7.525000000000000000e+01,7.525000000000000000e+01,7.068000030517578125e+01,7.200000000000000000e+01,2.543900000000000000e+06
2.007101500000000000e+07,7.225000000000000000e+01,7.225000000000000000e+01,6.750000000000000000e+01,6.950000000000000000e+01,3.693400000000000000e+06
2.007102200000000000e+07,6.800000000000000000e+01,7.175000000000000000e+01,6.750000000000000000e+01,6.850000000000000000e+01,3.598100000000000000e+06
2.007102900000000000e+07,6.950000000000000000e+01,7.100000000000000000e+01,6.852999877929687500e+01,7.000000000000000000e+01,5.241400000000000000e+06
2.007110500000000000e+07,6.900000000000000000e+01,7.050000000000000000e+01,6.900000000000000000e+01,7.000000000000000000e+01,1.021200000000000000e+06
2.007111200000000000e+07,6.950000000000000000e+01,7.225000000000000000e+01,6.925000000000000000e+01,6.950000000000000000e+01,2.834400000000000000e+06
2.007111900000000000e+07,6.950000000000000000e+01,6.979499816894531250e+01,5.775000000000000000e+01,6.225000000000000000e+01,4.307200000000000000e+06
2.007112600000000000e+07,6.300000000000000000e+01,6.594999694824218750e+01,6.025000000000000000e+01,6.300000000000000000e+01,2.285800000000000000e+06
2.007120300000000000e+07,6.300000000000000000e+01,6.300000000000000000e+01,5.725000000000000000e+01,5.800000000000000000e+01,2.517400000000000000e+06
2.007121000000000000e+07,5.850000000000000000e+01,5.850000000000000000e+01,5.650000000000000000e+01,5.700000000000000000e+01,8.677000000000000000e+05
2.007121700000000000e+07,5.700000000000000000e+01,5.875000000000000000e+01,5.650000000000000000e+01,5.700000000000000000e+01,4.751800000000000000e+06
2.007122400000000000e+07,5.700000000000000000e+01,5.750000000000000000e+01,5.275000000000000000e+01,5.400000000000000000e+01,4.886000000000000000e+05
2.007123100000000000e+07,5.400000000000000000e+01,5.650000000000000000e+01,5.300000000000000000e+01,5.600000000000000000e+01,7.712000000000000000e+05
2.008010700000000000e+07,5.600000000000000000e+01,5.775000000000000000e+01,5.400000000000000000e+01,5.425000000000000000e+01,7.976600000000000000e+06
2.008011400000000000e+07,5.425000000000000000e+01,5.425000000000000000e+01,4.800000000000000000e+01,4.950000000000000000e+01,1.417100000000000000e+06
2.008012100000000000e+07,4.925000000000000000e+01,4.975000000000000000e+01,4.625000000000000000e+01,4.925000000000000000e+01,1.396700000000000000e+06
2.008012800000000000e+07,4.850000000000000000e+01,5.050000000000000000e+01,4.779999923706054688e+01,4.800000000000000000e+01,1.132700000000000000e+06
2.008020400000000000e+07,4.850000000000000000e+01,4.900000000000000000e+01,4.500000000000000000e+01,4.525000000000000000e+01,6.326400000000000000e+06
2.008021100000000000e+07,4.600000000000000000e+01,4.600000000000000000e+01,4.375000000000000000e+01,4.425000000000000000e+01,2.174600000000000000e+06
2.008021800000000000e+07,4.450000000000000000e+01,4.650000000000000000e+01,4.446500015258789062e+01,4.575000000000000000e+01,2.765500000000000000e+06
2.008022500000000000e+07,4.700000000000000000e+01,4.725000000000000000e+01,4.400000000000000000e+01,4.525000000000000000e+01,2.090600000000000000e+06
2.008030300000000000e+07,4.425000000000000000e+01,4.600000000000000000e+01,4.150000000000000000e+01,4.275000000000000000e+01,1.083270000000000000e+07
2.008031000000000000e+07,4.300000000000000000e+01,4.325000000000000000e+01,4.150000000000000000e+01,4.150000000000000000e+01,1.932600000000000000e+06
2.008031700000000000e+07,4.150000000000000000e+01,4.250000000000000000e+01,3.475000000000000000e+01,3.475000000000000000e+01,2.228900000000000000e+06
2.008032400000000000e+07,3.475000000000000000e+01,4.450000000000000000e+01,3.475000000000000000e+01,4.425000000000000000e+01,3.454100000000000000e+06
2.008033100000000000e+07,4.475000000000000000e+01,4.775000000000000000e+01,4.450000000000000000e+01,4.650000000000000000e+01,3.891600000000000000e+06
2.008040700000000000e+07,4.600000000000000000e+01,4.650000000000000000e+01,4.525000000000000000e+01,4.550000000000000000e+01,3.103000000000000000e+05
2.008041400000000000e+07,4.525000000000000000e+01,4.525000000000000000e+01,4.275000000000000000e+01,4.475000000000000000e+01,2.243900000000000000e+06
2.008042100000000000e+07,4.500000000000000000e+01,4.500000000000000000e+01,4.300000000000000000e+01,4.500000000000000000e+01,3.011200000000000000e+06
2.008042800000000000e+07,4.500000000000000000e+01,4.525000000000000000e+01,4.300000000000000000e+01,4.325000000000000000e+01,7.480000000000000000e+05
2.008050500000000000e+07,4.325000000000000000e+01,5.250000000000000000e+01,4.325000000000000000e+01,5.025000000000000000e+01,2.167000000000000000e+06
2.008051200000000000e+07,4.975000000000000000e+01,6.250000000000000000e+01,4.950000000000000000e+01,5.650000000000000000e+01,4.884300000000000000e+06
2.008051900000000000e+07,5.700000000000000000e+01,5.875000000000000000e+01,5.250000000000000000e+01,5.400000000000000000e+01,4.605500000000000000e+06
2.008052600000000000e+07,5.400000000000000000e+01,5.550000000000000000e+01,5.282500076293945312e+01,5.425000000000000000e+01,1.337000000000000000e+06
2.008060200000000000e+07,5.375000000000000000e+01,5.399000167846679688e+01,4.750000000000000000e+01,4.950000000000000000e+01,1.863500000000000000e+06
2.008060900000000000e+07,5.000000000000000000e+01,5.249499893188476562e+01,4.950000000000000000e+01,5.025000000000000000e+01,1.277100000000000000e+06
2.008061600000000000e+07,4.950000000000000000e+01,5.050000000000000000e+01,4.800000000000000000e+01,4.800000000000000000e+01,3.658800000000000000e+06
2.008062300000000000e+07,4.800000000000000000e+01,4.875000000000000000e+01,4.325000000000000000e+01,4.475000000000000000e+01,2.901000000000000000e+06
2.008063000000000000e+07,4.475000000000000000e+01,4.550000000000000000e+01,4.100000000000000000e+01,4.275000000000000000e+01,1.174900000000000000e+06
2.008070700000000000e+07,4.250000000000000000e+01,4.550000000000000000e+01,4.150000000000000000e+01,4.525000000000000000e+01,4.099900000000000000e+06
2.008071400000000000e+07,4.550000000000000000e+01,5.000000000000000000e+01,4.509999847412109375e+01,4.900000000000000000e+01,1.644700000000000000e+06
2.008072100000000000e+07,4.875000000000000000e+01,5.200000000000000000e+01,4.700000000000000000e+01,5.000000000000000000e+01,1.662900000000000000e+06
2.008072800000000000e+07,5.100000000000000000e+01,5.700000000000000000e+01,5.100000000000000000e+01,5.225000000000000000e+01,2.197500000000000000e+06
2.008080400000000000e+07,5.275000000000000000e+01,5.625000000000000000e+01,5.050000000000000000e+01,5.575000000000000000e+01,3.467800000000000000e+06
2.008081100000000000e+07,5.650000000000000000e+01,5.925000000000000000e+01,5.500000000000000000e+01,5.650000000000000000e+01,3.310900000000000000e+06
2.008081800000000000e+07,5.725000000000000000e+01,5.775000000000000000e+01,5.375000000000000000e+01,5.425000000000000000e+01,3.568700000000000000e+06
2.008082500000000000e+07,5.425000000000000000e+01,5.475000000000000000e+01,5.300000000000000000e+01,5.375000000000000000e+01,4.006500000000000000e+06
2.008090100000000000e+07,5.500000000000000000e+01,5.750000000000000000e+01,5.013499832153320312e+01,5.100000000000000000e+01,2.795100000000000000e+06
2.008090800000000000e+07,5.200000000000000000e+01,5.475000000000000000e+01,4.750000000000000000e+01,4.925000000000000000e+01,1.377900000000000000e+06
2.008091500000000000e+07,4.900000000000000000e+01,5.000000000000000000e+01,4.650000000000000000e+01,4.800000000000000000e+01,3.093900000000000000e+06
2.008092200000000000e+07,4.700000000000000000e+01,4.900000000000000000e+01,4.600000000000000000e+01,4.625000000000000000e+01,3.295300000000000000e+06
2.008092900000000000e+07,4.600000000000000000e+01,4.950000000000000000e+01,4.050000000000000000e+01,4.925000000000000000e+01,1.424400000000000000e+06
2.008100600000000000e+07,4.750000000000000000e+01,4.950000000000000000e+01,4.575000000000000000e+01,4.700000000000000000e+01,4.662400000000000000e+06
2.008101300000000000e+07,4.775000000000000000e+01,4.790000152587890625e+01,4.200000000000000000e+01,4.350000000000000000e+01,1.419200000000000000e+06
2.008102000000000000e+07,4.400000000000000000e+01,4.400000000000000000e+01,3.850000000000000000e+01,4.050000000000000000e+01,2.201300000000000000e+06
2.008102700000000000e+07,3.900000000000000000e+01,4.700000000000000000e+01,3.800000000000000000e+01,4.700000000000000000e+01,6.480000000000000000e+05
2.008110300000000000e+07,4.750000000000000000e+01,4.975000000000000000e+01,4.734999847412109375e+01,4.825000000000000000e+01,2.446600000000000000e+06
2.008111000000000000e+07,4.850000000000000000e+01,4.900000000000000000e+01,4.600000000000000000e+01,4.700000000000000000e+01,2.235000000000000000e+05
2.008111700000000000e+07,4.750000000000000000e+01,4.750000000000000000e+01,4.400000000000000000e+01,4.550000000000000000e+01,2.325000000000000000e+05
2.008112400000000000e+07,4.700000000000000000e+01,5.000000000000000000e+01,4.529999923706054688e+01,4.850000000000000000e+01,1.601900000000000000e+06
2.008120100000000000e+07,4.900000000000000000e+01,4.950000000000000000e+01,4.550000000000000000e+01,4.600000000000000000e+01,4.855000000000000000e+05
2.008120800000000000e+07,4.650000000000000000e+01,4.800000000000000000e+01,4.500000000000000000e+01,4.750000000000000000e+01,4.916000000000000000e+05
2.008121500000000000e+07,4.800000000000000000e+01,4.850000000000000000e+01,4.600000000000000000e+01,4.700000000000000000e+01,3.575000000000000000e+05
2.008122200000000000e+07,4.650000000000000000e+01,5.200000000000000000e+01,4.650000000000000000e+01,5.150000000000000000e+01,5.597000000000000000e+05
2.008122900000000000e+07,5.100000000000000000e+01,5.125000000000000000e+01,5.000000000000000000e+01,5.075000000000000000e+01,4.537000000000000000e+05
2.009010500000000000e+07,5.050000000000000000e+01,5.538800048828125000e+01,4.975000000000000000e+01,5.525000000000000000e+01,3.117900000000000000e+06
2.009011200000000000e+07,5.550000000000000000e+01,5.825000000000000000e+01,5.250000000000000000e+01,5.500000000000000000e+01,1.088800000000000000e+06
2.009011900000000000e+07,5.450000000000000000e+01,5.750000000000000000e+01,5.400000000000000000e+01,5.700000000000000000e+01,2.783100000000000000e+06
2.009012600000000000e+07,5.800000000000000000e+01,6.334999847412109375e+01,5.675000000000000000e+01,6.300000000000000000e+01,5.736700000000000000e+06
2.009020200000000000e+07,6.350000000000000000e+01,6.475000000000000000e+01,6.200000000000000000e+01,6.400000000000000000e+01,9.135000000000000000e+05
2.009020900000000000e+07,6.400000000000000000e+01,6.500000000000000000e+01,6.225000000000000000e+01,6.425000000000000000e+01,7.730000000000000000e+05
2.009021600000000000e+07,6.350000000000000000e+01,6.450000000000000000e+01,6.237500000000000000e+01,6.300000000000000000e+01,2.257000000000000000e+05
2.009022300000000000e+07,6.200000000000000000e+01,6.334999847412109375e+01,5.900000000000000000e+01,5.950000000000000000e+01,1.436500000000000000e+06
2.009030200000000000e+07,6.050000000000000000e+01,6.050000000000000000e+01,5.400000000000000000e+01,5.400000000000000000e+01,6.494600000000000000e+06
2.009030900000000000e+07,5.475000000000000000e+01,5.600000000000000000e+01,5.350000000000000000e+01,5.450000000000000000e+01,4.190600000000000000e+06
2.009031600000000000e+07,5.475000000000000000e+01,7.100000000000000000e+01,5.375000000000000000e+01,6.300000000000000000e+01,5.859500000000000000e+06
2.009032300000000000e+07,6.600000000000000000e+01,6.600000000000000000e+01,5.150000000000000000e+01,5.375000000000000000e+01,2.851200000000000000e+06
2.009033000000000000e+07,5.400000000000000000e+01,6.200000000000000000e+01,5.350000000000000000e+01,5.800000000000000000e+01,2.551100000000000000e+06
2.009040600000000000e+07,6.000000000000000000e+01,6.400000000000000000e+01,5.700000000000000000e+01,6.300000000000000000e+01,1.538600000000000000e+06
2.009041300000000000e+07,6.300000000000000000e+01,6.775000000000000000e+01,6.200000000000000000e+01,6.250000000000000000e+01,1.482100000000000000e+06
2.009042000000000000e+07,6.400000000000000000e+01,6.447499847412109375e+01,5.825000000000000000e+01,6.200000000000000000e+01,1.181200000000000000e+06
2.009042700000000000e+07,6.375000000000000000e+01,7.350000000000000000e+01,6.200000000000000000e+01,6.800000000000000000e+01,4.141900000000000000e+06
2.009050400000000000e+07,6.800000000000000000e+01,7.200000000000000000e+01,6.800000000000000000e+01,6.925000000000000000e+01,2.158200000000000000e+06
2.009051100000000000e+07,6.900000000000000000e+01,7.075000000000000000e+01,6.700000000000000000e+01,6.800000000000000000e+01,1.942800000000000000e+06
2.009051800000000000e+07,7.000000000000000000e+01,7.200000000000000000e+01,6.700000000000000000e+01,7.100000000000000000e+01,5.496300000000000000e+06
2.009052500000000000e+07,7.100000000000000000e+01,7.650000000000000000e+01,7.100000000000000000e+01,7.450000000000000000e+01,3.102900000000000000e+06
2.009060100000000000e+07,7.500000000000000000e+01,7.600000000000000000e+01,7.100000000000000000e+01,7.100000000000000000e+01,1.856200000000000000e+06
2.009060800000000000e+07,7.100000000000000000e+01,7.500000000000000000e+01,6.600000000000000000e+01,6.675000000000000000e+01,1.930900000000000000e+06
2.009061500000000000e+07,6.600000000000000000e+01,6.950000000000000000e+01,6.425000000000000000e+01,6.600000000000000000e+01,3.783600000000000000e+06
2.009062200000000000e+07,6.550000000000000000e+01,6.850000000000000000e+01,6.425000000000000000e+01,6.500000000000000000e+01,5.364000000000000000e+05
2.009062900000000000e+07,6.625000000000000000e+01,7.250000000000000000e+01,6.613800048828125000e+01,7.250000000000000000e+01,1.584700000000000000e+06
2.009070600000000000e+07,7.025000000000000000e+01,7.350000000000000000e+01,6.850000000000000000e+01,7.350000000000000000e+01,7.019000000000000000e+05
2.009071300000000000e+07,7.250000000000000000e+01,7.400000000000000000e+01,7.130000305175781250e+01,7.375000000000000000e+01,1.357300000000000000e+06
2.009072000000000000e+07,7.500000000000000000e+01,7.500000000000000000e+01,7.325000000000000000e+01,7.450000000000000000e+01,2.905300000000000000e+06
2.009072700000000000e+07,7.550000000000000000e+01,7.800000000000000000e+01,7.100000000000000000e+01,7.800000000000000000e+01,1.803100000000000000e+06
2.009080300000000000e+07,7.800000000000000000e+01,8.500000000000000000e+01,7.619999694824218750e+01,8.359999999999999432e+01,2.970600000000000000e+06
2.009081000000000000e+07,8.500000000000000000e+01,8.700000000000000000e+01,8.115000152587890625e+01,8.300000000000000000e+01,2.249600000000000000e+06
2.009081700000000000e+07,8.390000000000000568e+01,8.400000000000000000e+01,8.000000000000000000e+01,8.300000000000000000e+01,3.171400000000000000e+06
2.009082400000000000e+07,8.300000000000000000e+01,8.419999694824218750e+01,8.015000152587890625e+01,8.420000000000000284e+01,7.503000000000000000e+05
2.009083100000000000e+07,8.420000000000000284e+01,8.494999694824218750e+01,8.009999847412109375e+01,8.400000000000000000e+01,2.260100000000000000e+06
2.009090700000000000e+07,8.400000000000000000e+01,9.600000000000000000e+01,8.400000000000000000e+01,9.550000000000000000e+01,2.041600000000000000e+06
2.009091400000000000e+07,9.500000000000000000e+01,1.019000015258789062e+02,8.750000000000000000e+01,8.950000000000000000e+01,3.844700000000000000e+06
2.009092100000000000e+07,8.979999999999999716e+01,9.244999694824218750e+01,8.275000000000000000e+01,8.600000000000000000e+01,1.494000000000000000e+06
2.009092800000000000e+07,8.454999999999999716e+01,9.050000000000000000e+01,8.375000000000000000e+01,8.375000000000000000e+01,9.937000000000000000e+05
2.009100500000000000e+07,8.400000000000000000e+01,9.280000305175781250e+01,8.400000000000000000e+01,9.200000000000000000e+01,2.224700000000000000e+06
2.009101200000000000e+07,9.350000000000000000e+01,9.500000000000000000e+01,9.000000000000000000e+01,9.100000000000000000e+01,2.013700000000000000e+06
2.009101900000000000e+07,9.034999999999999432e+01,9.300000000000000000e+01,8.390000152587890625e+01,8.750000000000000000e+01,1.775800000000000000e+06
2.009102600000000000e+07,8.945000000000000284e+01,8.975000000000000000e+01,8.450000000000000000e+01,8.554999999999999716e+01,1.558500000000000000e+06
2.009110200000000000e+07,8.450000000000000000e+01,8.750000000000000000e+01,8.250000000000000000e+01,8.525000000000000000e+01,2.059700000000000000e+06
2.009110900000000000e+07,8.400000000000000000e+01,8.750000000000000000e+01,8.400000000000000000e+01,8.665000000000000568e+01,1.281600000000000000e+06
2.009111600000000000e+07,8.750000000000000000e+01,8.750000000000000000e+01,8.169999694824218750e+01,8.170000000000000284e+01,1.418000000000000000e+06
2.009112300000000000e+07,8.390000000000000568e+01,8.395300292968750000e+01,7.305000305175781250e+01,7.575000000000000000e+01,1.862200000000000000e+06
2.009113000000000000e+07,7.509999999999999432e+01,7.800000000000000000e+01,7.344999694824218750e+01,7.550000000000000000e+01,1.902600000000000000e+06
2.009120700000000000e+07,7.609999999999999432e+01,7.900000000000000000e+01,7.300000000000000000e+01,7.550000000000000000e+01,1.273000000000000000e+06
2.009121400000000000e+07,7.400000000000000000e+01,8.290799713134765625e+01,7.300000000000000000e+01,7.850000000000000000e+01,8.543700000000000000e+06
2.009122100000000000e+07,7.850000000000000000e+01,8.000000000000000000e+01,7.350000000000000000e+01,7.500000000000000000e+01,7.875000000000000000e+05
2.009122800000000000e+07,7.500000000000000000e+01,7.675000000000000000e+01,7.500000000000000000e+01,7.550000000000000000e+01,3.483000000000000000e+05
2.010010400000000000e+07,7.650000000000000000e+01,7.700000000000000000e+01,7.400000000000000000e+01,7.550000000000000000e+01,1.847000000000000000e+06
2.010011100000000000e+07,7.650000000000000000e+01,7.658000183105468750e+01,7.100000000000000000e+01,7.500000000000000000e+01,1.431200000000000000e+06
2.010011800000000000e+07,7.325000000000000000e+01,7.500000000000000000e+01,6.825000000000000000e+01,6.825000000000000000e+01,5.970200000000000000e+06
2.010012500000000000e+07,7.000000000000000000e+01,7.100000000000000000e+01,6.600000000000000000e+01,6.925000000000000000e+01,1.440500000000000000e+06
2.010020100000000000e+07,6.925000000000000000e+01,7.075000000000000000e+01,4.550000000000000000e+01,6.700000000000000000e+01,1.504800000000000000e+06
2.010020800000000000e+07,6.600000000000000000e+01,6.675000000000000000e+01,6.100000000000000000e+01,6.125000000000000000e+01,6.572000000000000000e+05
2.010021500000000000e+07,6.125000000000000000e+01,6.603500366210937500e+01,6.000000000000000000e+01,6.550000000000000000e+01,1.687600000000000000e+06
2.010022200000000000e+07,6.550000000000000000e+01,6.694000244140625000e+01,6.200000000000000000e+01,6.400000000000000000e+01,1.032700000000000000e+06
2.010030100000000000e+07,6.500000000000000000e+01,6.550000000000000000e+01,3.550000000000000000e+01,3.550000000000000000e+01,1.264700000000000000e+06
2.010030800000000000e+07,6.500000000000000000e+01,6.509999847412109375e+01,5.992900085449218750e+01,6.000000000000000000e+01,7.655000000000000000e+05
2.010031500000000000e+07,6.050000000000000000e+01,6.506999969482421875e+01,4.450000000000000000e+01,4.550000000000000000e+01,1.573140000000000000e+07
2.010032200000000000e+07,4.400000000000000000e+01,5.025000000000000000e+01,4.400000000000000000e+01,4.600000000000000000e+01,5.744400000000000000e+06
2.010032900000000000e+07,4.700000000000000000e+01,4.700000000000000000e+01,4.450000000000000000e+01,4.550000000000000000e+01,2.623300000000000000e+06
2.010040500000000000e+07,4.550000000000000000e+01,4.700000000000000000e+01,4.250000000000000000e+01,4.350000000000000000e+01,2.041800000000000000e+06
2.010041200000000000e+07,4.300000000000000000e+01,4.500000000000000000e+01,4.275000000000000000e+01,4.400000000000000000e+01,9.639000000000000000e+05
2.010041900000000000e+07,4.400000000000000000e+01,4.400000000000000000e+01,3.650000000000000000e+01,3.875000000000000000e+01,6.869500000000000000e+06
2.010042600000000000e+07,3.900000000000000000e+01,3.975000000000000000e+01,3.450000000000000000e+01,3.550000000000000000e+01,2.510200000000000000e+06
2.010050300000000000e+07,3.550000000000000000e+01,4.550000000000000000e+01,3.325000000000000000e+01,3.325000000000000000e+01,2.258500000000000000e+06
2.010051000000000000e+07,3.600000000000000000e+01,3.850000000000000000e+01,3.450000000000000000e+01,3.650000000000000000e+01,2.016200000000000000e+06
2.010051700000000000e+07,3.650000000000000000e+01,3.975000000000000000e+01,3.575000000000000000e+01,3.950000000000000000e+01,1.833000000000000000e+06
2.010052400000000000e+07,4.000000000000000000e+01,4.100000000000000000e+01,3.814500045776367188e+01,3.850000000000000000e+01,1.444300000000000000e+06
2.010053100000000000e+07,3.850000000000000000e+01,3.990000152587890625e+01,3.775000000000000000e+01,3.800000000000000000e+01,5.202100000000000000e+06
2.010060700000000000e+07,3.800000000000000000e+01,4.400000000000000000e+01,3.757500076293945312e+01,4.150000000000000000e+01,2.738900000000000000e+06
2.010061400000000000e+07,4.175000000000000000e+01,4.800000000000000000e+01,4.150000000000000000e+01,4.600000000000000000e+01,3.535700000000000000e+06
2.010062100000000000e+07,4.675000000000000000e+01,4.900000000000000000e+01,4.600000000000000000e+01,4.875000000000000000e+01,3.591700000000000000e+06
2.010062800000000000e+07,4.700000000000000000e+01,4.750000000000000000e+01,4.375000000000000000e+01,4.500000000000000000e+01,3.288400000000000000e+06
2.010070500000000000e+07,4.550000000000000000e+01,4.650000000000000000e+01,4.375000000000000000e+01,4.475000000000000000e+01,7.861000000000000000e+05
2.010071200000000000e+07,4.475000000000000000e+01,4.600000000000000000e+01,4.375000000000000000e+01,4.400000000000000000e+01,5.607000000000000000e+05
2.010071900000000000e+07,4.500000000000000000e+01,4.525000000000000000e+01,4.425000000000000000e+01,4.425000000000000000e+01,6.209000000000000000e+05
2.010072600000000000e+07,4.500000000000000000e+01,4.525000000000000000e+01,4.200000000000000000e+01,4.400000000000000000e+01,1.238400000000000000e+06
2.010080200000000000e+07,4.250000000000000000e+01,6.018799972534179688e+01,4.250000000000000000e+01,5.500000000000000000e+01,7.053000000000000000e+06
2.010080900000000000e+07,5.600000000000000000e+01,5.600000000000000000e+01,5.132500076293945312e+01,5.425000000000000000e+01,3.969400000000000000e+06
2.010081600000000000e+07,5.500000000000000000e+01,5.550000000000000000e+01,5.225000000000000000e+01,5.225000000000000000e+01,1.252100000000000000e+06
2.010082300000000000e+07,5.350000000000000000e+01,5.400000000000000000e+01,4.900000000000000000e+01,4.950000000000000000e+01,1.934000000000000000e+06
2.010083000000000000e+07,4.950000000000000000e+01,5.150000000000000000e+01,4.900000000000000000e+01,5.150000000000000000e+01,1.096700000000000000e+06
2.010090600000000000e+07,5.150000000000000000e+01,5.500000000000000000e+01,5.104999923706054688e+01,5.150000000000000000e+01,1.363000000000000000e+06
2.010091300000000000e+07,5.350000000000000000e+01,5.350000000000000000e+01,4.725000000000000000e+01,4.725000000000000000e+01,1.192900000000000000e+06
2.010092000000000000e+07,4.900000000000000000e+01,5.200000000000000000e+01,4.611299896240234375e+01,5.125000000000000000e+01,2.016500000000000000e+06
2.010092700000000000e+07,5.150000000000000000e+01,5.300000000000000000e+01,5.065000152587890625e+01,5.200000000000000000e+01,1.536600000000000000e+06
2.010100400000000000e+07,5.275000000000000000e+01,5.475000000000000000e+01,5.129999923706054688e+01,5.375000000000000000e+01,7.293000000000000000e+05
2.010101100000000000e+07,5.350000000000000000e+01,6.123199844360351562e+01,5.300000000000000000e+01,5.775000000000000000e+01,5.057100000000000000e+06
2.010101800000000000e+07,5.825000000000000000e+01,6.500000000000000000e+01,5.500000000000000000e+01,6.200000000000000000e+01,6.528800000000000000e+06
2.010102500000000000e+07,6.100000000000000000e+01,6.300000000000000000e+01,6.000000000000000000e+01,6.050000000000000000e+01,2.350900000000000000e+06
2.010110100000000000e+07,6.100000000000000000e+01,6.744000244140625000e+01,5.900000000000000000e+01,6.400000000000000000e+01,2.694500000000000000e+06
2.010110800000000000e+07,6.600000000000000000e+01,6.748000335693359375e+01,6.100000000000000000e+01,6.400000000000000000e+01,8.427000000000000000e+05
2.010111500000000000e+07,6.275000000000000000e+01,6.950000000000000000e+01,6.200000000000000000e+01,6.850000000000000000e+01,4.129100000000000000e+06
2.010112200000000000e+07,6.800000000000000000e+01,6.880000305175781250e+01,6.650000000000000000e+01,6.850000000000000000e+01,2.023200000000000000e+06
2.010112900000000000e+07,6.700000000000000000e+01,6.988999938964843750e+01,6.700000000000000000e+01,6.950000000000000000e+01,1.837800000000000000e+06
2.010120600000000000e+07,6.900000000000000000e+01,6.911299896240234375e+01,6.665499877929687500e+01,6.825000000000000000e+01,2.962100000000000000e+06
2.010121300000000000e+07,6.775000000000000000e+01,6.800000000000000000e+01,6.500000000000000000e+01,6.800000000000000000e+01,6.739700000000000000e+06
2.010122000000000000e+07,6.850000000000000000e+01,6.990000152587890625e+01,6.750000000000000000e+01,6.875000000000000000e+01,1.090600000000000000e+06
2.010122700000000000e+07,6.875000000000000000e+01,7.100000000000000000e+01,6.700000000000000000e+01,7.050000000000000000e+01,1.078200000000000000e+06
2.011011000000000000e+07,7.000000000000000000e+01,7.525000000000000000e+01,6.925000000000000000e+01,7.475000000000000000e+01,1.815700000000000000e+06
2.011011700000000000e+07,7.550000000000000000e+01,8.350000000000000000e+01,7.350000000000000000e+01,8.350000000000000000e+01,3.483000000000000000e+06
2.011012400000000000e+07,8.300000000000000000e+01,8.750000000000000000e+01,8.200000000000000000e+01,8.450000000000000000e+01,5.261100000000000000e+06
2.011013100000000000e+07,8.500000000000000000e+01,8.758799743652343750e+01,7.582499694824218750e+01,7.750000000000000000e+01,2.630600000000000000e+06
2.011020700000000000e+07,7.875000000000000000e+01,8.175000000000000000e+01,7.652100372314453125e+01,7.750000000000000000e+01,2.391300000000000000e+06
2.011021400000000000e+07,8.036499999999999488e+01,8.036499786376953125e+01,7.500000000000000000e+01,7.725000000000000000e+01,8.922200000000000000e+06
2.011022100000000000e+07,7.682500000000000284e+01,7.775000000000000000e+01,7.325000000000000000e+01,7.537500000000000000e+01,2.597500000000000000e+06
2.011022800000000000e+07,7.400000000000000000e+01,7.516999816894531250e+01,6.550000000000000000e+01,6.600000000000000000e+01,3.652400000000000000e+06
2.011030700000000000e+07,6.675000000000000000e+01,6.850000000000000000e+01,6.050000000000000000e+01,6.475000000000000000e+01,4.392500000000000000e+06
2.011031400000000000e+07,6.400000000000000000e+01,6.450000000000000000e+01,5.925000000000000000e+01,6.250000000000000000e+01,2.119000000000000000e+06
2.011032100000000000e+07,6.375000000000000000e+01,6.873999786376953125e+01,6.300000000000000000e+01,6.550000000000000000e+01,1.017100000000000000e+06
2.011032800000000000e+07,6.500000000000000000e+01,6.550000000000000000e+01,6.100000000000000000e+01,6.200000000000000000e+01,2.538000000000000000e+06
2.011040400000000000e+07,6.175000000000000000e+01,6.375000000000000000e+01,6.075000000000000000e+01,6.125000000000000000e+01,9.247000000000000000e+05
2.011041100000000000e+07,6.125000000000000000e+01,6.418499755859375000e+01,6.075000000000000000e+01,6.200000000000000000e+01,9.090000000000000000e+05
2.011041800000000000e+07,6.100000000000000000e+01,6.800000000000000000e+01,6.025000000000000000e+01,6.475000000000000000e+01,4.090300000000000000e+06
2.011050900000000000e+07,6.800000000000000000e+01,7.200000000000000000e+01,6.700000000000000000e+01,6.975000000000000000e+01,1.841500000000000000e+06
2.011051600000000000e+07,6.900000000000000000e+01,7.125000000000000000e+01,6.650000000000000000e+01,6.875000000000000000e+01,1.131100000000000000e+06
2.011052300000000000e+07,6.850000000000000000e+01,7.350000000000000000e+01,6.652100372314453125e+01,7.250000000000000000e+01,7.009900000000000000e+06
2.011060600000000000e+07,7.700000000000000000e+01,8.250000000000000000e+01,7.550000000000000000e+01,7.550000000000000000e+01,6.250000000000000000e+06
2.011061300000000000e+07,7.550000000000000000e+01,7.800000000000000000e+01,7.200000000000000000e+01,7.200000000000000000e+01,8.701400000000000000e+06
2.011062000000000000e+07,7.300000000000000000e+01,7.307499694824218750e+01,6.900000000000000000e+01,7.175000000000000000e+01,5.193500000000000000e+06
2.011062700000000000e+07,7.175000000000000000e+01,8.250000000000000000e+01,7.112000274658203125e+01,8.250000000000000000e+01,4.699200000000000000e+06
2.011070400000000000e+07,8.350000000000000000e+01,9.500000000000000000e+01,8.300000000000000000e+01,9.500000000000000000e+01,1.001000000000000000e+07
2.011071100000000000e+07,9.500000000000000000e+01,9.675000000000000000e+01,8.975000000000000000e+01,9.600000000000000000e+01,3.861600000000000000e+06
2.011071800000000000e+07,9.700000000000000000e+01,9.700000000000000000e+01,9.019999694824218750e+01,9.500000000000000000e+01,9.547000000000000000e+05
2.011072500000000000e+07,9.500000000000000000e+01,1.032500000000000000e+02,9.259999847412109375e+01,1.022500000000000000e+02,4.871500000000000000e+06
2.011080100000000000e+07,1.030000000000000000e+02,1.062500000000000000e+02,9.425000000000000000e+01,9.800000000000000000e+01,7.780200000000000000e+06
2.011080800000000000e+07,9.700000000000000000e+01,1.000000000000000000e+02,8.950000000000000000e+01,9.725000000000000000e+01,5.482800000000000000e+06
2.011081500000000000e+07,9.900000000000000000e+01,9.900000000000000000e+01,9.025000000000000000e+01,9.525000000000000000e+01,1.837500000000000000e+06
2.011082200000000000e+07,9.600000000000000000e+01,1.000000000000000000e+02,9.300000000000000000e+01,9.600000000000000000e+01,1.334700000000000000e+06
2.011090500000000000e+07,9.700000000000000000e+01,1.020000000000000000e+02,9.433799743652343750e+01,1.020000000000000000e+02,2.645300000000000000e+06
2.011091200000000000e+07,1.002500000000000000e+02,1.070000000000000000e+02,9.425000000000000000e+01,9.500000000000000000e+01,4.126000000000000000e+06
2.011091900000000000e+07,9.400000000000000000e+01,9.550000000000000000e+01,8.650000000000000000e+01,8.650000000000000000e+01,7.142900000000000000e+06
2.011092600000000000e+07,8.600000000000000000e+01,9.100000000000000000e+01,8.239900207519531250e+01,8.600000000000000000e+01,1.678500000000000000e+06
2.011100300000000000e+07,8.400000000000000000e+01,8.900000000000000000e+01,8.275000000000000000e+01,8.800000000000000000e+01,1.214500000000000000e+06
2.011101000000000000e+07,8.800000000000000000e+01,8.950000000000000000e+01,8.600000000000000000e+01,8.750000000000000000e+01,8.141000000000000000e+05
2.011101700000000000e+07,8.750000000000000000e+01,8.750000000000000000e+01,8.500000000000000000e+01,8.650000000000000000e+01,2.155900000000000000e+06
2.011102400000000000e+07,8.725000000000000000e+01,8.725000000000000000e+01,6.011999893188476562e+01,6.800000000000000000e+01,1.245840000000000000e+07
2.011103100000000000e+07,6.800000000000000000e+01,6.800000000000000000e+01,5.875000000000000000e+01,6.650000000000000000e+01,1.970700000000000000e+06
2.011110700000000000e+07,6.550000000000000000e+01,6.750000000000000000e+01,6.125000000000000000e+01,6.500000000000000000e+01,1.704600000000000000e+06
2.011111400000000000e+07,6.600000000000000000e+01,6.869999694824218750e+01,5.725000000000000000e+01,6.050000000000000000e+01,1.584900000000000000e+06
2.011112100000000000e+07,5.975000000000000000e+01,6.012500000000000000e+01,5.300000000000000000e+01,5.900000000000000000e+01,2.292100000000000000e+06
2.011112800000000000e+07,5.925000000000000000e+01,6.375000000000000000e+01,5.816400146484375000e+01,6.075000000000000000e+01,1.982700000000000000e+06
2.011120500000000000e+07,6.150000000000000000e+01,6.184999847412109375e+01,5.675000000000000000e+01,5.775000000000000000e+01,1.238400000000000000e+06
2.011121200000000000e+07,5.750000000000000000e+01,5.900000000000000000e+01,5.400000000000000000e+01,5.425000000000000000e+01,6.767000000000000000e+05
2.011121900000000000e+07,5.500000000000000000e+01,5.650000000000000000e+01,5.163800048828125000e+01,5.550000000000000000e+01,1.587300000000000000e+06
2.011122600000000000e+07,5.550000000000000000e+01,5.688800048828125000e+01,5.425000000000000000e+01,5.625000000000000000e+01,4.543000000000000000e+05
2.012010200000000000e+07,5.625000000000000000e+01,5.729999923706054688e+01,5.000000000000000000e+01,5.325000000000000000e+01,1.894300000000000000e+06
2.012010900000000000e+07,5.350000000000000000e+01,5.725000000000000000e+01,5.243999862670898438e+01,5.550000000000000000e+01,2.339300000000000000e+06
2.012011600000000000e+07,5.525000000000000000e+01,6.525000000000000000e+01,5.450000000000000000e+01,6.400000000000000000e+01,2.570400000000000000e+06
2.012012300000000000e+07,6.450000000000000000e+01,6.675000000000000000e+01,5.750000000000000000e+01,5.850000000000000000e+01,2.037700000000000000e+06
2.012013000000000000e+07,5.800000000000000000e+01,6.100000000000000000e+01,5.700000000000000000e+01,5.950000000000000000e+01,1.457000000000000000e+06
2.012020600000000000e+07,6.000000000000000000e+01,6.197000122070312500e+01,5.725000000000000000e+01,6.125000000000000000e+01,2.818600000000000000e+06
2.012021300000000000e+07,6.050000000000000000e+01,6.375000000000000000e+01,5.700000000000000000e+01,5.800000000000000000e+01,2.081400000000000000e+06
2.012022000000000000e+07,5.775000000000000000e+01,6.000000000000000000e+01,5.600000000000000000e+01,5.725000000000000000e+01,1.146500000000000000e+06
2.012022700000000000e+07,5.600000000000000000e+01,5.802199935913085938e+01,5.475000000000000000e+01,5.750000000000000000e+01,1.184300000000000000e+06
2.012030500000000000e+07,5.525000000000000000e+01,5.983000183105468750e+01,5.500000000000000000e+01,5.675000000000000000e+01,1.117600000000000000e+06
2.012031200000000000e+07,5.700000000000000000e+01,5.820000076293945312e+01,5.500000000000000000e+01,5.575000000000000000e+01,1.162300000000000000e+06
2.012031900000000000e+07,5.700000000000000000e+01,6.000000000000000000e+01,5.522499847412109375e+01,5.650000000000000000e+01,6.956000000000000000e+05
2.012032600000000000e+07,5.650000000000000000e+01,5.650000000000000000e+01,5.250000000000000000e+01,5.425000000000000000e+01,2.457800000000000000e+06
2.012040200000000000e+07,5.600000000000000000e+01,6.600000000000000000e+01,5.600000000000000000e+01,6.125000000000000000e+01,6.521900000000000000e+06
2.012040900000000000e+07,6.125000000000000000e+01,6.225000000000000000e+01,5.800000000000000000e+01,6.000000000000000000e+01,1.407200000000000000e+06
2.012041600000000000e+07,6.000000000000000000e+01,6.100000000000000000e+01,5.700000000000000000e+01,5.825000000000000000e+01,2.292900000000000000e+06
2.012042300000000000e+07,6.100000000000000000e+01,7.000000000000000000e+01,5.683800125122070312e+01,6.950000000000000000e+01,5.827900000000000000e+06
2.012043000000000000e+07,6.800000000000000000e+01,7.405999755859375000e+01,6.800000000000000000e+01,7.000000000000000000e+01,4.632600000000000000e+06
2.012050700000000000e+07,7.000000000000000000e+01,7.275000000000000000e+01,6.750000000000000000e+01,7.000000000000000000e+01,1.463200000000000000e+06
2.012051400000000000e+07,6.800000000000000000e+01,7.044000244140625000e+01,6.300000000000000000e+01,6.300000000000000000e+01,1.532400000000000000e+06
2.012052100000000000e+07,6.300000000000000000e+01,6.861299896240234375e+01,6.100000000000000000e+01,6.625000000000000000e+01,1.374000000000000000e+06
2.012052800000000000e+07,6.800000000000000000e+01,6.800000000000000000e+01,6.375000000000000000e+01,6.450000000000000000e+01,1.175900000000000000e+06
2.012060400000000000e+07,6.450000000000000000e+01,6.650000000000000000e+01,6.375000000000000000e+01,6.550000000000000000e+01,6.503000000000000000e+05
2.012061100000000000e+07,6.500000000000000000e+01,6.950000000000000000e+01,6.433799743652343750e+01,6.950000000000000000e+01,1.167800000000000000e+06
2.012061800000000000e+07,6.900000000000000000e+01,8.086000061035156250e+01,6.694999694824218750e+01,7.950000000000000000e+01,3.236500000000000000e+06
2.012062500000000000e+07,7.950000000000000000e+01,8.081300354003906250e+01,7.300000000000000000e+01,7.675000000000000000e+01,3.334100000000000000e+06
2.012070200000000000e+07,7.675000000000000000e+01,7.717500305175781250e+01,7.100000000000000000e+01,7.300000000000000000e+01,1.357600000000000000e+06
2.012070900000000000e+07,7.200000000000000000e+01,7.500000000000000000e+01,7.200000000000000000e+01,7.400000000000000000e+01,1.394000000000000000e+06
2.012071600000000000e+07,7.300000000000000000e+01,7.472499847412109375e+01,6.425000000000000000e+01,6.900000000000000000e+01,8.396900000000000000e+06
2.012072300000000000e+07,6.850000000000000000e+01,6.912500000000000000e+01,6.497000122070312500e+01,6.700000000000000000e+01,3.258290000000000000e+07
2.012073000000000000e+07,6.875000000000000000e+01,7.100000000000000000e+01,6.700000000000000000e+01,6.950000000000000000e+01,3.609400000000000000e+06
2.012080600000000000e+07,7.000000000000000000e+01,7.264499664306640625e+01,6.800000000000000000e+01,7.200000000000000000e+01,2.872400000000000000e+06
2.012081300000000000e+07,7.125000000000000000e+01,8.027500152587890625e+01,6.977500152587890625e+01,7.900000000000000000e+01,6.582300000000000000e+06
2.012082000000000000e+07,7.975000000000000000e+01,8.050000000000000000e+01,7.650000000000000000e+01,8.000000000000000000e+01,1.530900000000000000e+06
2.012082700000000000e+07,8.000000000000000000e+01,8.491300201416015625e+01,8.000000000000000000e+01,8.400000000000000000e+01,4.710500000000000000e+06
2.012090300000000000e+07,8.400000000000000000e+01,8.500000000000000000e+01,8.200000000000000000e+01,8.500000000000000000e+01,2.344900000000000000e+06
2.012091000000000000e+07,8.475000000000000000e+01,8.519000244140625000e+01,8.150000000000000000e+01,8.250000000000000000e+01,1.225200000000000000e+06
2.012091700000000000e+07,8.300000000000000000e+01,8.400000000000000000e+01,8.050000000000000000e+01,8.400000000000000000e+01,1.417300000000000000e+06
2.012092400000000000e+07,8.350000000000000000e+01,8.773999786376953125e+01,8.152999877929687500e+01,8.650000000000000000e+01,2.057500000000000000e+06
2.012100100000000000e+07,8.800000000000000000e+01,8.950299835205078125e+01,8.350000000000000000e+01,8.850000000000000000e+01,3.560200000000000000e+06
2.012100800000000000e+07,8.800000000000000000e+01,9.200000000000000000e+01,8.738999938964843750e+01,9.100000000000000000e+01,2.491800000000000000e+06
2.012101500000000000e+07,9.100000000000000000e+01,9.194999694824218750e+01,8.875000000000000000e+01,8.875000000000000000e+01,3.880200000000000000e+06
2.012102200000000000e+07,9.000000000000000000e+01,9.250000000000000000e+01,8.800000000000000000e+01,8.950000000000000000e+01,5.505400000000000000e+06
2.012102900000000000e+07,8.925000000000000000e+01,8.930000305175781250e+01,8.650000000000000000e+01,8.700000000000000000e+01,2.208800000000000000e+06
2.012110500000000000e+07,8.650000000000000000e+01,8.705000305175781250e+01,7.850000000000000000e+01,7.950000000000000000e+01,4.421500000000000000e+06
2.012111200000000000e+07,7.950000000000000000e+01,8.212500000000000000e+01,7.850000000000000000e+01,7.900000000000000000e+01,2.080400000000000000e+06
2.012111900000000000e+07,8.050000000000000000e+01,8.600000000000000000e+01,7.670999908447265625e+01,8.600000000000000000e+01,1.356900000000000000e+06
2.012112600000000000e+07,8.575000000000000000e+01,8.725000000000000000e+01,8.297000122070312500e+01,8.500000000000000000e+01,1.905200000000000000e+06
2.012120300000000000e+07,8.525000000000000000e+01,8.756900024414062500e+01,8.431300354003906250e+01,8.700000000000000000e+01,9.498000000000000000e+05
2.012121000000000000e+07,8.725000000000000000e+01,8.725000000000000000e+01,8.023999786376953125e+01,8.350000000000000000e+01,1.926000000000000000e+06
2.012121700000000000e+07,8.400000000000000000e+01,8.600000000000000000e+01,8.216000366210937500e+01,8.350000000000000000e+01,1.529900000000000000e+06
2.012122400000000000e+07,8.400000000000000000e+01,8.450000000000000000e+01,8.250000000000000000e+01,8.250000000000000000e+01,4.130000000000000000e+05
2.012123100000000000e+07,8.350000000000000000e+01,8.500000000000000000e+01,8.287500000000000000e+01,8.500000000000000000e+01,1.040500000000000000e+06
2.013010700000000000e+07,8.425000000000000000e+01,9.150000000000000000e+01,8.359400177001953125e+01,9.150000000000000000e+01,6.088700000000000000e+06
2.013011400000000000e+07,9.200000000000000000e+01,9.591200256347656250e+01,8.850000000000000000e+01,9.200000000000000000e+01,2.351200000000000000e+06
2.013012100000000000e+07,9.300000000000000000e+01,9.300000000000000000e+01,8.880000305175781250e+01,9.050000000000000000e+01,2.494100000000000000e+06
2.013012800000000000e+07,9.100000000000000000e+01,9.400000000000000000e+01,9.045700073242187500e+01,9.300000000000000000e+01,3.060900000000000000e+06
2.013020400000000000e+07,9.300000000000000000e+01,9.600000000000000000e+01,9.200000000000000000e+01,9.375000000000000000e+01,1.493700000000000000e+06
2.013021100000000000e+07,9.250000000000000000e+01,9.450000000000000000e+01,9.218800354003906250e+01,9.425000000000000000e+01,1.197300000000000000e+06
2.013021800000000000e+07,9.425000000000000000e+01,9.850000000000000000e+01,9.286100006103515625e+01,9.500000000000000000e+01,1.492800000000000000e+06
2.013022500000000000e+07,9.500000000000000000e+01,9.512500000000000000e+01,9.022499847412109375e+01,9.200000000000000000e+01,1.083400000000000000e+06
2.013030400000000000e+07,9.275000000000000000e+01,9.450000000000000000e+01,9.142099761962890625e+01,9.150000000000000000e+01,1.374000000000000000e+06
2.013031100000000000e+07,9.200000000000000000e+01,9.276000213623046875e+01,9.050000000000000000e+01,9.200000000000000000e+01,1.703300000000000000e+06
2.013031800000000000e+07,9.000000000000000000e+01,9.275000000000000000e+01,9.000000000000000000e+01,9.225000000000000000e+01,1.109000000000000000e+06
2.013032500000000000e+07,9.125000000000000000e+01,9.330000305175781250e+01,9.048999786376953125e+01,9.075000000000000000e+01,1.122800000000000000e+06
2.013040100000000000e+07,9.075000000000000000e+01,9.275000000000000000e+01,8.636000061035156250e+01,8.750000000000000000e+01,1.107500000000000000e+06
2.013040800000000000e+07,8.600000000000000000e+01,8.773999786376953125e+01,7.800000000000000000e+01,8.575000000000000000e+01,1.597400000000000000e+06
2.013041500000000000e+07,8.600000000000000000e+01,8.900000000000000000e+01,8.500000000000000000e+01,8.800000000000000000e+01,1.963800000000000000e+06
2.013042200000000000e+07,8.900000000000000000e+01,9.194000244140625000e+01,8.500000000000000000e+01,8.725000000000000000e+01,1.172550000000000000e+07
2.013042900000000000e+07,8.750000000000000000e+01,9.300000000000000000e+01,8.750000000000000000e+01,9.000000000000000000e+01,7.074000000000000000e+05
2.013050600000000000e+07,9.000000000000000000e+01,9.350000000000000000e+01,8.900000000000000000e+01,9.250000000000000000e+01,7.544000000000000000e+05
2.013051300000000000e+07,9.350000000000000000e+01,9.692500305175781250e+01,9.000000000000000000e+01,9.000000000000000000e+01,4.341700000000000000e+06
2.013052000000000000e+07,9.000000000000000000e+01,9.126000213623046875e+01,8.662000274658203125e+01,8.800000000000000000e+01,1.751600000000000000e+06
2.013052700000000000e+07,8.800000000000000000e+01,8.900000000000000000e+01,8.600000000000000000e+01,8.700000000000000000e+01,1.170200000000000000e+06
2.013060300000000000e+07,8.800000000000000000e+01,8.800000000000000000e+01,7.975000000000000000e+01,8.050000000000000000e+01,1.301600000000000000e+06
2.013061000000000000e+07,8.050000000000000000e+01,8.300000000000000000e+01,8.050000000000000000e+01,8.175000000000000000e+01,8.446000000000000000e+05
2.013061700000000000e+07,8.050000000000000000e+01,8.300000000000000000e+01,8.050000000000000000e+01,8.100000000000000000e+01,1.542300000000000000e+06
2.013062400000000000e+07,8.125000000000000000e+01,8.275000000000000000e+01,7.900000000000000000e+01,8.100000000000000000e+01,1.767700000000000000e+06
2.013070100000000000e+07,8.100000000000000000e+01,8.100000000000000000e+01,7.700000000000000000e+01,7.750000000000000000e+01,2.152800000000000000e+06
2.013070800000000000e+07,7.850000000000000000e+01,7.950000000000000000e+01,7.600000000000000000e+01,7.900000000000000000e+01,2.069200000000000000e+06
2.013071500000000000e+07,7.650000000000000000e+01,8.300000000000000000e+01,7.650000000000000000e+01,8.300000000000000000e+01,2.051600000000000000e+06
2.013072200000000000e+07,8.200000000000000000e+01,9.275000000000000000e+01,8.025000000000000000e+01,9.200000000000000000e+01,2.657300000000000000e+06
2.013072900000000000e+07,9.275000000000000000e+01,9.550000000000000000e+01,9.050000000000000000e+01,9.475000000000000000e+01,2.715400000000000000e+06
2.013080500000000000e+07,9.400000000000000000e+01,9.615000152587890625e+01,9.248500061035156250e+01,9.575000000000000000e+01,1.119400000000000000e+06
2.013081200000000000e+07,9.600000000000000000e+01,1.020000000000000000e+02,9.275000000000000000e+01,9.650000000000000000e+01,5.335600000000000000e+06
2.013081900000000000e+07,9.675000000000000000e+01,1.027500000000000000e+02,9.425000000000000000e+01,9.875000000000000000e+01,6.071400000000000000e+06
2.013082600000000000e+07,9.875000000000000000e+01,1.013369979858398438e+02,9.700000000000000000e+01,9.950000000000000000e+01,1.967100000000000000e+06
2.013090200000000000e+07,1.000000000000000000e+02,1.115000000000000000e+02,1.000000000000000000e+02,1.100000000000000000e+02,4.731600000000000000e+06
2.013090900000000000e+07,1.107500000000000000e+02,1.135000000000000000e+02,1.085000000000000000e+02,1.127500000000000000e+02,5.314700000000000000e+06
2.013091600000000000e+07,1.127500000000000000e+02,1.207549972534179688e+02,1.122500000000000000e+02,1.125000000000000000e+02,3.783800000000000000e+06
2.013092300000000000e+07,1.165000000000000000e+02,1.165000000000000000e+02,1.100000000000000000e+02,1.110000000000000000e+02,1.994300000000000000e+06
2.013093000000000000e+07,1.105000000000000000e+02,1.125479965209960938e+02,1.085019989013671875e+02,1.100000000000000000e+02,1.646800000000000000e+06
2.013100700000000000e+07,1.100000000000000000e+02,1.115000000000000000e+02,1.070000000000000000e+02,1.105000000000000000e+02,2.389100000000000000e+06
2.013101400000000000e+07,1.130000000000000000e+02,1.145000000000000000e+02,1.097500000000000000e+02,1.145000000000000000e+02,1.103800000000000000e+06
2.013102100000000000e+07,1.147500000000000000e+02,1.151100006103515625e+02,1.110000000000000000e+02,1.130000000000000000e+02,4.989000000000000000e+05
2.013102800000000000e+07,1.110000000000000000e+02,1.133000030517578125e+02,1.092500000000000000e+02,1.095000000000000000e+02,1.436400000000000000e+06
2.013110400000000000e+07,1.095000000000000000e+02,1.100000000000000000e+02,1.042389984130859375e+02,1.087500000000000000e+02,1.914200000000000000e+06
2.013111100000000000e+07,1.090000000000000000e+02,1.095000000000000000e+02,1.070000000000000000e+02,1.090000000000000000e+02,6.560000000000000000e+05
2.013111800000000000e+07,1.090000000000000000e+02,1.100000000000000000e+02,1.004749984741210938e+02,1.050000000000000000e+02,3.834800000000000000e+06
2.013112500000000000e+07,1.050000000000000000e+02,1.160000000000000000e+02,1.030000000000000000e+02,1.150000000000000000e+02,2.556500000000000000e+06
2.013120200000000000e+07,1.150000000000000000e+02,1.180000000000000000e+02,1.139079971313476562e+02,1.180000000000000000e+02,1.324100000000000000e+06
2.013120900000000000e+07,1.175000000000000000e+02,1.237500000000000000e+02,1.165000000000000000e+02,1.220000000000000000e+02,2.337800000000000000e+06
2.013121600000000000e+07,1.217500000000000000e+02,1.437120056152343750e+02,1.188499984741210938e+02,1.392500000000000000e+02,6.617900000000000000e+06
2.013122300000000000e+07,1.390000000000000000e+02,1.412500000000000000e+02,1.372500000000000000e+02,1.405000000000000000e+02,7.690000000000000000e+05
2.013123000000000000e+07,1.410000000000000000e+02,1.432500000000000000e+02,1.395000000000000000e+02,1.425000000000000000e+02,2.738700000000000000e+06
2.014010600000000000e+07,1.430000000000000000e+02,1.497500000000000000e+02,1.390000000000000000e+02,1.490000000000000000e+02,3.448400000000000000e+06
2.014011300000000000e+07,1.500000000000000000e+02,1.590000000000000000e+02,1.480000000000000000e+02,1.575000000000000000e+02,3.509900000000000000e+06
2.014012000000000000e+07,1.590000000000000000e+02,1.627500000000000000e+02,1.552500000000000000e+02,1.560000000000000000e+02,3.874500000000000000e+06
2.014012700000000000e+07,1.552500000000000000e+02,1.650000000000000000e+02,1.520000000000000000e+02,1.602500000000000000e+02,2.605300000000000000e+06
2.014020300000000000e+07,1.582500000000000000e+02,1.606999969482421875e+02,1.535000000000000000e+02,1.537500000000000000e+02,2.320700000000000000e+06
2.014021000000000000e+07,1.540000000000000000e+02,1.575000000000000000e+02,1.532500000000000000e+02,1.565000000000000000e+02,1.464400000000000000e+06
2.014021700000000000e+07,1.570000000000000000e+02,1.715000000000000000e+02,1.562500000000000000e+02,1.650000000000000000e+02,1.069670000000000000e+07
2.014022400000000000e+07,1.662500000000000000e+02,1.662500000000000000e+02,1.600000000000000000e+02,1.620000000000000000e+02,1.918600000000000000e+06
2.014030300000000000e+07,1.600000000000000000e+02,1.635000000000000000e+02,1.592799987792968750e+02,1.610000000000000000e+02,1.970100000000000000e+06
2.014031000000000000e+07,1.602500000000000000e+02,1.620000000000000000e+02,1.520000000000000000e+02,1.520000000000000000e+02,4.729000000000000000e+06
2.014031700000000000e+07,1.537500000000000000e+02,1.550000000000000000e+02,1.440000000000000000e+02,1.507500000000000000e+02,2.566600000000000000e+06
2.014032400000000000e+07,1.500000000000000000e+02,1.542500000000000000e+02,1.500000000000000000e+02,1.532500000000000000e+02,3.491000000000000000e+06
2.014033100000000000e+07,1.502500000000000000e+02,1.560000000000000000e+02,1.475000000000000000e+02,1.542500000000000000e+02,2.544400000000000000e+06
2.014040700000000000e+07,1.540000000000000000e+02,1.587500000000000000e+02,1.283899993896484375e+02,1.300000000000000000e+02,4.383000000000000000e+06
2.014041400000000000e+07,1.290000000000000000e+02,1.295630035400390625e+02,1.155630035400390625e+02,1.252500000000000000e+02,1.143440000000000000e+07
2.014042100000000000e+07,1.252500000000000000e+02,1.390000000000000000e+02,1.242500000000000000e+02,1.355000000000000000e+02,4.218500000000000000e+06
2.014042800000000000e+07,1.350000000000000000e+02,1.448130035400390625e+02,1.350000000000000000e+02,1.400000000000000000e+02,2.526900000000000000e+06
2.014050500000000000e+07,1.400000000000000000e+02,1.447500000000000000e+02,1.345000000000000000e+02,1.355000000000000000e+02,1.503200000000000000e+06
2.014051200000000000e+07,1.370000000000000000e+02,1.430000000000000000e+02,1.264380035400390625e+02,1.277500000000000000e+02,1.277900000000000000e+06
2.014051900000000000e+07,1.265000000000000000e+02,1.390000000000000000e+02,1.255000000000000000e+02,1.357500000000000000e+02,1.979400000000000000e+06
2.014052600000000000e+07,1.357500000000000000e+02,1.368350067138671875e+02,1.292500000000000000e+02,1.292500000000000000e+02,1.094930000000000000e+07
2.014060200000000000e+07,1.300000000000000000e+02,1.317500000000000000e+02,1.295000000000000000e+02,1.302500000000000000e+02,4.097000000000000000e+06
2.014060900000000000e+07,1.317500000000000000e+02,1.320000000000000000e+02,1.297500000000000000e+02,1.302500000000000000e+02,4.736400000000000000e+06
2.014061600000000000e+07,1.307500000000000000e+02,1.335000000000000000e+02,1.295000000000000000e+02,1.320000000000000000e+02,4.864700000000000000e+06
2.014062300000000000e+07,1.332500000000000000e+02,1.335000000000000000e+02,1.280000000000000000e+02,1.292500000000000000e+02,2.977600000000000000e+06
2.014063000000000000e+07,1.310000000000000000e+02,1.487500000000000000e+02,1.307500000000000000e+02,1.477500000000000000e+02,4.352600000000000000e+06
2.014070700000000000e+07,1.470000000000000000e+02,1.500000000000000000e+02,1.375000000000000000e+02,1.385000000000000000e+02,1.404400000000000000e+06
2.014071400000000000e+07,1.385000000000000000e+02,1.395000000000000000e+02,1.355000000000000000e+02,1.370000000000000000e+02,1.829800000000000000e+06
2.014072100000000000e+07,1.392500000000000000e+02,1.465030059814453125e+02,1.352500000000000000e+02,1.427500000000000000e+02,2.595000000000000000e+06
2.014072800000000000e+07,1.435000000000000000e+02,1.460000000000000000e+02,1.380850067138671875e+02,1.405000000000000000e+02,8.475100000000000000e+06
2.014080400000000000e+07,1.402500000000000000e+02,1.406049957275390625e+02,1.307500000000000000e+02,1.327500000000000000e+02,1.411900000000000000e+06
2.014081100000000000e+07,1.335000000000000000e+02,1.420000000000000000e+02,1.317500000000000000e+02,1.405000000000000000e+02,1.202100000000000000e+06
2.014081800000000000e+07,1.402500000000000000e+02,1.450000000000000000e+02,1.350000000000000000e+02,1.370000000000000000e+02,1.043700000000000000e+06
2.014082500000000000e+07,1.370000000000000000e+02,1.377500000000000000e+02,1.322500000000000000e+02,1.330000000000000000e+02,9.232000000000000000e+05
2.014090100000000000e+07,1.345000000000000000e+02,1.387500000000000000e+02,1.328750000000000000e+02,1.342500000000000000e+02,1.838500000000000000e+06
2.014090800000000000e+07,1.372500000000000000e+02,1.380000000000000000e+02,1.322500000000000000e+02,1.330000000000000000e+02,7.977000000000000000e+05
2.014091500000000000e+07,1.332500000000000000e+02,1.370000000000000000e+02,1.317500000000000000e+02,1.350000000000000000e+02,9.945000000000000000e+05
2.014092200000000000e+07,1.355000000000000000e+02,1.355000000000000000e+02,1.301880035400390625e+02,1.302500000000000000e+02,1.619700000000000000e+06
2.014092900000000000e+07,1.330000000000000000e+02,1.367500000000000000e+02,1.265400009155273438e+02,1.290000000000000000e+02,2.141500000000000000e+06
2.014100600000000000e+07,1.290000000000000000e+02,1.317500000000000000e+02,1.167500000000000000e+02,1.175000000000000000e+02,3.742100000000000000e+06
2.014101300000000000e+07,1.190000000000000000e+02,1.200000000000000000e+02,1.132500000000000000e+02,1.157500000000000000e+02,3.046600000000000000e+06
2.014102000000000000e+07,1.180000000000000000e+02,1.197500000000000000e+02,1.137500000000000000e+02,1.182500000000000000e+02,1.450100000000000000e+06
2.014102700000000000e+07,1.197500000000000000e+02,1.197500000000000000e+02,1.158450012207031250e+02,1.185000000000000000e+02,2.015800000000000000e+06
2.014110300000000000e+07,1.190000000000000000e+02,1.265000000000000000e+02,1.165000000000000000e+02,1.237500000000000000e+02,5.806700000000000000e+06
2.014111000000000000e+07,1.230000000000000000e+02,1.256250000000000000e+02,1.199589996337890625e+02,1.212500000000000000e+02,9.063000000000000000e+05
2.014111700000000000e+07,1.215000000000000000e+02,1.255000000000000000e+02,1.190000000000000000e+02,1.220000000000000000e+02,1.658330000000000000e+07
2.014112400000000000e+07,1.215000000000000000e+02,1.370000000000000000e+02,1.214499969482421875e+02,1.270000000000000000e+02,2.968400000000000000e+06
2.014120100000000000e+07,1.310000000000000000e+02,1.351309967041015625e+02,1.280000000000000000e+02,1.295000000000000000e+02,1.531800000000000000e+06
2.014120800000000000e+07,1.322500000000000000e+02,1.322500000000000000e+02,1.270000000000000000e+02,1.307500000000000000e+02,1.300800000000000000e+06
2.014121500000000000e+07,1.292500000000000000e+02,1.350000000000000000e+02,1.270000000000000000e+02,1.280000000000000000e+02,1.546300000000000000e+06
2.014122200000000000e+07,1.300000000000000000e+02,1.305000000000000000e+02,1.272500000000000000e+02,1.297500000000000000e+02,2.496000000000000000e+05
2.014122900000000000e+07,1.270000000000000000e+02,1.305000000000000000e+02,1.270000000000000000e+02,1.300000000000000000e+02,4.028000000000000000e+05
2.015010500000000000e+07,1.270000000000000000e+02,1.525000000000000000e+02,1.270000000000000000e+02,1.512500000000000000e+02,3.408500000000000000e+06
2.015011200000000000e+07,1.467500000000000000e+02,1.520000000000000000e+02,1.417899932861328125e+02,1.465000000000000000e+02,1.341600000000000000e+06
2.015011900000000000e+07,1.447500000000000000e+02,1.520000000000000000e+02,1.410000000000000000e+02,1.520000000000000000e+02,2.016200000000000000e+06
2.015012600000000000e+07,1.490000000000000000e+02,1.585000000000000000e+02,1.485000000000000000e+02,1.517500000000000000e+02,2.111900000000000000e+06
2.015020200000000000e+07,1.537500000000000000e+02,1.537500000000000000e+02,1.462500000000000000e+02,1.490000000000000000e+02,5.278000000000000000e+06
2.015020900000000000e+07,1.470000000000000000e+02,1.520000000000000000e+02,1.400000000000000000e+02,1.430000000000000000e+02,1.400300000000000000e+06
2.015021600000000000e+07,1.400000000000000000e+02,1.470000000000000000e+02,1.400000000000000000e+02,1.445000000000000000e+02,1.362400000000000000e+06
2.015022300000000000e+07,1.470000000000000000e+02,1.497500000000000000e+02,1.423399963378906250e+02,1.470000000000000000e+02,8.442000000000000000e+05
2.015030200000000000e+07,1.445000000000000000e+02,1.530000000000000000e+02,1.440000000000000000e+02,1.502500000000000000e+02,1.579800000000000000e+06
2.015030900000000000e+07,1.530000000000000000e+02,1.530000000000000000e+02,1.440809936523437500e+02,1.445000000000000000e+02,1.616100000000000000e+06
2.015031600000000000e+07,1.490000000000000000e+02,1.550000000000000000e+02,1.430000000000000000e+02,1.500000000000000000e+02,4.270800000000000000e+06
2.015032300000000000e+07,1.520000000000000000e+02,1.527200012207031250e+02,1.440000000000000000e+02,1.450000000000000000e+02,1.417700000000000000e+06
2.015033000000000000e+07,1.440000000000000000e+02,1.510000000000000000e+02,1.432500000000000000e+02,1.450000000000000000e+02,2.439000000000000000e+06
2.015040600000000000e+07,1.450000000000000000e+02,1.510000000000000000e+02,1.440140075683593750e+02,1.500000000000000000e+02,1.213700000000000000e+06
2.015041300000000000e+07,1.510000000000000000e+02,1.535000000000000000e+02,1.460000000000000000e+02,1.462500000000000000e+02,2.865500000000000000e+06
2.015042000000000000e+07,1.460000000000000000e+02,1.562500000000000000e+02,1.435000000000000000e+02,1.550000000000000000e+02,1.695800000000000000e+06
2.015042700000000000e+07,1.532500000000000000e+02,1.610000000000000000e+02,1.532500000000000000e+02,1.582500000000000000e+02,2.456700000000000000e+06
2.015050400000000000e+07,1.582500000000000000e+02,1.610000000000000000e+02,1.523029937744140625e+02,1.560000000000000000e+02,1.550100000000000000e+06
2.015051100000000000e+07,1.590000000000000000e+02,1.610000000000000000e+02,1.540000000000000000e+02,1.595000000000000000e+02,4.172000000000000000e+06
2.015051800000000000e+07,1.610000000000000000e+02,1.747500000000000000e+02,1.572500000000000000e+02,1.730000000000000000e+02,7.083900000000000000e+06
2.015052500000000000e+07,1.730000000000000000e+02,1.820000000000000000e+02,1.710000000000000000e+02,1.780000000000000000e+02,3.823000000000000000e+06
2.015060100000000000e+07,1.800000000000000000e+02,1.830000000000000000e+02,1.762500000000000000e+02,1.767500000000000000e+02,1.208200000000000000e+06
2.015060800000000000e+07,1.760000000000000000e+02,1.837500000000000000e+02,1.760000000000000000e+02,1.830000000000000000e+02,1.300700000000000000e+06
2.015061500000000000e+07,1.797500000000000000e+02,1.815000000000000000e+02,1.730000000000000000e+02,1.800000000000000000e+02,4.459000000000000000e+06
2.015062200000000000e+07,1.810000000000000000e+02,1.820000000000000000e+02,1.770000000000000000e+02,1.801999999999999886e+02,6.616600000000000000e+06
2.015062900000000000e+07,1.770000000000000000e+02,1.806000061035156250e+02,1.761000061035156250e+02,1.795000000000000000e+02,1.740800000000000000e+06
2.015070600000000000e+07,1.763000000000000114e+02,1.806999969482421875e+02,1.755000000000000000e+02,1.780000000000000000e+02,1.051500000000000000e+06
2.015071300000000000e+07,1.774000000000000057e+02,1.810000000000000000e+02,1.773999938964843750e+02,1.796999999999999886e+02,1.255400000000000000e+06
2.015072000000000000e+07,1.810000000000000000e+02,1.810000000000000000e+02,1.751999969482421875e+02,1.765000000000000000e+02,1.514300000000000000e+06
2.015072700000000000e+07,1.780000000000000000e+02,1.800000000000000000e+02,1.750000000000000000e+02,1.795000000000000000e+02,1.540800000000000000e+06
2.015080300000000000e+07,1.770999999999999943e+02,1.820000000000000000e+02,1.762980041503906250e+02,1.780000000000000000e+02,1.067100000000000000e+06
2.015081000000000000e+07,1.770000000000000000e+02,1.796999969482421875e+02,1.750000000000000000e+02,1.790000000000000000e+02,1.258000000000000000e+06
2.015081700000000000e+07,1.800000000000000000e+02,1.805000000000000000e+02,1.750000000000000000e+02,1.750000000000000000e+02,7.849000000000000000e+05
2.015082400000000000e+07,1.750000000000000000e+02,1.765070037841796875e+02,1.631999969482421875e+02,1.720000000000000000e+02,5.102800000000000000e+06
2.015083100000000000e+07,1.720000000000000000e+02,1.813000030517578125e+02,1.690000000000000000e+02,1.803000000000000114e+02,2.942400000000000000e+06
2.015090700000000000e+07,1.816999999999999886e+02,1.875000000000000000e+02,1.796999969482421875e+02,1.815000000000000000e+02,2.424300000000000000e+06
2.015091400000000000e+07,1.813000000000000114e+02,1.813000030517578125e+02,1.733000030517578125e+02,1.785999999999999943e+02,6.056100000000000000e+06
2.015092100000000000e+07,1.760000000000000000e+02,1.813000030517578125e+02,1.743840026855468750e+02,1.800000000000000000e+02,1.372400000000000000e+06
2.015092800000000000e+07,1.800000000000000000e+02,1.800000000000000000e+02,1.730000000000000000e+02,1.790999999999999943e+02,1.446500000000000000e+06
2.015100500000000000e+07,1.798000000000000114e+02,1.798999938964843750e+02,1.641000061035156250e+02,1.670000000000000000e+02,1.736300000000000000e+06
2.015101200000000000e+07,1.643000000000000114e+02,1.670000000000000000e+02,1.582799987792968750e+02,1.620000000000000000e+02,1.594000000000000000e+06
2.015101900000000000e+07,1.653000000000000114e+02,1.665000000000000000e+02,1.600000000000000000e+02,1.659000000000000057e+02,7.231500000000000000e+06
2.015102600000000000e+07,1.660000000000000000e+02,1.800000000000000000e+02,1.626999969482421875e+02,1.748000000000000114e+02,4.402400000000000000e+06
2.015110200000000000e+07,1.730000000000000000e+02,1.771999969482421875e+02,1.661000061035156250e+02,1.684000000000000057e+02,9.049000000000000000e+05
2.015110900000000000e+07,1.663000000000000114e+02,1.720000000000000000e+02,1.650000000000000000e+02,1.688000000000000114e+02,1.407900000000000000e+06
2.015111600000000000e+07,1.720000000000000000e+02,1.720000000000000000e+02,1.658000030517578125e+02,1.720000000000000000e+02,2.759900000000000000e+06
2.015112300000000000e+07,1.725000000000000000e+02,1.725000000000000000e+02,1.666000061035156250e+02,1.700000000000000000e+02,1.453900000000000000e+06
2.015113000000000000e+07,1.673000000000000114e+02,1.778000030517578125e+02,1.670000000000000000e+02,1.745999999999999943e+02,2.665600000000000000e+06
2.015120700000000000e+07,1.720000000000000000e+02,1.785000000000000000e+02,1.680339965820312500e+02,1.723000000000000114e+02,2.238700000000000000e+06
2.015121400000000000e+07,1.703000000000000114e+02,1.731999969482421875e+02,1.700000000000000000e+02,1.710000000000000000e+02,9.916000000000000000e+05
2.015122100000000000e+07,1.713000000000000114e+02,1.795000000000000000e+02,1.691000061035156250e+02,1.775000000000000000e+02,7.643000000000000000e+05
2.016010400000000000e+07,1.730000000000000000e+02,1.926000061035156250e+02,1.730000000000000000e+02,1.885000000000000000e+02,6.489000000000000000e+06
2.016011100000000000e+07,1.850999999999999943e+02,2.001000061035156250e+02,1.763999938964843750e+02,1.765999999999999943e+02,2.411500000000000000e+06
2.016011800000000000e+07,1.760000000000000000e+02,1.765000000000000000e+02,1.631000061035156250e+02,1.644000000000000057e+02,1.486300000000000000e+06
2.016012500000000000e+07,1.645999999999999943e+02,1.681999969482421875e+02,1.602350006103515625e+02,1.679000000000000057e+02,1.821900000000000000e+06
2.016020100000000000e+07,1.643000000000000114e+02,1.836999969482421875e+02,1.641000061035156250e+02,1.800000000000000000e+02,4.379100000000000000e+06
2.016020800000000000e+07,1.785000000000000000e+02,1.823959960937500000e+02,1.596000061035156250e+02,1.654000000000000057e+02,4.060700000000000000e+06
2.016021500000000000e+07,1.640000000000000000e+02,1.678999938964843750e+02,1.588410034179687500e+02,1.615000000000000000e+02,2.635300000000000000e+06
2.016022200000000000e+07,1.646999999999999886e+02,1.670000000000000000e+02,1.606000061035156250e+02,1.630999999999999943e+02,2.465900000000000000e+06
