2.005042500000000000e+07,3.625000000000000000e+03,3.787500000000000000e+03,3.500000000000000000e+03,3.562500000000000000e+03,0.000000000000000000e+00
2.005050200000000000e+07,3.562500000000000000e+03,3.562500000000000000e+03,3.362500000000000000e+03,3.412500000000000000e+03,0.000000000000000000e+00
2.005050900000000000e+07,3.412500000000000000e+03,3.550000000000000000e+03,3.375000000000000000e+03,3.487500000000000000e+03,0.000000000000000000e+00
2.005051600000000000e+07,3.500000000000000000e+03,3.725000000000000000e+03,3.500000000000000000e+03,3.675000000000000000e+03,0.000000000000000000e+00
2.005052300000000000e+07,3.675000000000000000e+03,3.725000000000000000e+03,3.575000000000000000e+03,3.687500000000000000e+03,0.000000000000000000e+00
2.005053000000000000e+07,3.687500000000000000e+03,3.750000000000000000e+03,3.625000000000000000e+03,3.687500000000000000e+03,0.000000000000000000e+00
2.005060600000000000e+07,3.687500000000000000e+03,3.750000000000000000e+03,3.650000000000000000e+03,3.687500000000000000e+03,0.000000000000000000e+00
2.005061300000000000e+07,3.687500000000000000e+03,3.875000000000000000e+03,3.687500000000000000e+03,3.812500000000000000e+03,0.000000000000000000e+00
2.005062000000000000e+07,3.812500000000000000e+03,3.887500000000000000e+03,3.550000000000000000e+03,3.812500000000000000e+03,0.000000000000000000e+00
2.005062700000000000e+07,3.812500000000000000e+03,3.837500000000000000e+03,3.762500000000000000e+03,3.837500000000000000e+03,0.000000000000000000e+00
2.005070400000000000e+07,3.837500000000000000e+03,3.925000000000000000e+03,3.775000000000000000e+03,3.812500000000000000e+03,0.000000000000000000e+00
2.005071100000000000e+07,3.812500000000000000e+03,3.812500000000000000e+03,3.762500000000000000e+03,3.812500000000000000e+03,0.000000000000000000e+00
2.005071800000000000e+07,3.812500000000000000e+03,3.850000000000000000e+03,3.787500000000000000e+03,3.812500000000000000e+03,0.000000000000000000e+00
2.005072500000000000e+07,3.812500000000000000e+03,4.125000000000000000e+03,3.787500000000000000e+03,4.087500000000000000e+03,0.000000000000000000e+00
2.005080100000000000e+07,4.125000000000000000e+03,4.675000000000000000e+03,4.125000000000000000e+03,4.262500000000000000e+03,0.000000000000000000e+00
2.005080800000000000e+07,4.262500000000000000e+03,4.262500000000000000e+03,4.125000000000000000e+03,4.162500000000000000e+03,0.000000000000000000e+00
2.005081500000000000e+07,4.162500000000000000e+03,4.275000000000000000e+03,4.150000000000000000e+03,4.262500000000000000e+03,0.000000000000000000e+00
2.005082200000000000e+07,4.262500000000000000e+03,4.262500000000000000e+03,4.200000000000000000e+03,4.262500000000000000e+03,0.000000000000000000e+00
2.005082900000000000e+07,4.262500000000000000e+03,4.262500000000000000e+03,4.200000000000000000e+03,4.262500000000000000e+03,0.000000000000000000e+00
2.005090500000000000e+07,4.262500000000000000e+03,4.300000000000000000e+03,4.225000000000000000e+03,4.262500000000000000e+03,0.000000000000000000e+00
2.005091200000000000e+07,4.262500000000000000e+03,4.262500000000000000e+03,4.225000000000000000e+03,4.262500000000000000e+03,0.000000000000000000e+00
2.005091900000000000e+07,4.262500000000000000e+03,4.750000000000000000e+03,4.225000000000000000e+03,4.550000000000000000e+03,0.000000000000000000e+00
2.005092600000000000e+07,4.550000000000000000e+03,4.912500000000000000e+03,4.500000000000000000e+03,4.912500000000000000e+03,0.000000000000000000e+00
2.005100300000000000e+07,4.950000000000000000e+03,5.000000000000000000e+03,4.775000000000000000e+03,4.900000000000000000e+03,0.000000000000000000e+00
2.005101000000000000e+07,5.000000000000000000e+03,5.487500000000000000e+03,5.000000000000000000e+03,5.350000000000000000e+03,0.000000000000000000e+00
2.005101700000000000e+07,5.450000000000000000e+03,5.875000000000000000e+03,5.275000000000000000e+03,5.800000000000000000e+03,0.000000000000000000e+00
2.005102400000000000e+07,5.800000000000000000e+03,6.325000000000000000e+03,5.777500000000000000e+03,6.187500000000000000e+03,0.000000000000000000e+00
2.005103100000000000e+07,6.187500000000000000e+03,6.875000000000000000e+03,6.037500000000000000e+03,6.187500000000000000e+03,0.000000000000000000e+00
2.005110700000000000e+07,6.187500000000000000e+03,6.375000000000000000e+03,6.187500000000000000e+03,6.250000000000000000e+03,0.000000000000000000e+00
2.005111400000000000e+07,6.250000000000000000e+03,6.375000000000000000e+03,6.125000000000000000e+03,6.250000000000000000e+03,0.000000000000000000e+00
2.005112100000000000e+07,6.250000000000000000e+03,6.875000000000000000e+03,6.200000000000000000e+03,6.750000000000000000e+03,0.000000000000000000e+00
2.005112800000000000e+07,6.750000000000000000e+03,7.712500000000000000e+03,6.750000000000000000e+03,7.512500000000000000e+03,0.000000000000000000e+00
2.005120500000000000e+07,7.512500000000000000e+03,7.687500000000000000e+03,7.400000000000000000e+03,7.587500000000000000e+03,0.000000000000000000e+00
2.005121200000000000e+07,7.587500000000000000e+03,8.898000000000000000e+03,7.587500000000000000e+03,8.787500000000000000e+03,0.000000000000000000e+00
2.005121900000000000e+07,8.787500000000000000e+03,8.925000000000000000e+03,8.625000000000000000e+03,8.787500000000000000e+03,0.000000000000000000e+00
2.005122600000000000e+07,8.787500000000000000e+03,8.900000000000000000e+03,8.625000000000000000e+03,8.787500000000000000e+03,0.000000000000000000e+00
2.006010200000000000e+07,8.787500000000000000e+03,8.875000000000000000e+03,8.575000000000000000e+03,8.725000000000000000e+03,0.000000000000000000e+00
2.006010900000000000e+07,8.725000000000000000e+03,8.725000000000000000e+03,6.650000000000000000e+03,7.362500000000000000e+03,0.000000000000000000e+00
2.006011600000000000e+07,7.362500000000000000e+03,7.950000000000000000e+03,7.225000000000000000e+03,7.725000000000000000e+03,0.000000000000000000e+00
2.006012300000000000e+07,7.725000000000000000e+03,7.800000000000000000e+03,7.375000000000000000e+03,7.625000000000000000e+03,0.000000000000000000e+00
2.006013000000000000e+07,7.625000000000000000e+03,9.050000000000000000e+03,7.550000000000000000e+03,8.775000000000000000e+03,0.000000000000000000e+00
2.006020600000000000e+07,8.775000000000000000e+03,9.000000000000000000e+03,8.750000000000000000e+03,8.837500000000000000e+03,0.000000000000000000e+00
2.006021300000000000e+07,9.000000000000000000e+03,9.000000000000000000e+03,8.250000000000000000e+03,8.437500000000000000e+03,0.000000000000000000e+00
2.006022000000000000e+07,8.437500000000000000e+03,8.700000000000000000e+03,8.112500000000000000e+03,8.600000000000000000e+03,0.000000000000000000e+00
2.006022700000000000e+07,8.600000000000000000e+03,8.800000000000000000e+03,8.300000000000000000e+03,8.437500000000000000e+03,0.000000000000000000e+00
2.006030600000000000e+07,8.437500000000000000e+03,8.625000000000000000e+03,8.150000000000000000e+03,8.312500000000000000e+03,0.000000000000000000e+00
2.006031300000000000e+07,8.312500000000000000e+03,8.487500000000000000e+03,8.125000000000000000e+03,8.312500000000000000e+03,0.000000000000000000e+00
2.006032000000000000e+07,8.312500000000000000e+03,8.312500000000000000e+03,8.137500000000000000e+03,8.250000000000000000e+03,0.000000000000000000e+00
2.006032700000000000e+07,8.140000000000000000e+03,8.250000000000000000e+03,7.875000000000000000e+03,8.062500000000000000e+03,0.000000000000000000e+00
2.006040300000000000e+07,8.312500000000000000e+03,1.087500000000000000e+04,8.312500000000000000e+03,1.062500000000000000e+04,0.000000000000000000e+00
2.006041000000000000e+07,1.062500000000000000e+04,1.100000000000000000e+04,1.032500000000000000e+04,1.075000000000000000e+04,0.000000000000000000e+00
2.006041700000000000e+07,1.075000000000000000e+04,1.112500000000000000e+04,1.073750000000000000e+04,1.093750000000000000e+04,0.000000000000000000e+00
2.006042400000000000e+07,1.100000000000000000e+04,1.162500000000000000e+04,1.087500000000000000e+04,1.137500000000000000e+04,0.000000000000000000e+00
2.006050100000000000e+07,1.137500000000000000e+04,1.137500000000000000e+04,1.075000000000000000e+04,1.093750000000000000e+04,0.000000000000000000e+00
2.006050800000000000e+07,1.093750000000000000e+04,1.137500000000000000e+04,1.075000000000000000e+04,1.125000000000000000e+04,0.000000000000000000e+00
2.006051500000000000e+07,1.125000000000000000e+04,1.125000000000000000e+04,9.125000000000000000e+03,9.375000000000000000e+03,0.000000000000000000e+00
2.006052200000000000e+07,9.375000000000000000e+03,9.825000000000000000e+03,9.156250000000000000e+03,9.625000000000000000e+03,0.000000000000000000e+00
2.006052900000000000e+07,9.625000000000000000e+03,9.875000000000000000e+03,9.375000000000000000e+03,9.625000000000000000e+03,0.000000000000000000e+00
2.006060500000000000e+07,9.625000000000000000e+03,9.875000000000000000e+03,9.375000000000000000e+03,9.687500000000000000e+03,0.000000000000000000e+00
2.006061200000000000e+07,1.006250000000000000e+04,1.025000000000000000e+04,9.750000000000000000e+03,1.012500000000000000e+04,0.000000000000000000e+00
2.006061900000000000e+07,1.012500000000000000e+04,1.042500000000000000e+04,1.012500000000000000e+04,1.033750000000000000e+04,0.000000000000000000e+00
2.006062600000000000e+07,1.043750000000000000e+04,1.150000000000000000e+04,1.043750000000000000e+04,1.131250000000000000e+04,0.000000000000000000e+00
2.006070300000000000e+07,1.131250000000000000e+04,1.150000000000000000e+04,1.100000000000000000e+04,1.125000000000000000e+04,0.000000000000000000e+00
2.006071000000000000e+07,1.125000000000000000e+04,1.150000000000000000e+04,1.100000000000000000e+04,1.125000000000000000e+04,0.000000000000000000e+00
2.006071700000000000e+07,1.125000000000000000e+04,1.162500000000000000e+04,1.105000000000000000e+04,1.137500000000000000e+04,0.000000000000000000e+00
2.006072400000000000e+07,1.137500000000000000e+04,1.287500000000000000e+04,1.137500000000000000e+04,1.243750000000000000e+04,0.000000000000000000e+00
2.006073100000000000e+07,1.243750000000000000e+04,1.262500000000000000e+04,1.200000000000000000e+04,1.225000000000000000e+04,0.000000000000000000e+00
2.006080700000000000e+07,1.225000000000000000e+04,1.250000000000000000e+04,1.200000000000000000e+04,1.218750000000000000e+04,0.000000000000000000e+00
2.006081400000000000e+07,1.218750000000000000e+04,1.250000000000000000e+04,1.202500000000000000e+04,1.231250000000000000e+04,0.000000000000000000e+00
2.006082100000000000e+07,1.231250000000000000e+04,1.412500000000000000e+04,1.212500000000000000e+04,1.387500000000000000e+04,0.000000000000000000e+00
2.006082800000000000e+07,1.387500000000000000e+04,1.507500000000000000e+04,1.387500000000000000e+04,1.487500000000000000e+04,0.000000000000000000e+00
2.006090400000000000e+07,1.487500000000000000e+04,1.512500000000000000e+04,1.462500000000000000e+04,1.487500000000000000e+04,0.000000000000000000e+00
2.006091100000000000e+07,1.487500000000000000e+04,1.512500000000000000e+04,1.462500000000000000e+04,1.487500000000000000e+04,0.000000000000000000e+00
2.006091800000000000e+07,1.487500000000000000e+04,1.512500000000000000e+04,1.462500000000000000e+04,1.487500000000000000e+04,0.000000000000000000e+00
2.006092500000000000e+07,1.487500000000000000e+04,1.725000000000000000e+04,1.462500000000000000e+04,1.700000000000000000e+04,0.000000000000000000e+00
2.006100200000000000e+07,1.700000000000000000e+04,1.775000000000000000e+04,1.625000000000000000e+04,1.737500000000000000e+04,0.000000000000000000e+00
2.006100900000000000e+07,1.731250000000000000e+04,1.987500000000000000e+04,1.720000000000000000e+04,1.925000000000000000e+04,0.000000000000000000e+00
2.006101600000000000e+07,1.925000000000000000e+04,1.937500000000000000e+04,1.750000000000000000e+04,1.800000000000000000e+04,0.000000000000000000e+00
2.006102300000000000e+07,1.800000000000000000e+04,1.875000000000000000e+04,1.775000000000000000e+04,1.837500000000000000e+04,0.000000000000000000e+00
2.006103000000000000e+07,1.837500000000000000e+04,1.962500000000000000e+04,1.812500000000000000e+04,1.918750000000000000e+04,0.000000000000000000e+00
2.006110600000000000e+07,1.918750000000000000e+04,1.987500000000000000e+04,1.887500000000000000e+04,1.956250000000000000e+04,0.000000000000000000e+00
2.006111300000000000e+07,1.956250000000000000e+04,2.050000000000000000e+04,1.937500000000000000e+04,2.012500000000000000e+04,0.000000000000000000e+00
2.006112000000000000e+07,2.012500000000000000e+04,2.042500000000000000e+04,1.975000000000000000e+04,2.012500000000000000e+04,0.000000000000000000e+00
2.006112700000000000e+07,2.012500000000000000e+04,2.027500000000000000e+04,1.950000000000000000e+04,1.975000000000000000e+04,7.940000000000000000e+04
2.006120400000000000e+07,1.975000000000000000e+04,2.027500000000000000e+04,1.912500000000000000e+04,2.000000000000000000e+04,0.000000000000000000e+00
2.006121100000000000e+07,2.000000000000000000e+04,2.450000000000000000e+04,1.987500000000000000e+04,2.337500000000000000e+04,0.000000000000000000e+00
2.006121800000000000e+07,2.337500000000000000e+04,2.437500000000000000e+04,2.337500000000000000e+04,2.393750000000000000e+04,0.000000000000000000e+00
2.006122500000000000e+07,2.393750000000000000e+04,2.487500000000000000e+04,2.375000000000000000e+04,2.487500000000000000e+04,0.000000000000000000e+00
2.007010100000000000e+07,2.487500000000000000e+04,2.512500000000000000e+04,2.350000000000000000e+04,2.385000000000000000e+04,0.000000000000000000e+00
2.007010800000000000e+07,2.381250000000000000e+04,2.406469921875000000e+04,2.287500000000000000e+04,2.343750000000000000e+04,0.000000000000000000e+00
2.007011500000000000e+07,2.337500000000000000e+04,2.375000000000000000e+04,2.300000000000000000e+04,2.343750000000000000e+04,0.000000000000000000e+00
2.007012200000000000e+07,2.325000000000000000e+04,2.337500000000000000e+04,2.275000000000000000e+04,2.312500000000000000e+04,0.000000000000000000e+00
2.007012900000000000e+07,2.312500000000000000e+04,2.400000000000000000e+04,2.297500000000000000e+04,2.362500000000000000e+04,0.000000000000000000e+00
2.007020500000000000e+07,2.362500000000000000e+04,2.412500000000000000e+04,2.325000000000000000e+04,2.375000000000000000e+04,0.000000000000000000e+00
2.007021200000000000e+07,2.368750000000000000e+04,2.400000000000000000e+04,2.337500000000000000e+04,2.368750000000000000e+04,0.000000000000000000e+00
2.007021900000000000e+07,2.368750000000000000e+04,2.400000000000000000e+04,2.325000000000000000e+04,2.356250000000000000e+04,0.000000000000000000e+00
2.007022600000000000e+07,2.356250000000000000e+04,2.356250000000000000e+04,1.900000000000000000e+04,2.012500000000000000e+04,0.000000000000000000e+00
2.007030500000000000e+07,1.987500000000000000e+04,2.262500000000000000e+04,1.707500000000000000e+04,2.237500000000000000e+04,0.000000000000000000e+00
2.007031200000000000e+07,2.237500000000000000e+04,2.262500000000000000e+04,2.000000000000000000e+04,2.106250000000000000e+04,0.000000000000000000e+00
2.007031900000000000e+07,2.106250000000000000e+04,2.137500000000000000e+04,2.000000000000000000e+04,2.043750000000000000e+04,0.000000000000000000e+00
2.007032600000000000e+07,2.043750000000000000e+04,2.085000000000000000e+04,1.845000000000000000e+04,1.937500000000000000e+04,0.000000000000000000e+00
2.007040200000000000e+07,1.937500000000000000e+04,2.125000000000000000e+04,1.920000000000000000e+04,2.056250000000000000e+04,0.000000000000000000e+00
2.007040900000000000e+07,2.056250000000000000e+04,2.356250000000000000e+04,1.925000000000000000e+02,1.985000000000000000e+02,1.357600000000000000e+06
2.007041600000000000e+07,1.985000000000000000e+02,2.040000000000000000e+02,1.780000000000000000e+02,1.835000000000000000e+02,1.386400000000000000e+06
2.007042300000000000e+07,1.835000000000000000e+02,1.990000000000000000e+02,1.800000000000000000e+02,1.955000000000000000e+02,2.138000000000000000e+05
2.007043000000000000e+07,1.950000000000000000e+02,2.010000000000000000e+02,1.920000000000000000e+02,1.985000000000000000e+02,2.727000000000000000e+05
2.007050700000000000e+07,1.985000000000000000e+02,2.020000000000000000e+02,1.950000000000000000e+02,1.985000000000000000e+02,7.770000000000000000e+04
2.007051400000000000e+07,1.985000000000000000e+02,2.070000000000000000e+02,1.950000000000000000e+02,2.045000000000000000e+02,6.822000000000000000e+05
2.007052100000000000e+07,2.045000000000000000e+02,2.060000000000000000e+02,1.960000000000000000e+02,1.995000000000000000e+02,2.208000000000000000e+05
2.007052800000000000e+07,1.995000000000000000e+02,1.995000000000000000e+02,1.900000000000000000e+02,1.940000000000000000e+02,1.925000000000000000e+05
2.007060400000000000e+07,1.940000000000000000e+02,1.960000000000000000e+02,1.860000000000000000e+02,1.895000000000000000e+02,7.294000000000000000e+05
2.007061100000000000e+07,1.895000000000000000e+02,1.908999938964843750e+02,1.820000000000000000e+02,1.850000000000000000e+02,1.040000000000000000e+05
2.007061800000000000e+07,1.850000000000000000e+02,1.925000000000000000e+02,1.770000000000000000e+02,1.915000000000000000e+02,1.216000000000000000e+05
2.007062500000000000e+07,1.915000000000000000e+02,1.925000000000000000e+02,1.850000000000000000e+02,1.885000000000000000e+02,1.816000000000000000e+05
2.007070200000000000e+07,1.885000000000000000e+02,1.900000000000000000e+02,1.840000000000000000e+02,1.880000000000000000e+02,1.568000000000000000e+05
2.007070900000000000e+07,1.880000000000000000e+02,1.890000000000000000e+02,1.810000000000000000e+02,1.850000000000000000e+02,1.346000000000000000e+05
2.007071600000000000e+07,1.850000000000000000e+02,1.858000030517578125e+02,1.740000000000000000e+02,1.780000000000000000e+02,6.880000000000000000e+04
2.007072300000000000e+07,1.780000000000000000e+02,1.780000000000000000e+02,1.320000000000000000e+02,1.440000000000000000e+02,7.166000000000000000e+05
2.007073000000000000e+07,1.440000000000000000e+02,1.550000000000000000e+02,1.400000000000000000e+02,1.520000000000000000e+02,6.272000000000000000e+05
2.007080600000000000e+07,1.520000000000000000e+02,1.620000000000000000e+02,1.500000000000000000e+02,1.560000000000000000e+02,1.102600000000000000e+06
2.007081300000000000e+07,1.560000000000000000e+02,1.580000000000000000e+02,1.470000000000000000e+02,1.510000000000000000e+02,1.489000000000000000e+06
2.007082000000000000e+07,1.510000000000000000e+02,1.543000030517578125e+02,1.380000000000000000e+02,1.415000000000000000e+02,5.032000000000000000e+05
2.007082700000000000e+07,1.415000000000000000e+02,1.435000000000000000e+02,1.300000000000000000e+02,1.410000000000000000e+02,2.332000000000000000e+05
2.007090300000000000e+07,1.410000000000000000e+02,1.640000000000000000e+02,1.390000000000000000e+02,1.595000000000000000e+02,5.981000000000000000e+05
2.007091000000000000e+07,1.595000000000000000e+02,1.660000000000000000e+02,1.575000000000000000e+02,1.620000000000000000e+02,1.495000000000000000e+06
2.007091700000000000e+07,1.620000000000000000e+02,1.710000000000000000e+02,1.580000000000000000e+02,1.670000000000000000e+02,4.160000000000000000e+04
2.007092400000000000e+07,1.670000000000000000e+02,1.710000000000000000e+02,1.635709991455078125e+02,1.665000000000000000e+02,4.141000000000000000e+05
2.007100100000000000e+07,1.665000000000000000e+02,1.700000000000000000e+02,1.630000000000000000e+02,1.665000000000000000e+02,1.355000000000000000e+05
2.007100800000000000e+07,1.670000000000000000e+02,1.850000000000000000e+02,1.630000000000000000e+02,1.825000000000000000e+02,1.329000000000000000e+06
2.007101500000000000e+07,1.825000000000000000e+02,1.930000000000000000e+02,1.800000000000000000e+02,1.890000000000000000e+02,3.315900000000000000e+06
2.007102200000000000e+07,1.890000000000000000e+02,1.930000000000000000e+02,1.750000000000000000e+02,1.785000000000000000e+02,4.305000000000000000e+05
2.007102900000000000e+07,1.785000000000000000e+02,1.820000000000000000e+02,1.530000000000000000e+02,1.665000000000000000e+02,2.295000000000000000e+05
2.007110500000000000e+07,1.665000000000000000e+02,1.700000000000000000e+02,1.550000000000000000e+02,1.655000000000000000e+02,1.227000000000000000e+05
2.007111200000000000e+07,1.655000000000000000e+02,1.655000000000000000e+02,1.580000000000000000e+02,1.635000000000000000e+02,7.050000000000000000e+04
2.007111900000000000e+07,1.635000000000000000e+02,1.635000000000000000e+02,1.400000000000000000e+02,1.485000000000000000e+02,4.852000000000000000e+05
2.007112600000000000e+07,1.485000000000000000e+02,1.490000000000000000e+02,1.400000000000000000e+02,1.425000000000000000e+02,3.803000000000000000e+06
2.007120300000000000e+07,1.425000000000000000e+02,1.450000000000000000e+02,1.400000000000000000e+02,1.425000000000000000e+02,1.024000000000000000e+06
2.007121000000000000e+07,1.425000000000000000e+02,1.452500000000000000e+02,1.380000000000000000e+02,1.405000000000000000e+02,2.447000000000000000e+05
2.007121700000000000e+07,1.405000000000000000e+02,1.405000000000000000e+02,1.170000000000000000e+02,1.270000000000000000e+02,3.943000000000000000e+05
2.007122400000000000e+07,1.275000000000000000e+02,1.320000000000000000e+02,1.275000000000000000e+02,1.310000000000000000e+02,5.230000000000000000e+04
2.007123100000000000e+07,1.320000000000000000e+02,1.412500000000000000e+02,1.310000000000000000e+02,1.385000000000000000e+02,1.829200000000000000e+06
2.008010700000000000e+07,1.370000000000000000e+02,1.400000000000000000e+02,1.340000000000000000e+02,1.365000000000000000e+02,1.272100000000000000e+06
2.008011400000000000e+07,1.340000000000000000e+02,1.380000000000000000e+02,1.332500000000000000e+02,1.360000000000000000e+02,1.005900000000000000e+06
2.008012100000000000e+07,1.340000000000000000e+02,1.380000000000000000e+02,1.115000000000000000e+02,1.130000000000000000e+02,1.071500000000000000e+06
2.008012800000000000e+07,1.150000000000000000e+02,1.225000000000000000e+02,1.120000000000000000e+02,1.220000000000000000e+02,4.949000000000000000e+05
2.008020400000000000e+07,1.220000000000000000e+02,1.300000000000000000e+02,1.180000000000000000e+02,1.205000000000000000e+02,1.580000000000000000e+05
2.008021100000000000e+07,1.190000000000000000e+02,1.220000000000000000e+02,1.170000000000000000e+02,1.190000000000000000e+02,2.373000000000000000e+05
2.008021800000000000e+07,1.210000000000000000e+02,1.255000000000000000e+02,1.174000015258789062e+02,1.235000000000000000e+02,9.070000000000000000e+04
2.008022500000000000e+07,1.255000000000000000e+02,1.362500000000000000e+02,1.255000000000000000e+02,1.362500000000000000e+02,1.584000000000000000e+05
2.008030300000000000e+07,1.349000000000000057e+02,1.520000000000000000e+02,1.265000000000000000e+02,1.280000000000000000e+02,2.162700000000000000e+06
2.008031000000000000e+07,1.430000000000000000e+02,1.510000000000000000e+02,1.280000000000000000e+02,1.280000000000000000e+02,1.001000000000000000e+05
2.008031700000000000e+07,1.520000000000000000e+02,1.560000000000000000e+02,1.270000000000000000e+02,1.280000000000000000e+02,2.299000000000000000e+05
2.008032400000000000e+07,1.280000000000000000e+02,1.560000000000000000e+02,1.276600036621093750e+02,1.540000000000000000e+02,3.638000000000000000e+05
2.008033100000000000e+07,1.560000000000000000e+02,1.610000000000000000e+02,1.400000000000000000e+02,1.475000000000000000e+02,1.678980000000000000e+07
2.008040700000000000e+07,1.490000000000000000e+02,1.490000000000000000e+02,1.399499969482421875e+02,1.455000000000000000e+02,8.410000000000000000e+04
2.008041400000000000e+07,1.430000000000000000e+02,1.470000000000000000e+02,1.390000000000000000e+02,1.410000000000000000e+02,1.200000000000000000e+05
2.008042100000000000e+07,1.395000000000000000e+02,1.477500000000000000e+02,1.360000000000000000e+02,1.477500000000000000e+02,2.782000000000000000e+05
2.008042800000000000e+07,1.470000000000000000e+02,1.640000000000000000e+02,1.440000000000000000e+02,1.540000000000000000e+02,4.096000000000000000e+05
2.008050500000000000e+07,1.540000000000000000e+02,1.660000000000000000e+02,1.460000000000000000e+02,1.472500000000000000e+02,2.419000000000000000e+05
2.008051200000000000e+07,1.460000000000000000e+02,1.692500000000000000e+02,1.460000000000000000e+02,1.692500000000000000e+02,8.593000000000000000e+05
2.008051900000000000e+07,1.695000000000000000e+02,1.760000000000000000e+02,1.685000000000000000e+02,1.747500000000000000e+02,7.739000000000000000e+05
2.008052600000000000e+07,1.747500000000000000e+02,1.761499938964843750e+02,1.700000000000000000e+02,1.710000000000000000e+02,5.760000000000000000e+05
2.008060200000000000e+07,1.700000000000000000e+02,1.718000030517578125e+02,1.550000000000000000e+02,1.602500000000000000e+02,9.500000000000000000e+04
2.008060900000000000e+07,1.585000000000000000e+02,1.638359985351562500e+02,1.560000000000000000e+02,1.607500000000000000e+02,1.008000000000000000e+05
2.008061600000000000e+07,1.638360000000000127e+02,1.640000000000000000e+02,1.580000000000000000e+02,1.587500000000000000e+02,4.620000000000000000e+04
2.008062300000000000e+07,1.585000000000000000e+02,1.600000000000000000e+02,1.401900024414062500e+02,1.450000000000000000e+02,1.364000000000000000e+06
2.008063000000000000e+07,1.470000000000000000e+02,1.480000000000000000e+02,1.380000000000000000e+02,1.405000000000000000e+02,2.605000000000000000e+05
2.008070700000000000e+07,1.420000000000000000e+02,1.435000000000000000e+02,1.320000000000000000e+02,1.340000000000000000e+02,2.919000000000000000e+05
2.008071400000000000e+07,1.360000000000000000e+02,1.370000000000000000e+02,1.180199966430664062e+02,1.297500000000000000e+02,2.055000000000000000e+05
2.008072100000000000e+07,1.315000000000000000e+02,1.330000000000000000e+02,1.271500015258789062e+02,1.297500000000000000e+02,4.323000000000000000e+05
2.008072800000000000e+07,1.317500000000000000e+02,1.330000000000000000e+02,1.230000000000000000e+02,1.242500000000000000e+02,5.029000000000000000e+05
2.008080400000000000e+07,1.255000000000000000e+02,1.255000000000000000e+02,1.090000000000000000e+02,1.097500000000000000e+02,6.589000000000000000e+05
2.008081100000000000e+07,1.120000000000000000e+02,1.140000000000000000e+02,8.800000000000000000e+01,8.850000000000000000e+01,1.693800000000000000e+06
2.008081800000000000e+07,8.900000000000000000e+01,8.955000305175781250e+01,6.416000366210937500e+01,7.400000000000000000e+01,7.043300000000000000e+06
2.008082500000000000e+07,7.400000000000000000e+01,8.475000000000000000e+01,7.340000152587890625e+01,7.600000000000000000e+01,6.656000000000000000e+05
2.008090100000000000e+07,7.600000000000000000e+01,7.750000000000000000e+01,6.500000000000000000e+01,7.300000000000000000e+01,7.418000000000000000e+05
2.008090800000000000e+07,7.300000000000000000e+01,8.680000305175781250e+01,6.900000000000000000e+01,8.500000000000000000e+01,3.947400000000000000e+06
2.008091500000000000e+07,8.500000000000000000e+01,8.790000152587890625e+01,6.800000000000000000e+01,7.175000000000000000e+01,1.410300000000000000e+06
2.008092200000000000e+07,7.050000000000000000e+01,7.350000000000000000e+01,6.000000000000000000e+01,6.200000000000000000e+01,1.984000000000000000e+06
2.008092900000000000e+07,6.000000000000000000e+01,6.200000000000000000e+01,5.200000000000000000e+01,5.625000000000000000e+01,3.001900000000000000e+06
2.008100600000000000e+07,5.800000000000000000e+01,5.850000000000000000e+01,4.200000000000000000e+01,4.375000000000000000e+01,2.397300000000000000e+06
2.008101300000000000e+07,4.625000000000000000e+01,7.650000000000000000e+01,4.625000000000000000e+01,7.525000000000000000e+01,1.649100000000000000e+06
2.008102000000000000e+07,7.650000000000000000e+01,8.600000000000000000e+01,6.401000213623046875e+01,7.450000000000000000e+01,1.504300000000000000e+06
2.008102700000000000e+07,7.000000000000000000e+01,8.700000000000000000e+01,6.150000000000000000e+01,7.800000000000000000e+01,3.371100000000000000e+06
2.008110300000000000e+07,7.800000000000000000e+01,8.083000183105468750e+01,7.400000000000000000e+01,7.925000000000000000e+01,1.125000000000000000e+05
2.008111000000000000e+07,8.000000000000000000e+01,8.597000122070312500e+01,7.500000000000000000e+01,7.600000000000000000e+01,9.454000000000000000e+05
2.008111700000000000e+07,7.425000000000000000e+01,7.500000000000000000e+01,6.850000000000000000e+01,7.225000000000000000e+01,9.745000000000000000e+05
2.008112400000000000e+07,7.340000000000000568e+01,7.340000152587890625e+01,7.000000000000000000e+01,7.275000000000000000e+01,1.127000000000000000e+05
2.008120100000000000e+07,7.125000000000000000e+01,7.400000000000000000e+01,6.700000000000000000e+01,7.400000000000000000e+01,1.003000000000000000e+05
2.008120800000000000e+07,7.425000000000000000e+01,7.425000000000000000e+01,7.100000000000000000e+01,7.300000000000000000e+01,5.179000000000000000e+05
2.008121500000000000e+07,7.100000000000000000e+01,7.400000000000000000e+01,6.800000000000000000e+01,7.350000000000000000e+01,3.366000000000000000e+05
2.008122200000000000e+07,7.300000000000000000e+01,8.100000000000000000e+01,7.300000000000000000e+01,8.050000000000000000e+01,1.586000000000000000e+05
2.008122900000000000e+07,8.100000000000000000e+01,9.300000000000000000e+01,8.100000000000000000e+01,9.000000000000000000e+01,1.021000000000000000e+05
2.009010500000000000e+07,9.100000000000000000e+01,9.509999847412109375e+01,8.475000000000000000e+01,8.550000000000000000e+01,9.170000000000000000e+04
2.009011200000000000e+07,8.700000000000000000e+01,8.700000000000000000e+01,6.801999664306640625e+01,7.200000000000000000e+01,7.203000000000000000e+05
2.009011900000000000e+07,7.450000000000000000e+01,8.000000000000000000e+01,6.700000000000000000e+01,6.900000000000000000e+01,9.260000000000000000e+04
2.009012600000000000e+07,7.200000000000000000e+01,7.200000000000000000e+01,6.800000000000000000e+01,7.100000000000000000e+01,1.030900000000000000e+06
2.009020200000000000e+07,7.000000000000000000e+01,7.100000000000000000e+01,3.026000022888183594e+01,3.750000000000000000e+01,1.022040000000000000e+07
2.009020900000000000e+07,3.700000000000000000e+01,4.000000000000000000e+01,3.409999847412109375e+01,3.700000000000000000e+01,1.658900000000000000e+06
2.009021600000000000e+07,3.700000000000000000e+01,3.731299972534179688e+01,2.850000000000000000e+01,3.050000000000000000e+01,8.778000000000000000e+05
2.009022300000000000e+07,3.050000000000000000e+01,4.175000000000000000e+01,2.950000000000000000e+01,4.075000000000000000e+01,9.428000000000000000e+05
2.009030200000000000e+07,4.000000000000000000e+01,4.025000000000000000e+01,2.850000000000000000e+01,2.975000000000000000e+01,6.063000000000000000e+05
2.009030900000000000e+07,3.050000000000000000e+01,3.550000000000000000e+01,2.950000000000000000e+01,3.450000000000000000e+01,6.327000000000000000e+05
2.009031600000000000e+07,3.525000000000000000e+01,3.664699935913085938e+01,3.325000000000000000e+01,3.450000000000000000e+01,4.061000000000000000e+05
2.009032300000000000e+07,3.450000000000000000e+01,3.900000000000000000e+01,3.391899871826171875e+01,3.800000000000000000e+01,5.349000000000000000e+05
2.009033000000000000e+07,3.700000000000000000e+01,3.800000000000000000e+01,3.350000000000000000e+01,3.600000000000000000e+01,1.023400000000000000e+06
2.009040600000000000e+07,3.700000000000000000e+01,4.000000000000000000e+01,3.450000000000000000e+01,3.825000000000000000e+01,2.654000000000000000e+06
2.009041300000000000e+07,3.825000000000000000e+01,4.384999847412109375e+01,3.800000000000000000e+01,4.300000000000000000e+01,2.674000000000000000e+05
2.009042000000000000e+07,4.250000000000000000e+01,4.815000152587890625e+01,4.187500000000000000e+01,4.700000000000000000e+01,1.039600000000000000e+06
2.009042700000000000e+07,4.600000000000000000e+01,5.237500000000000000e+01,4.450000000000000000e+01,5.175000000000000000e+01,3.618000000000000000e+05
2.009050400000000000e+07,5.175000000000000000e+01,5.700000000000000000e+01,5.175000000000000000e+01,5.700000000000000000e+01,1.397800000000000000e+06
2.009051100000000000e+07,5.800000000000000000e+01,6.000000000000000000e+01,4.800000000000000000e+01,5.850000000000000000e+01,2.623200000000000000e+06
2.009051800000000000e+07,5.700000000000000000e+01,7.100000000000000000e+01,5.700000000000000000e+01,6.450000000000000000e+01,2.482000000000000000e+06
2.009052500000000000e+07,6.450000000000000000e+01,6.525000000000000000e+01,5.800000000000000000e+01,6.050000000000000000e+01,1.100000000000000000e+05
2.009060100000000000e+07,5.903000000000000114e+01,6.095000076293945312e+01,5.050000000000000000e+01,5.475000000000000000e+01,1.382800000000000000e+06
2.009060800000000000e+07,5.500000000000000000e+01,6.100000000000000000e+01,5.400000000000000000e+01,5.975000000000000000e+01,7.842000000000000000e+05
2.009061500000000000e+07,6.100000000000000000e+01,6.200000000000000000e+01,5.462500000000000000e+01,5.625000000000000000e+01,1.987000000000000000e+05
2.009062200000000000e+07,5.500000000000000000e+01,5.711999893188476562e+01,5.253499984741210938e+01,5.425000000000000000e+01,1.250000000000000000e+05
2.009062900000000000e+07,5.302499999999999858e+01,5.425000000000000000e+01,5.159999847412109375e+01,5.300000000000000000e+01,4.610000000000000000e+04
2.009070600000000000e+07,5.100000000000000000e+01,5.384999847412109375e+01,5.000000000000000000e+01,5.225000000000000000e+01,9.630000000000000000e+04
2.009071300000000000e+07,5.400000000000000000e+01,5.400000000000000000e+01,5.000000000000000000e+01,5.150000000000000000e+01,1.711300000000000000e+06
2.009072000000000000e+07,5.200000000000000000e+01,5.400000000000000000e+01,5.000000000000000000e+01,5.100000000000000000e+01,1.148000000000000000e+05
2.009072700000000000e+07,5.150000000000000000e+01,5.200000000000000000e+01,5.000000000000000000e+01,5.200000000000000000e+01,1.340000000000000000e+05
2.009080300000000000e+07,5.300000000000000000e+01,5.700000000000000000e+01,5.100000000000000000e+01,5.100000000000000000e+01,1.441800000000000000e+06
2.009081000000000000e+07,5.150000000000000000e+01,5.190000152587890625e+01,4.900000000000000000e+01,5.050000000000000000e+01,1.190000000000000000e+04
2.009081700000000000e+07,5.050000000000000000e+01,5.225000000000000000e+01,4.700000000000000000e+01,5.150000000000000000e+01,7.500000000000000000e+03
2.009082400000000000e+07,5.150000000000000000e+01,5.420000076293945312e+01,5.029999923706054688e+01,5.300000000000000000e+01,0.000000000000000000e+00
2.009083100000000000e+07,5.300000000000000000e+01,5.400000000000000000e+01,5.200000000000000000e+01,5.275000000000000000e+01,0.000000000000000000e+00
2.009090700000000000e+07,5.325000000000000000e+01,5.325000000000000000e+01,5.000000000000000000e+01,5.150000000000000000e+01,0.000000000000000000e+00
2.009091400000000000e+07,5.150000000000000000e+01,5.172499847412109375e+01,4.925000000000000000e+01,5.000000000000000000e+01,0.000000000000000000e+00
2.009092100000000000e+07,5.000000000000000000e+01,5.050000000000000000e+01,4.875000000000000000e+01,5.000000000000000000e+01,0.000000000000000000e+00
2.009092800000000000e+07,5.000000000000000000e+01,5.020000076293945312e+01,4.600000000000000000e+01,4.850000000000000000e+01,0.000000000000000000e+00
2.009100500000000000e+07,4.850000000000000000e+01,5.025000000000000000e+01,4.775000000000000000e+01,4.925000000000000000e+01,0.000000000000000000e+00
2.009101200000000000e+07,5.075000000000000000e+01,5.150000000000000000e+01,4.850000000000000000e+01,5.025000000000000000e+01,0.000000000000000000e+00
2.009101900000000000e+07,4.939999999999999858e+01,5.150000000000000000e+01,4.850000000000000000e+01,5.050000000000000000e+01,1.652000000000000000e+05
2.009102600000000000e+07,5.050000000000000000e+01,5.200000000000000000e+01,4.947999954223632812e+01,5.100000000000000000e+01,2.466000000000000000e+05
2.009110200000000000e+07,5.100000000000000000e+01,5.145000076293945312e+01,5.000000000000000000e+01,5.100000000000000000e+01,1.605000000000000000e+05
2.009110900000000000e+07,5.100000000000000000e+01,5.200000000000000000e+01,4.915000152587890625e+01,5.050000000000000000e+01,1.913000000000000000e+05
2.009111600000000000e+07,5.050000000000000000e+01,5.157500076293945312e+01,5.000000000000000000e+01,5.100000000000000000e+01,1.401000000000000000e+05
2.009112300000000000e+07,5.100000000000000000e+01,5.200000000000000000e+01,5.000000000000000000e+01,5.100000000000000000e+01,2.308000000000000000e+05
2.009113000000000000e+07,5.100000000000000000e+01,5.200000000000000000e+01,5.020000076293945312e+01,5.100000000000000000e+01,1.528000000000000000e+05
2.009120700000000000e+07,5.100000000000000000e+01,5.100000000000000000e+01,4.700000000000000000e+01,4.700000000000000000e+01,1.041000000000000000e+05
2.009121400000000000e+07,4.650000000000000000e+01,4.700000000000000000e+01,4.309999847412109375e+01,4.600000000000000000e+01,2.882000000000000000e+05
2.009122100000000000e+07,4.600000000000000000e+01,4.674000167846679688e+01,4.200000000000000000e+01,4.400000000000000000e+01,7.920000000000000000e+04
2.009122800000000000e+07,4.400000000000000000e+01,4.400000000000000000e+01,4.200000000000000000e+01,4.250000000000000000e+01,3.320000000000000000e+04
2.010010400000000000e+07,4.250000000000000000e+01,4.387500000000000000e+01,4.000000000000000000e+01,4.050000000000000000e+01,9.396000000000000000e+05
2.010011100000000000e+07,4.050000000000000000e+01,4.100000000000000000e+01,3.800000000000000000e+01,3.800000000000000000e+01,6.319000000000000000e+05
2.010011800000000000e+07,3.800000000000000000e+01,3.898500061035156250e+01,3.500000000000000000e+01,3.825000000000000000e+01,2.378560000000000000e+07
2.010012500000000000e+07,3.825000000000000000e+01,3.979499816894531250e+01,3.776200103759765625e+01,3.900000000000000000e+01,1.627000000000000000e+05
2.010020100000000000e+07,3.900000000000000000e+01,4.200000000000000000e+01,3.875000000000000000e+01,4.075000000000000000e+01,3.594000000000000000e+05
2.010020800000000000e+07,4.125000000000000000e+01,4.300000000000000000e+01,4.025000000000000000e+01,4.200000000000000000e+01,1.018800000000000000e+06
2.010021500000000000e+07,4.250000000000000000e+01,4.300000000000000000e+01,4.225000000000000000e+01,4.275000000000000000e+01,1.299000000000000000e+05
2.010022200000000000e+07,4.275000000000000000e+01,4.296300125122070312e+01,4.232500076293945312e+01,4.275000000000000000e+01,3.380000000000000000e+04
2.010030100000000000e+07,4.275000000000000000e+01,4.450000000000000000e+01,4.200000000000000000e+01,4.450000000000000000e+01,6.180000000000000000e+04
2.010030800000000000e+07,4.300000000000000000e+01,4.404399871826171875e+01,4.050000000000000000e+01,4.175000000000000000e+01,9.241000000000000000e+05
2.010031500000000000e+07,4.175000000000000000e+01,4.350000000000000000e+01,3.950000000000000000e+01,4.100000000000000000e+01,1.604000000000000000e+05
2.010032200000000000e+07,4.100000000000000000e+01,4.100000000000000000e+01,3.800000000000000000e+01,3.975000000000000000e+01,8.120000000000000000e+04
2.010032900000000000e+07,3.975000000000000000e+01,4.000000000000000000e+01,3.800000000000000000e+01,3.875000000000000000e+01,3.862000000000000000e+05
2.010040500000000000e+07,3.875000000000000000e+01,3.931999969482421875e+01,3.790000152587890625e+01,3.875000000000000000e+01,1.169600000000000000e+06
2.010041200000000000e+07,3.825000000000000000e+01,4.050600051879882812e+01,3.575000000000000000e+01,3.975000000000000000e+01,2.788000000000000000e+06
2.010041900000000000e+07,3.975000000000000000e+01,4.767900085449218750e+01,3.968000030517578125e+01,4.400000000000000000e+01,3.879000000000000000e+05
2.010042600000000000e+07,4.400000000000000000e+01,4.540000152587890625e+01,4.309999847412109375e+01,4.450000000000000000e+01,8.501000000000000000e+05
2.010050300000000000e+07,4.450000000000000000e+01,4.450000000000000000e+01,3.875000000000000000e+01,3.950000000000000000e+01,1.861000000000000000e+05
2.010051000000000000e+07,3.975000000000000000e+01,4.100000000000000000e+01,3.966500091552734375e+01,4.025000000000000000e+01,1.121600000000000000e+06
2.010051700000000000e+07,4.000000000000000000e+01,4.050000000000000000e+01,3.900000000000000000e+01,3.925000000000000000e+01,5.551000000000000000e+05
2.010052400000000000e+07,3.925000000000000000e+01,4.000000000000000000e+01,3.850000000000000000e+01,3.900000000000000000e+01,1.488000000000000000e+05
2.010053100000000000e+07,3.900000000000000000e+01,3.925000000000000000e+01,3.859999847412109375e+01,3.900000000000000000e+01,4.660000000000000000e+04
2.010060700000000000e+07,3.900000000000000000e+01,3.925000000000000000e+01,3.850000000000000000e+01,3.900000000000000000e+01,1.198200000000000000e+06
2.010061400000000000e+07,3.900000000000000000e+01,3.900000000000000000e+01,3.850000000000000000e+01,3.900000000000000000e+01,6.430000000000000000e+04
2.010062100000000000e+07,3.900000000000000000e+01,3.950000000000000000e+01,3.872900009155273438e+01,3.925000000000000000e+01,1.290500000000000000e+06
2.010062800000000000e+07,3.925000000000000000e+01,4.100000000000000000e+01,3.850000000000000000e+01,3.950000000000000000e+01,5.304000000000000000e+05
2.010070500000000000e+07,3.925000000000000000e+01,4.000000000000000000e+01,3.881499862670898438e+01,3.950000000000000000e+01,1.169300000000000000e+06
2.010071200000000000e+07,3.950000000000000000e+01,4.000000000000000000e+01,3.900000000000000000e+01,3.950000000000000000e+01,2.151000000000000000e+05
2.010071900000000000e+07,3.950000000000000000e+01,4.000000000000000000e+01,3.904999923706054688e+01,3.950000000000000000e+01,2.038000000000000000e+05
2.010072600000000000e+07,3.950000000000000000e+01,3.950000000000000000e+01,3.872900009155273438e+01,3.925000000000000000e+01,8.597000000000000000e+05
2.010080200000000000e+07,3.950000000000000000e+01,3.988000106811523438e+01,3.921300125122070312e+01,3.950000000000000000e+01,1.143900000000000000e+06
2.010080900000000000e+07,3.950000000000000000e+01,3.997499847412109375e+01,3.900000000000000000e+01,3.975000000000000000e+01,3.262900000000000000e+06
2.010081600000000000e+07,3.975000000000000000e+01,3.994499969482421875e+01,3.900000000000000000e+01,3.950000000000000000e+01,7.290000000000000000e+04
2.010082300000000000e+07,3.950000000000000000e+01,3.950000000000000000e+01,3.900000000000000000e+01,3.950000000000000000e+01,1.040200000000000000e+06
2.010083000000000000e+07,3.950000000000000000e+01,4.000000000000000000e+01,3.850000000000000000e+01,3.975000000000000000e+01,2.261300000000000000e+06
2.010090600000000000e+07,3.900000000000000000e+01,4.000000000000000000e+01,3.896500015258789062e+01,3.925000000000000000e+01,5.950000000000000000e+05
2.010091300000000000e+07,3.925000000000000000e+01,3.975000000000000000e+01,3.750000000000000000e+01,3.825000000000000000e+01,8.860000000000000000e+04
2.010092000000000000e+07,3.825000000000000000e+01,3.850000000000000000e+01,3.600000000000000000e+01,3.675000000000000000e+01,2.390000000000000000e+05
2.010092700000000000e+07,3.675000000000000000e+01,3.750000000000000000e+01,3.600000000000000000e+01,3.675000000000000000e+01,2.554200000000000000e+06
2.010100400000000000e+07,3.675000000000000000e+01,3.700000000000000000e+01,3.600000000000000000e+01,3.650000000000000000e+01,3.616700000000000000e+06
2.010101100000000000e+07,3.650000000000000000e+01,4.250000000000000000e+01,3.590000152587890625e+01,4.100000000000000000e+01,4.523100000000000000e+06
2.010101800000000000e+07,4.100000000000000000e+01,4.150000000000000000e+01,4.055500030517578125e+01,4.100000000000000000e+01,2.916400000000000000e+06
2.010102500000000000e+07,4.050000000000000000e+01,4.197000122070312500e+01,4.025000000000000000e+01,4.100000000000000000e+01,1.940000000000000000e+05
2.010110100000000000e+07,4.100000000000000000e+01,4.500000000000000000e+01,4.072000122070312500e+01,4.325000000000000000e+01,4.869000000000000000e+05
2.010110800000000000e+07,4.325000000000000000e+01,4.637500000000000000e+01,4.309999847412109375e+01,4.500000000000000000e+01,6.913000000000000000e+05
2.010111500000000000e+07,4.500000000000000000e+01,4.600000000000000000e+01,4.470000076293945312e+01,4.575000000000000000e+01,6.756000000000000000e+05
2.010112200000000000e+07,4.575000000000000000e+01,4.600000000000000000e+01,4.550000000000000000e+01,4.575000000000000000e+01,5.692000000000000000e+05
2.010112900000000000e+07,4.575000000000000000e+01,4.575000000000000000e+01,4.429999923706054688e+01,4.450000000000000000e+01,4.364000000000000000e+05
2.010120600000000000e+07,4.450000000000000000e+01,4.600000000000000000e+01,3.950000000000000000e+01,4.295000000000000284e+01,2.156000000000000000e+05
2.010121300000000000e+07,4.300000000000000000e+01,4.400000000000000000e+01,4.200000000000000000e+01,4.300000000000000000e+01,1.567000000000000000e+05
2.010122000000000000e+07,4.300000000000000000e+01,4.500000000000000000e+01,4.200000000000000000e+01,4.450000000000000000e+01,1.837000000000000000e+05
2.010122700000000000e+07,4.450000000000000000e+01,4.500000000000000000e+01,4.399399948120117188e+01,4.425000000000000000e+01,7.960000000000000000e+04
2.011011000000000000e+07,4.550000000000000000e+01,5.300000000000000000e+01,4.459999847412109375e+01,5.275000000000000000e+01,4.990000000000000000e+05
2.011011700000000000e+07,5.275000000000000000e+01,5.300000000000000000e+01,5.200000000000000000e+01,5.200000000000000000e+01,2.007000000000000000e+05
2.011012400000000000e+07,5.275000000000000000e+01,5.300000000000000000e+01,4.900000000000000000e+01,4.950000000000000000e+01,3.761000000000000000e+05
2.011013100000000000e+07,4.950000000000000000e+01,5.100000000000000000e+01,4.950000000000000000e+01,5.025000000000000000e+01,7.170000000000000000e+04
2.011020700000000000e+07,5.025000000000000000e+01,5.174800109863281250e+01,4.925000000000000000e+01,5.050000000000000000e+01,2.531000000000000000e+05
2.011021400000000000e+07,5.045000000000000284e+01,5.175000000000000000e+01,4.925000000000000000e+01,5.050000000000000000e+01,1.309000000000000000e+05
2.011022100000000000e+07,5.045000000000000284e+01,5.100000000000000000e+01,4.975000000000000000e+01,5.012500000000000000e+01,1.286000000000000000e+05
2.011022800000000000e+07,5.100000000000000000e+01,5.200000000000000000e+01,4.900000000000000000e+01,5.125000000000000000e+01,2.734000000000000000e+05
2.011030700000000000e+07,5.200000000000000000e+01,5.350000000000000000e+01,5.175000000000000000e+01,5.287500000000000000e+01,1.327000000000000000e+05
2.011031400000000000e+07,5.265999999999999659e+01,5.265999984741210938e+01,5.100000000000000000e+01,5.162500000000000000e+01,8.490000000000000000e+04
2.011032100000000000e+07,5.100000000000000000e+01,5.200000000000000000e+01,4.950000000000000000e+01,5.075000000000000000e+01,1.392600000000000000e+06
2.011032800000000000e+07,5.116700000000000159e+01,5.200000000000000000e+01,4.950000000000000000e+01,5.075000000000000000e+01,2.276000000000000000e+05
2.011040400000000000e+07,5.039999999999999858e+01,5.400000000000000000e+01,5.000000000000000000e+01,5.300000000000000000e+01,5.305000000000000000e+05
2.011041100000000000e+07,5.600000000000000000e+01,5.990000152587890625e+01,5.400000000000000000e+01,5.850000000000000000e+01,2.130300000000000000e+06
2.011041800000000000e+07,5.860000000000000142e+01,5.859999847412109375e+01,5.700000000000000000e+01,5.750000000000000000e+01,4.335000000000000000e+05
2.011050900000000000e+07,5.710000000000000142e+01,5.775000000000000000e+01,5.375000000000000000e+01,5.512500000000000000e+01,3.658000000000000000e+05
2.011051600000000000e+07,5.570000000000000284e+01,5.625000000000000000e+01,5.400000000000000000e+01,5.475000000000000000e+01,3.578000000000000000e+05
2.011052300000000000e+07,5.400000000000000000e+01,5.525000000000000000e+01,5.400000000000000000e+01,5.462500000000000000e+01,1.097000000000000000e+05
2.011060600000000000e+07,5.443999999999999773e+01,5.465000152587890625e+01,4.900000000000000000e+01,5.162500000000000000e+01,3.183000000000000000e+05
2.011061300000000000e+07,5.210000000000000142e+01,5.300000000000000000e+01,5.200000000000000000e+01,5.250000000000000000e+01,7.600000000000000000e+04
2.011062000000000000e+07,5.329999999999999716e+01,5.500000000000000000e+01,5.300000000000000000e+01,5.400000000000000000e+01,6.064000000000000000e+05
2.011062700000000000e+07,5.500000000000000000e+01,5.600000000000000000e+01,5.400000000000000000e+01,5.475000000000000000e+01,1.944000000000000000e+05
2.011070400000000000e+07,5.600000000000000000e+01,6.658000183105468750e+01,5.600000000000000000e+01,6.450000000000000000e+01,3.669000000000000000e+05
2.011071100000000000e+07,6.525000000000000000e+01,6.525000000000000000e+01,6.100000000000000000e+01,6.275000000000000000e+01,2.137000000000000000e+05
2.011071800000000000e+07,6.214999999999999858e+01,6.300000000000000000e+01,6.050000000000000000e+01,6.100000000000000000e+01,1.109000000000000000e+05
2.011072500000000000e+07,6.100000000000000000e+01,6.179199981689453125e+01,5.900000000000000000e+01,6.000000000000000000e+01,9.490000000000000000e+04
2.011080100000000000e+07,6.029999999999999716e+01,6.029999923706054688e+01,5.300000000000000000e+01,5.537500000000000000e+01,1.516000000000000000e+05
2.011080800000000000e+07,5.400000000000000000e+01,5.400000000000000000e+01,4.700000000000000000e+01,5.087500000000000000e+01,2.999000000000000000e+05
2.011081500000000000e+07,5.043800000000000239e+01,5.154999923706054688e+01,5.000000000000000000e+01,5.025000000000000000e+01,2.660000000000000000e+05
2.011082200000000000e+07,4.950000000000000000e+01,4.950000000000000000e+01,4.640000152587890625e+01,4.825000000000000000e+01,6.910000000000000000e+04
2.011090500000000000e+07,4.764999999999999858e+01,4.765000152587890625e+01,4.545000076293945312e+01,4.712500000000000000e+01,1.717000000000000000e+05
2.011091200000000000e+07,4.550000000000000000e+01,4.712500000000000000e+01,4.550000000000000000e+01,4.712500000000000000e+01,5.960000000000000000e+04
2.011091900000000000e+07,4.550000000000000000e+01,4.712500000000000000e+01,4.209999847412109375e+01,4.375000000000000000e+01,4.661000000000000000e+05
2.011092600000000000e+07,4.420000000000000284e+01,4.500000000000000000e+01,4.272700119018554688e+01,4.500000000000000000e+01,1.637000000000000000e+05
2.011100300000000000e+07,4.570000000000000284e+01,4.700000000000000000e+01,4.300000000000000000e+01,4.400000000000000000e+01,8.830000000000000000e+04
2.011101000000000000e+07,4.500000000000000000e+01,5.241899871826171875e+01,4.200000000000000000e+01,4.750000000000000000e+01,1.270800000000000000e+06
2.011101700000000000e+07,4.867000000000000171e+01,4.866999816894531250e+01,4.600000000000000000e+01,4.725000000000000000e+01,1.246600000000000000e+06
2.011102400000000000e+07,4.702700000000000102e+01,5.300000000000000000e+01,4.675000000000000000e+01,5.137500000000000000e+01,3.381000000000000000e+05
2.011103100000000000e+07,5.137500000000000000e+01,5.200000000000000000e+01,4.800000000000000000e+01,4.950000000000000000e+01,2.486000000000000000e+05
2.011110700000000000e+07,4.850000000000000000e+01,4.950000000000000000e+01,4.711600112915039062e+01,4.900000000000000000e+01,6.260000000000000000e+04
2.011111400000000000e+07,4.850000000000000000e+01,4.950000000000000000e+01,4.800000000000000000e+01,4.900000000000000000e+01,2.441000000000000000e+05
2.011112100000000000e+07,4.900000000000000000e+01,4.962500000000000000e+01,4.750000000000000000e+01,4.850000000000000000e+01,7.571000000000000000e+05
2.011112800000000000e+07,4.850000000000000000e+01,4.900000000000000000e+01,4.800000000000000000e+01,4.850000000000000000e+01,4.160000000000000000e+04
2.011120500000000000e+07,4.810000000000000142e+01,4.869699859619140625e+01,4.800000000000000000e+01,4.850000000000000000e+01,2.482000000000000000e+05
2.011121200000000000e+07,4.810999999999999943e+01,4.890000152587890625e+01,4.750000000000000000e+01,4.787500000000000000e+01,3.261000000000000000e+05
2.011121900000000000e+07,4.831300000000000239e+01,4.831299972534179688e+01,4.650000000000000000e+01,4.775000000000000000e+01,2.998000000000000000e+05
2.011122600000000000e+07,4.775000000000000000e+01,4.775000000000000000e+01,4.606100082397460938e+01,4.675000000000000000e+01,3.800000000000000000e+03
2.012010200000000000e+07,4.675000000000000000e+01,4.724000167846679688e+01,4.375000000000000000e+01,4.500000000000000000e+01,1.625900000000000000e+06
2.012010900000000000e+07,4.520000000000000284e+01,4.800000000000000000e+01,4.350000000000000000e+01,4.800000000000000000e+01,1.351000000000000000e+05
2.012011600000000000e+07,4.850000000000000000e+01,5.325000000000000000e+01,4.800000000000000000e+01,5.175000000000000000e+01,5.684000000000000000e+05
2.012012300000000000e+07,5.164999999999999858e+01,5.409999847412109375e+01,5.165000152587890625e+01,5.300000000000000000e+01,2.888000000000000000e+05
2.012013000000000000e+07,5.300000000000000000e+01,5.600000000000000000e+01,5.300000000000000000e+01,5.525000000000000000e+01,4.768000000000000000e+05
2.012020600000000000e+07,5.587500000000000000e+01,6.200000000000000000e+01,5.400000000000000000e+01,6.200000000000000000e+01,1.592300000000000000e+06
2.012021300000000000e+07,6.300000000000000000e+01,6.800000000000000000e+01,6.100000000000000000e+01,6.650000000000000000e+01,1.011100000000000000e+06
2.012022000000000000e+07,6.612500000000000000e+01,7.700000000000000000e+01,6.600000000000000000e+01,7.200000000000000000e+01,1.535900000000000000e+06
2.012022700000000000e+07,7.300000000000000000e+01,7.400000000000000000e+01,6.600000000000000000e+01,6.800000000000000000e+01,1.597000000000000000e+05
2.012030500000000000e+07,6.650000000000000000e+01,7.700000000000000000e+01,6.600000000000000000e+01,7.350000000000000000e+01,5.880000000000000000e+05
2.012031200000000000e+07,7.500000000000000000e+01,7.500000000000000000e+01,7.100000000000000000e+01,7.250000000000000000e+01,1.195000000000000000e+05
2.012031900000000000e+07,7.150000000000000000e+01,7.200000000000000000e+01,6.450000000000000000e+01,6.575000000000000000e+01,5.401000000000000000e+05
2.012032600000000000e+07,6.450000000000000000e+01,7.050000000000000000e+01,6.450000000000000000e+01,6.775000000000000000e+01,2.148600000000000000e+06
2.012040200000000000e+07,6.900000000000000000e+01,6.900000000000000000e+01,6.500000000000000000e+01,6.725000000000000000e+01,7.143000000000000000e+05
2.012040900000000000e+07,6.725000000000000000e+01,6.900000000000000000e+01,6.567500305175781250e+01,6.800000000000000000e+01,1.477000000000000000e+05
2.012041600000000000e+07,6.757500000000000284e+01,6.901399993896484375e+01,6.757499694824218750e+01,6.850000000000000000e+01,4.784000000000000000e+05
2.012042300000000000e+07,6.875000000000000000e+01,6.930000305175781250e+01,6.800000000000000000e+01,6.900000000000000000e+01,3.159000000000000000e+05
2.012043000000000000e+07,6.800000000000000000e+01,7.522499847412109375e+01,6.800000000000000000e+01,7.350000000000000000e+01,5.424500000000000000e+06
2.012050700000000000e+07,7.350000000000000000e+01,7.500000000000000000e+01,6.900000000000000000e+01,7.150000000000000000e+01,7.020000000000000000e+05
2.012051400000000000e+07,7.000000000000000000e+01,7.200000000000000000e+01,7.000000000000000000e+01,7.150000000000000000e+01,3.808100000000000000e+06
2.012052100000000000e+07,7.000000000000000000e+01,7.150000000000000000e+01,6.900000000000000000e+01,7.100000000000000000e+01,2.688000000000000000e+05
2.012052800000000000e+07,7.100000000000000000e+01,7.100000000000000000e+01,6.700000000000000000e+01,6.800000000000000000e+01,6.652000000000000000e+05
2.012060400000000000e+07,6.800000000000000000e+01,6.800000000000000000e+01,6.500000000000000000e+01,6.600000000000000000e+01,9.949000000000000000e+05
2.012061100000000000e+07,6.600000000000000000e+01,6.600000000000000000e+01,6.450000000000000000e+01,6.500000000000000000e+01,6.388000000000000000e+05
2.012061800000000000e+07,6.595000000000000284e+01,6.600000000000000000e+01,6.400000000000000000e+01,6.500000000000000000e+01,4.600000000000000000e+04
2.012062500000000000e+07,6.400000000000000000e+01,6.600000000000000000e+01,6.400000000000000000e+01,6.550000000000000000e+01,1.878000000000000000e+05
2.012070200000000000e+07,6.750000000000000000e+01,6.750000000000000000e+01,6.540399932861328125e+01,6.700000000000000000e+01,2.371700000000000000e+06
2.012070900000000000e+07,6.700000000000000000e+01,6.700000000000000000e+01,6.600000000000000000e+01,6.700000000000000000e+01,1.219000000000000000e+06
2.012071600000000000e+07,6.609999999999999432e+01,6.800000000000000000e+01,6.400000000000000000e+01,6.700000000000000000e+01,1.311200000000000000e+06
2.012072300000000000e+07,6.650000000000000000e+01,6.900000000000000000e+01,6.650000000000000000e+01,6.800000000000000000e+01,1.352000000000000000e+05
2.012073000000000000e+07,6.996999999999999886e+01,7.690000152587890625e+01,6.750000000000000000e+01,7.600000000000000000e+01,1.371500000000000000e+06
2.012080600000000000e+07,7.560599999999999454e+01,7.700000000000000000e+01,7.550000000000000000e+01,7.650000000000000000e+01,1.287300000000000000e+06
2.012081300000000000e+07,7.662000000000000455e+01,7.900000000000000000e+01,7.633300018310546875e+01,7.825000000000000000e+01,3.198000000000000000e+05
2.012082000000000000e+07,7.684999999999999432e+01,8.000000000000000000e+01,7.650000000000000000e+01,7.825000000000000000e+01,8.110000000000000000e+04
2.012082700000000000e+07,7.825000000000000000e+01,7.940000152587890625e+01,7.500000000000000000e+01,7.800000000000000000e+01,4.610000000000000000e+04
2.012090300000000000e+07,7.650000000000000000e+01,7.809999847412109375e+01,7.600000000000000000e+01,7.750000000000000000e+01,3.750000000000000000e+04
2.012091000000000000e+07,7.600000000000000000e+01,7.900000000000000000e+01,7.600000000000000000e+01,7.750000000000000000e+01,4.788000000000000000e+05
2.012091700000000000e+07,7.814300000000000068e+01,7.900000000000000000e+01,7.600000000000000000e+01,7.750000000000000000e+01,2.496000000000000000e+05
2.012092400000000000e+07,7.600000000000000000e+01,8.200000000000000000e+01,7.600000000000000000e+01,7.850000000000000000e+01,1.365400000000000000e+06
2.012100100000000000e+07,7.990000000000000568e+01,8.000000000000000000e+01,7.800000000000000000e+01,7.850000000000000000e+01,2.504000000000000000e+05
2.012100800000000000e+07,8.000000000000000000e+01,8.200000000000000000e+01,7.790899658203125000e+01,8.000000000000000000e+01,2.002000000000000000e+05
2.012101500000000000e+07,7.950000000000000000e+01,8.000000000000000000e+01,7.600000000000000000e+01,7.900000000000000000e+01,8.135000000000000000e+05
2.012102200000000000e+07,7.900000000000000000e+01,8.000000000000000000e+01,7.500000000000000000e+01,7.900000000000000000e+01,1.063600000000000000e+06
2.012102900000000000e+07,7.945000000000000284e+01,8.000000000000000000e+01,7.800000000000000000e+01,7.900000000000000000e+01,7.647000000000000000e+05
2.012110500000000000e+07,7.900000000000000000e+01,8.000000000000000000e+01,7.800000000000000000e+01,7.900000000000000000e+01,1.184900000000000000e+06
2.012111200000000000e+07,8.000000000000000000e+01,8.100000000000000000e+01,7.800000000000000000e+01,7.950000000000000000e+01,6.140000000000000000e+04
2.012111900000000000e+07,7.950000000000000000e+01,8.025000000000000000e+01,7.740000152587890625e+01,7.900000000000000000e+01,1.660000000000000000e+04
2.012112600000000000e+07,7.700000000000000000e+01,7.900000000000000000e+01,7.500000000000000000e+01,7.600000000000000000e+01,1.721200000000000000e+06
2.012120300000000000e+07,7.575000000000000000e+01,7.700000000000000000e+01,7.400000000000000000e+01,7.400000000000000000e+01,2.478000000000000000e+05
2.012121000000000000e+07,7.390000000000000568e+01,7.500000000000000000e+01,7.300000000000000000e+01,7.400000000000000000e+01,2.175300000000000000e+06
2.012121700000000000e+07,7.350000000000000000e+01,7.500000000000000000e+01,7.300000000000000000e+01,7.400000000000000000e+01,2.763000000000000000e+05
2.012122400000000000e+07,7.400000000000000000e+01,7.400000000000000000e+01,7.300000000000000000e+01,7.400000000000000000e+01,7.500000000000000000e+04
2.012123100000000000e+07,7.429999999999999716e+01,7.433300018310546875e+01,7.300000000000000000e+01,7.400000000000000000e+01,7.010000000000000000e+04
2.013010700000000000e+07,7.360599999999999454e+01,7.500000000000000000e+01,7.350000000000000000e+01,7.450000000000000000e+01,2.326000000000000000e+05
2.013011400000000000e+07,7.390900000000000603e+01,7.600000000000000000e+01,7.300000000000000000e+01,7.400000000000000000e+01,4.032000000000000000e+05
2.013012100000000000e+07,7.309999999999999432e+01,7.500000000000000000e+01,7.300000000000000000e+01,7.450000000000000000e+01,8.240000000000000000e+05
2.013012800000000000e+07,7.303000000000000114e+01,7.632499694824218750e+01,7.300000000000000000e+01,7.450000000000000000e+01,1.790000000000000000e+05
2.013020400000000000e+07,7.362999999999999545e+01,7.700000000000000000e+01,7.362999725341796875e+01,7.450000000000000000e+01,2.554000000000000000e+05
2.013021100000000000e+07,7.509999999999999432e+01,7.509999847412109375e+01,7.300000000000000000e+01,7.400000000000000000e+01,1.676000000000000000e+05
2.013021800000000000e+07,7.323999999999999488e+01,7.450000000000000000e+01,7.300000000000000000e+01,7.350000000000000000e+01,5.272000000000000000e+05
2.013022500000000000e+07,7.359999999999999432e+01,7.450000000000000000e+01,7.300000000000000000e+01,7.400000000000000000e+01,4.620000000000000000e+04
2.013030400000000000e+07,7.400000000000000000e+01,7.400000000000000000e+01,7.100000000000000000e+01,7.400000000000000000e+01,6.207000000000000000e+05
2.013031100000000000e+07,7.359999999999999432e+01,7.400000000000000000e+01,7.100000000000000000e+01,7.350000000000000000e+01,1.832000000000000000e+05
2.013031800000000000e+07,7.300000000000000000e+01,7.350000000000000000e+01,7.125000000000000000e+01,7.250000000000000000e+01,3.110000000000000000e+04
2.013032500000000000e+07,7.100000000000000000e+01,7.175000000000000000e+01,7.100000000000000000e+01,7.150000000000000000e+01,2.700000000000000000e+04
2.013040100000000000e+07,7.150000000000000000e+01,7.200000000000000000e+01,7.100000000000000000e+01,7.150000000000000000e+01,2.486000000000000000e+05
2.013040800000000000e+07,7.130299999999999727e+01,7.200000000000000000e+01,7.100000000000000000e+01,7.150000000000000000e+01,9.370000000000000000e+04
2.013041500000000000e+07,7.100000000000000000e+01,7.300000000000000000e+01,7.100000000000000000e+01,7.175000000000000000e+01,1.108000000000000000e+05
2.013042200000000000e+07,7.159999999999999432e+01,7.300000000000000000e+01,7.100000000000000000e+01,7.200000000000000000e+01,2.373000000000000000e+05
2.013042900000000000e+07,7.240000000000000568e+01,7.240000152587890625e+01,7.160600280761718750e+01,7.200000000000000000e+01,5.100000000000000000e+03
2.013050600000000000e+07,7.200000000000000000e+01,7.400000000000000000e+01,7.160600280761718750e+01,7.250000000000000000e+01,2.512000000000000000e+05
2.013051300000000000e+07,7.190900000000000603e+01,7.325000000000000000e+01,7.100000000000000000e+01,7.250000000000000000e+01,1.437400000000000000e+06
2.013052000000000000e+07,7.100000000000000000e+01,7.265000152587890625e+01,7.062500000000000000e+01,7.250000000000000000e+01,1.956200000000000000e+06
2.013052700000000000e+07,7.250000000000000000e+01,7.400000000000000000e+01,7.159999847412109375e+01,7.300000000000000000e+01,5.420000000000000000e+04
2.013060300000000000e+07,7.200000000000000000e+01,7.300000000000000000e+01,6.900000000000000000e+01,7.300000000000000000e+01,2.865000000000000000e+05
2.013061000000000000e+07,7.100000000000000000e+01,7.250000000000000000e+01,6.950000000000000000e+01,7.250000000000000000e+01,8.510000000000000000e+04
2.013061700000000000e+07,7.250000000000000000e+01,7.250000000000000000e+01,7.100000000000000000e+01,7.250000000000000000e+01,8.100000000000000000e+03
2.013062400000000000e+07,7.250000000000000000e+01,7.250000000000000000e+01,6.800000000000000000e+01,7.150000000000000000e+01,2.454000000000000000e+05
2.013070100000000000e+07,7.150000000000000000e+01,7.150000000000000000e+01,7.000000000000000000e+01,7.150000000000000000e+01,1.964000000000000000e+05
2.013070800000000000e+07,7.000000000000000000e+01,7.150000000000000000e+01,7.000000000000000000e+01,7.050000000000000000e+01,1.264000000000000000e+05
2.013071500000000000e+07,7.000000000000000000e+01,7.050000000000000000e+01,7.000000000000000000e+01,7.050000000000000000e+01,7.353000000000000000e+05
2.013072200000000000e+07,7.000000000000000000e+01,7.050000000000000000e+01,6.900000000000000000e+01,7.025000000000000000e+01,6.979000000000000000e+05
2.013072900000000000e+07,7.000000000000000000e+01,7.000000000000000000e+01,6.425000000000000000e+01,6.675000000000000000e+01,7.514000000000000000e+05
2.013080500000000000e+07,6.550000000000000000e+01,6.669999694824218750e+01,6.500000000000000000e+01,6.650000000000000000e+01,2.367000000000000000e+05
2.013081200000000000e+07,6.650000000000000000e+01,6.694999694824218750e+01,6.500000000000000000e+01,6.650000000000000000e+01,4.580000000000000000e+04
2.013081900000000000e+07,6.670000000000000284e+01,6.750000000000000000e+01,6.500000000000000000e+01,6.650000000000000000e+01,1.451000000000000000e+05
2.013082600000000000e+07,6.650000000000000000e+01,6.700000000000000000e+01,6.500000000000000000e+01,6.650000000000000000e+01,2.960000000000000000e+04
2.013090200000000000e+07,6.600000000000000000e+01,6.800000000000000000e+01,6.500000000000000000e+01,6.650000000000000000e+01,5.259000000000000000e+05
2.013090900000000000e+07,6.600000000000000000e+01,6.650000000000000000e+01,6.500000000000000000e+01,6.600000000000000000e+01,1.367500000000000000e+06
2.013091600000000000e+07,6.620000000000000284e+01,6.800000000000000000e+01,6.500000000000000000e+01,6.800000000000000000e+01,2.540400000000000000e+06
2.013092300000000000e+07,6.800000000000000000e+01,6.825000000000000000e+01,6.700000000000000000e+01,6.825000000000000000e+01,1.507000000000000000e+05
2.013093000000000000e+07,6.700000000000000000e+01,6.850000000000000000e+01,6.700000000000000000e+01,6.825000000000000000e+01,2.310000000000000000e+04
2.013100700000000000e+07,6.825000000000000000e+01,7.075000000000000000e+01,6.700000000000000000e+01,6.950000000000000000e+01,2.558000000000000000e+05
2.013101400000000000e+07,7.220000000000000284e+01,7.700000000000000000e+01,7.219999694824218750e+01,7.675000000000000000e+01,9.940000000000000000e+05
2.013102100000000000e+07,7.675000000000000000e+01,8.000000000000000000e+01,7.611599731445312500e+01,7.875000000000000000e+01,6.776900000000000000e+06
2.013102800000000000e+07,7.900000000000000000e+01,8.700000000000000000e+01,7.759999847412109375e+01,8.500000000000000000e+01,5.221900000000000000e+06
2.013110400000000000e+07,8.459999999999999432e+01,8.700000000000000000e+01,8.325000000000000000e+01,8.550000000000000000e+01,6.150000000000000000e+04
2.013111100000000000e+07,8.514000000000000057e+01,8.700000000000000000e+01,8.454499816894531250e+01,8.500000000000000000e+01,3.855000000000000000e+05
2.013111800000000000e+07,8.300000000000000000e+01,8.700000000000000000e+01,8.300000000000000000e+01,8.600000000000000000e+01,1.843600000000000000e+06
2.013112500000000000e+07,8.700000000000000000e+01,9.800000000000000000e+01,8.641999816894531250e+01,9.600000000000000000e+01,3.087000000000000000e+06
2.013120200000000000e+07,9.500000000000000000e+01,9.800000000000000000e+01,8.600000000000000000e+01,9.050000000000000000e+01,2.461000000000000000e+05
2.013120900000000000e+07,9.100000000000000000e+01,9.200000000000000000e+01,8.900000000000000000e+01,9.050000000000000000e+01,5.445000000000000000e+05
2.013121600000000000e+07,9.109099999999999397e+01,9.166999816894531250e+01,8.900000000000000000e+01,8.950000000000000000e+01,8.660000000000000000e+04
2.013122300000000000e+07,9.024500000000000455e+01,9.200000000000000000e+01,8.950000000000000000e+01,9.000000000000000000e+01,4.038000000000000000e+05
2.013123000000000000e+07,9.050000000000000000e+01,9.072000122070312500e+01,8.872499847412109375e+01,9.000000000000000000e+01,2.987000000000000000e+05
2.014010600000000000e+07,9.000000000000000000e+01,9.400000000000000000e+01,8.921199798583984375e+01,9.200000000000000000e+01,1.206300000000000000e+06
2.014011300000000000e+07,9.140000000000000568e+01,1.000000000000000000e+02,9.121199798583984375e+01,9.700000000000000000e+01,2.410000000000000000e+06
2.014012000000000000e+07,9.700000000000000000e+01,1.100000000000000000e+02,9.700000000000000000e+01,1.000000000000000000e+02,4.880000000000000000e+05
2.014012700000000000e+07,1.010000000000000000e+02,1.040000000000000000e+02,9.300000000000000000e+01,1.020000000000000000e+02,1.665900000000000000e+06
2.014020300000000000e+07,1.031919999999999931e+02,1.050000000000000000e+02,1.000000000000000000e+02,1.015000000000000000e+02,7.027000000000000000e+05
2.014021000000000000e+07,1.010000000000000000e+02,1.030000000000000000e+02,1.000000000000000000e+02,1.015000000000000000e+02,1.153000000000000000e+05
2.014021700000000000e+07,1.020000000000000000e+02,1.090000000000000000e+02,1.015000000000000000e+02,1.080000000000000000e+02,2.587000000000000000e+05
2.014022400000000000e+07,1.075199999999999960e+02,1.100000000000000000e+02,1.050000000000000000e+02,1.080000000000000000e+02,5.004000000000000000e+05
2.014030300000000000e+07,1.085000000000000000e+02,1.140000000000000000e+02,1.070000000000000000e+02,1.130000000000000000e+02,1.741000000000000000e+05
2.014031000000000000e+07,1.160000000000000000e+02,1.160000000000000000e+02,1.101500015258789062e+02,1.115000000000000000e+02,2.062000000000000000e+05
2.014031700000000000e+07,1.130000000000000000e+02,1.130000000000000000e+02,1.100000000000000000e+02,1.115000000000000000e+02,3.161000000000000000e+05
2.014032400000000000e+07,1.122999999999999972e+02,1.127500000000000000e+02,1.080000000000000000e+02,1.102500000000000000e+02,2.760000000000000000e+05
2.014033100000000000e+07,1.095000000000000000e+02,1.240000000000000000e+02,1.080000000000000000e+02,1.230000000000000000e+02,1.583300000000000000e+06
2.014040700000000000e+07,1.230000000000000000e+02,1.250000000000000000e+02,1.210000000000000000e+02,1.232500000000000000e+02,2.877000000000000000e+05
2.014041400000000000e+07,1.217500000000000000e+02,1.240000000000000000e+02,1.215000000000000000e+02,1.232500000000000000e+02,1.081000000000000000e+05
2.014042100000000000e+07,1.232500000000000000e+02,1.290000000000000000e+02,1.228000030517578125e+02,1.265000000000000000e+02,3.726000000000000000e+05
2.014042800000000000e+07,1.250000000000000000e+02,1.270000000000000000e+02,1.250000000000000000e+02,1.260000000000000000e+02,6.620000000000000000e+04
2.014050500000000000e+07,1.260000000000000000e+02,1.270000000000000000e+02,1.250000000000000000e+02,1.265000000000000000e+02,1.904000000000000000e+05
2.014051200000000000e+07,1.259969999999999999e+02,1.260000000000000000e+02,1.226419982910156250e+02,1.240000000000000000e+02,2.023000000000000000e+05
2.014051900000000000e+07,1.222500000000000000e+02,1.245000000000000000e+02,1.185100021362304688e+02,1.185100000000000051e+02,1.655000000000000000e+05
2.014052600000000000e+07,1.185100000000000051e+02,1.205000000000000000e+02,1.180000000000000000e+02,1.195000000000000000e+02,5.250000000000000000e+04
2.014060200000000000e+07,1.185100000000000051e+02,1.208509979248046875e+02,1.180500030517578125e+02,1.190000000000000000e+02,6.470000000000000000e+04
2.014060900000000000e+07,1.208160000000000025e+02,1.210000000000000000e+02,1.160000000000000000e+02,1.195000000000000000e+02,1.493300000000000000e+06
2.014061600000000000e+07,1.180000000000000000e+02,1.210000000000000000e+02,1.180000000000000000e+02,1.195000000000000000e+02,6.219000000000000000e+05
2.014062300000000000e+07,1.210000000000000000e+02,1.210000000000000000e+02,1.175879974365234375e+02,1.182500000000000000e+02,1.128000000000000000e+05
2.014063000000000000e+07,1.190000000000000000e+02,1.200000000000000000e+02,1.160000000000000000e+02,1.180000000000000000e+02,7.750000000000000000e+04
2.014070700000000000e+07,1.160400000000000063e+02,1.180000000000000000e+02,1.160000000000000000e+02,1.170000000000000000e+02,3.663000000000000000e+05
2.014071400000000000e+07,1.170000000000000000e+02,1.170000000000000000e+02,1.150000000000000000e+02,1.165000000000000000e+02,8.290000000000000000e+04
2.014072100000000000e+07,1.170000000000000000e+02,1.180000000000000000e+02,1.150000000000000000e+02,1.165000000000000000e+02,1.765000000000000000e+05
2.014072800000000000e+07,1.173259999999999934e+02,1.179000015258789062e+02,1.144580001831054688e+02,1.153750000000000000e+02,4.620000000000000000e+04
2.014080400000000000e+07,1.164500000000000028e+02,1.165000000000000000e+02,1.120000000000000000e+02,1.140000000000000000e+02,5.680000000000000000e+04
2.014081100000000000e+07,1.122000000000000028e+02,1.157799987792968750e+02,1.120000000000000000e+02,1.140000000000000000e+02,3.990000000000000000e+05
2.014081800000000000e+07,1.140000000000000000e+02,1.150000000000000000e+02,1.120000000000000000e+02,1.140000000000000000e+02,2.287000000000000000e+05
2.014082500000000000e+07,1.140000000000000000e+02,1.160000000000000000e+02,1.110000000000000000e+02,1.140000000000000000e+02,5.660000000000000000e+04
2.014090100000000000e+07,1.140000000000000000e+02,1.150000000000000000e+02,1.060000000000000000e+02,1.080000000000000000e+02,2.528000000000000000e+05
2.014090800000000000e+07,1.060000000000000000e+02,1.100000000000000000e+02,1.060000000000000000e+02,1.090000000000000000e+02,4.830000000000000000e+04
2.014091500000000000e+07,1.110000000000000000e+02,1.110000000000000000e+02,1.070000000000000000e+02,1.092500000000000000e+02,1.298000000000000000e+05
2.014092200000000000e+07,1.105000000000000000e+02,1.110000000000000000e+02,1.068899993896484375e+02,1.090000000000000000e+02,1.696000000000000000e+05
2.014092900000000000e+07,1.072500000000000000e+02,1.090000000000000000e+02,1.050000000000000000e+02,1.070000000000000000e+02,1.421000000000000000e+05
2.014100600000000000e+07,1.060000000000000000e+02,1.060000000000000000e+02,9.900000000000000000e+01,1.010000000000000000e+02,1.944000000000000000e+05
2.014101300000000000e+07,1.000000000000000000e+02,1.070000000000000000e+02,9.850000000000000000e+01,1.070000000000000000e+02,1.656000000000000000e+05
2.014102000000000000e+07,1.090000000000000000e+02,1.170000000000000000e+02,1.090000000000000000e+02,1.150000000000000000e+02,4.455000000000000000e+05
2.014102700000000000e+07,1.170000000000000000e+02,1.194000015258789062e+02,1.150000000000000000e+02,1.185000000000000000e+02,4.350000000000000000e+05
2.014110300000000000e+07,1.187500000000000000e+02,1.270000000000000000e+02,1.187500000000000000e+02,1.262500000000000000e+02,1.005300000000000000e+06
2.014111000000000000e+07,1.250999999999999943e+02,1.285000000000000000e+02,1.250000000000000000e+02,1.275000000000000000e+02,1.328000000000000000e+05
2.014111700000000000e+07,1.280000000000000000e+02,1.290000000000000000e+02,1.250000000000000000e+02,1.282500000000000000e+02,1.391300000000000000e+06
2.014112400000000000e+07,1.287500000000000000e+02,1.330000000000000000e+02,1.250000000000000000e+02,1.267500000000000000e+02,2.544000000000000000e+05
2.014120100000000000e+07,1.250000000000000000e+02,1.295000000000000000e+02,1.235000000000000000e+02,1.272500000000000000e+02,1.697900000000000000e+06
2.014120800000000000e+07,1.262500000000000000e+02,1.290000000000000000e+02,1.235000000000000000e+02,1.262500000000000000e+02,6.374000000000000000e+05
2.014121500000000000e+07,1.276250000000000000e+02,1.290000000000000000e+02,1.237200012207031250e+02,1.250000000000000000e+02,2.265000000000000000e+05
2.014122200000000000e+07,1.265000000000000000e+02,1.270000000000000000e+02,1.230000000000000000e+02,1.250000000000000000e+02,1.374000000000000000e+05
2.014122900000000000e+07,1.245000000000000000e+02,1.280000000000000000e+02,1.245000000000000000e+02,1.255000000000000000e+02,4.563000000000000000e+05
2.015010500000000000e+07,1.270000000000000000e+02,1.270000000000000000e+02,1.240000000000000000e+02,1.255000000000000000e+02,1.126000000000000000e+05
2.015011200000000000e+07,1.241200000000000045e+02,1.250000000000000000e+02,1.200000000000000000e+02,1.215000000000000000e+02,1.053000000000000000e+05
2.015011900000000000e+07,1.219899999999999949e+02,1.222500000000000000e+02,1.190000000000000000e+02,1.195000000000000000e+02,2.583000000000000000e+05
2.015012600000000000e+07,1.194000000000000057e+02,1.200000000000000000e+02,1.160000000000000000e+02,1.170000000000000000e+02,8.852000000000000000e+05
2.015020200000000000e+07,1.170000000000000000e+02,1.190000000000000000e+02,1.125000000000000000e+02,1.152500000000000000e+02,3.363000000000000000e+05
2.015020900000000000e+07,1.152500000000000000e+02,1.162500000000000000e+02,1.120000000000000000e+02,1.155000000000000000e+02,1.148500000000000000e+06
2.015021600000000000e+07,1.145000000000000000e+02,1.170000000000000000e+02,1.140000000000000000e+02,1.170000000000000000e+02,9.580000000000000000e+04
2.015022300000000000e+07,1.190000000000000000e+02,1.270000000000000000e+02,1.190000000000000000e+02,1.235000000000000000e+02,1.684000000000000000e+05
2.015030200000000000e+07,1.215550000000000068e+02,1.255000000000000000e+02,1.210000000000000000e+02,1.230000000000000000e+02,2.579000000000000000e+05
2.015030900000000000e+07,1.230000000000000000e+02,1.250000000000000000e+02,1.200000000000000000e+02,1.220000000000000000e+02,1.055900000000000000e+06
2.015031600000000000e+07,1.240000000000000000e+02,1.260000000000000000e+02,1.200000000000000000e+02,1.235000000000000000e+02,7.076000000000000000e+05
2.015032300000000000e+07,1.265000000000000000e+02,1.322440032958984375e+02,1.245000000000000000e+02,1.265000000000000000e+02,1.986000000000000000e+05
2.015033000000000000e+07,1.240000000000000000e+02,1.250000000000000000e+02,1.220000000000000000e+02,1.235000000000000000e+02,2.901000000000000000e+05
2.015040600000000000e+07,1.235000000000000000e+02,1.250000000000000000e+02,1.220000000000000000e+02,1.240000000000000000e+02,7.940000000000000000e+04
2.015041300000000000e+07,1.240000000000000000e+02,1.240000000000000000e+02,1.160000000000000000e+02,1.220000000000000000e+02,1.071000000000000000e+05
2.015042000000000000e+07,1.190000000000000000e+02,1.217500000000000000e+02,1.180000000000000000e+02,1.190000000000000000e+02,7.570000000000000000e+04
2.015042700000000000e+07,1.180999999999999943e+02,1.235000000000000000e+02,1.180000000000000000e+02,1.215000000000000000e+02,9.087000000000000000e+05
2.015050400000000000e+07,1.215000000000000000e+02,1.222500000000000000e+02,1.200000000000000000e+02,1.210000000000000000e+02,1.025000000000000000e+05
2.015051100000000000e+07,1.200199999999999960e+02,1.215000000000000000e+02,1.160000000000000000e+02,1.180000000000000000e+02,1.761000000000000000e+05
2.015051800000000000e+07,1.170000000000000000e+02,1.198000030517578125e+02,1.120000000000000000e+02,1.130000000000000000e+02,3.086000000000000000e+05
2.015052500000000000e+07,1.130000000000000000e+02,1.140000000000000000e+02,1.108880004882812500e+02,1.125000000000000000e+02,2.880000000000000000e+04
2.015060100000000000e+07,1.134620000000000033e+02,1.210000000000000000e+02,1.040000000000000000e+02,1.080000000000000000e+02,2.808000000000000000e+05
2.015060800000000000e+07,1.080000000000000000e+02,1.080000000000000000e+02,1.060000000000000000e+02,1.070000000000000000e+02,7.480000000000000000e+04
2.015061500000000000e+07,1.060000000000000000e+02,1.077900009155273438e+02,1.050000000000000000e+02,1.065000000000000000e+02,5.010000000000000000e+04
2.015062200000000000e+07,1.065000000000000000e+02,1.080000000000000000e+02,1.053600006103515625e+02,1.065000000000000000e+02,2.471000000000000000e+05
2.015062900000000000e+07,1.053750000000000000e+02,1.065000000000000000e+02,1.030000000000000000e+02,1.035000000000000000e+02,3.190000000000000000e+04
2.015070600000000000e+07,1.030070000000000050e+02,1.035000000000000000e+02,1.015000000000000000e+02,1.027500000000000000e+02,5.250000000000000000e+04
2.015071300000000000e+07,1.027500000000000000e+02,1.078600006103515625e+02,1.015000000000000000e+02,1.060000000000000000e+02,6.504000000000000000e+05
2.015072000000000000e+07,1.050000000000000000e+02,1.100000000000000000e+02,1.050000000000000000e+02,1.077500000000000000e+02,8.180000000000000000e+04
2.015072700000000000e+07,1.067150000000000034e+02,1.100000000000000000e+02,1.067149963378906250e+02,1.090000000000000000e+02,1.320000000000000000e+05
2.015080300000000000e+07,1.093499999999999943e+02,1.135000000000000000e+02,1.080000000000000000e+02,1.135000000000000000e+02,8.350000000000000000e+04
2.015081000000000000e+07,1.117500000000000000e+02,1.210000000000000000e+02,1.117500000000000000e+02,1.210000000000000000e+02,5.256000000000000000e+05
2.015081700000000000e+07,1.202199999999999989e+02,1.215000000000000000e+02,1.182200012207031250e+02,1.200000000000000000e+02,1.259000000000000000e+05
2.015082400000000000e+07,1.180000000000000000e+02,1.195000000000000000e+02,1.160000000000000000e+02,1.175000000000000000e+02,3.780000000000000000e+04
2.015083100000000000e+07,1.175000000000000000e+02,1.175000000000000000e+02,1.140000000000000000e+02,1.165000000000000000e+02,6.850000000000000000e+04
2.015090700000000000e+07,1.170000000000000000e+02,1.197710037231445312e+02,1.155000000000000000e+02,1.175000000000000000e+02,1.582000000000000000e+05
2.015091400000000000e+07,1.151029999999999944e+02,1.175000000000000000e+02,1.130000000000000000e+02,1.155000000000000000e+02,9.153000000000000000e+05
2.015092100000000000e+07,1.180000000000000000e+02,1.180000000000000000e+02,1.130000000000000000e+02,1.155000000000000000e+02,8.190000000000000000e+04
2.015092800000000000e+07,1.155000000000000000e+02,1.170000000000000000e+02,1.130000000000000000e+02,1.155000000000000000e+02,1.950000000000000000e+04
2.015100500000000000e+07,1.130000000000000000e+02,1.180000000000000000e+02,1.130000000000000000e+02,1.155000000000000000e+02,2.231000000000000000e+05
2.015101200000000000e+07,1.184000000000000057e+02,1.350000000000000000e+02,1.150999984741210938e+02,1.340000000000000000e+02,1.220700000000000000e+06
2.015101900000000000e+07,1.321999999999999886e+02,1.438309936523437500e+02,1.320000000000000000e+02,1.390000000000000000e+02,1.846300000000000000e+06
2.015102600000000000e+07,1.410000000000000000e+02,1.480000000000000000e+02,1.370000000000000000e+02,1.465000000000000000e+02,9.037000000000000000e+05
2.015110200000000000e+07,1.480000000000000000e+02,1.500000000000000000e+02,1.410000000000000000e+02,1.450000000000000000e+02,1.553000000000000000e+05
2.015110900000000000e+07,1.450000000000000000e+02,1.490000000000000000e+02,1.450000000000000000e+02,1.485000000000000000e+02,3.342000000000000000e+05
2.015111600000000000e+07,1.485080000000000098e+02,1.560000000000000000e+02,1.485079956054687500e+02,1.540000000000000000e+02,1.329000000000000000e+05
2.015112300000000000e+07,1.554850000000000136e+02,1.560000000000000000e+02,1.500000000000000000e+02,1.510000000000000000e+02,2.695000000000000000e+05
2.015113000000000000e+07,1.513000000000000114e+02,1.543999938964843750e+02,1.493500061035156250e+02,1.520000000000000000e+02,2.267000000000000000e+05
2.015120700000000000e+07,1.550000000000000000e+02,1.550000000000000000e+02,1.453999938964843750e+02,1.470000000000000000e+02,1.071000000000000000e+05
2.015121400000000000e+07,1.460800000000000125e+02,1.480000000000000000e+02,1.435000000000000000e+02,1.455000000000000000e+02,1.695000000000000000e+05
2.015122100000000000e+07,1.443499999999999943e+02,1.477500000000000000e+02,1.435000000000000000e+02,1.455000000000000000e+02,3.920000000000000000e+04
2.016010400000000000e+07,1.435000000000000000e+02,1.480000000000000000e+02,1.420000000000000000e+02,1.465000000000000000e+02,1.396700000000000000e+06
2.016011100000000000e+07,1.465149999999999864e+02,1.500000000000000000e+02,1.465149993896484375e+02,1.485000000000000000e+02,8.980000000000000000e+04
2.016011800000000000e+07,1.489499999999999886e+02,1.500000000000000000e+02,1.460000000000000000e+02,1.480000000000000000e+02,1.378000000000000000e+05
2.016012500000000000e+07,1.480000000000000000e+02,1.495050048828125000e+02,1.440000000000000000e+02,1.455000000000000000e+02,8.690000000000000000e+04
2.016020100000000000e+07,1.480000000000000000e+02,1.480000000000000000e+02,1.410000000000000000e+02,1.425000000000000000e+02,2.018000000000000000e+05
2.016020800000000000e+07,1.412100000000000080e+02,1.435200042724609375e+02,1.250000000000000000e+02,1.325000000000000000e+02,1.638000000000000000e+05
2.016021500000000000e+07,1.336500000000000057e+02,1.351640014648437500e+02,1.325000000000000000e+02,1.340000000000000000e+02,9.210000000000000000e+04
2.016022200000000000e+07,1.340000000000000000e+02,1.345549926757812500e+02,1.330000000000000000e+02,1.340000000000000000e+02,4.200000000000000000e+04
