2.013110800000000000e+07,3.250000000000000000e+02,3.550000000000000000e+02,3.150000000000000000e+02,3.470000000000000000e+02,2.000272000000000000e+08
2.013111100000000000e+07,3.500000000000000000e+02,3.500000000000000000e+02,3.150000000000000000e+02,3.495000000000000000e+02,2.096420000000000000e+07
2.013111200000000000e+07,3.497500000000000000e+02,3.510299999999999727e+02,3.150000000000000000e+02,3.460000000000000000e+02,1.645290000000000000e+07
2.013111300000000000e+07,3.452500000000000000e+02,3.483349999999999795e+02,3.150000000000000000e+02,3.450000000000000000e+02,1.021270000000000000e+07
2.013111400000000000e+07,3.500000000000000000e+02,3.550000000000000000e+02,3.400799999999999841e+02,3.517500000000000000e+02,3.801200000000000000e+06
2.013111500000000000e+07,3.520000000000000000e+02,3.550000000000000000e+02,3.477500000000000000e+02,3.485000000000000000e+02,5.816100000000000000e+06
2.013111800000000000e+07,3.510000000000000000e+02,3.510000000000000000e+02,3.447599999999999909e+02,3.460000000000000000e+02,1.457300000000000000e+06
2.013111900000000000e+07,3.450000000000000000e+02,3.475199999999999818e+02,3.415000000000000000e+02,3.465000000000000000e+02,1.518800000000000000e+06
2.013112000000000000e+07,3.400000000000000000e+02,3.470000000000000000e+02,3.400000000000000000e+02,3.460000000000000000e+02,1.506500000000000000e+06
2.013112100000000000e+07,3.462500000000000000e+02,3.471800000000000068e+02,3.419979999999999905e+02,3.452500000000000000e+02,3.053200000000000000e+06
2.013112200000000000e+07,3.500000000000000000e+02,3.500000000000000000e+02,3.408000000000000114e+02,3.480000000000000000e+02,1.203900000000000000e+06
2.013112500000000000e+07,3.500000000000000000e+02,3.537500000000000000e+02,3.461499999999999773e+02,3.532500000000000000e+02,1.309100000000000000e+06
2.013112600000000000e+07,3.540000000000000000e+02,3.540000000000000000e+02,3.463249999999999886e+02,3.505000000000000000e+02,1.444300000000000000e+06
2.013112700000000000e+07,3.472500000000000000e+02,3.539399999999999977e+02,3.472500000000000000e+02,3.530000000000000000e+02,1.655000000000000000e+06
2.013112800000000000e+07,3.540000000000000000e+02,3.550000000000000000e+02,3.476100000000000136e+02,3.505000000000000000e+02,1.175300000000000000e+06
2.013112900000000000e+07,3.550000000000000000e+02,3.557500000000000000e+02,3.469900000000000091e+02,3.515000000000000000e+02,1.387000000000000000e+06
2.013120200000000000e+07,3.580000000000000000e+02,3.590000000000000000e+02,3.450000000000000000e+02,3.497500000000000000e+02,7.075000000000000000e+05
2.013120300000000000e+07,3.540000000000000000e+02,3.540000000000000000e+02,3.486899999999999977e+02,3.537500000000000000e+02,6.894000000000000000e+05
2.013120400000000000e+07,3.520000000000000000e+02,3.547699999999999818e+02,3.480000000000000000e+02,3.502500000000000000e+02,7.016000000000000000e+05
2.013120500000000000e+07,3.580000000000000000e+02,3.580000000000000000e+02,3.469080000000000155e+02,3.500000000000000000e+02,7.065000000000000000e+05
2.013120600000000000e+07,3.480000000000000000e+02,3.545000000000000000e+02,3.472500000000000000e+02,3.500000000000000000e+02,1.299100000000000000e+06
2.013120900000000000e+07,3.507500000000000000e+02,3.581800000000000068e+02,3.490699999999999932e+02,3.530000000000000000e+02,1.357400000000000000e+06
2.013121000000000000e+07,3.545000000000000000e+02,3.595000000000000000e+02,3.500000000000000000e+02,3.520000000000000000e+02,1.417300000000000000e+06
2.013121100000000000e+07,3.585000000000000000e+02,3.585000000000000000e+02,3.510000000000000000e+02,3.520000000000000000e+02,4.518000000000000000e+05
2.013121200000000000e+07,3.567500000000000000e+02,3.567500000000000000e+02,3.516150000000000091e+02,3.560000000000000000e+02,8.119000000000000000e+05
2.013121300000000000e+07,3.532500000000000000e+02,3.565000000000000000e+02,3.439250000000000114e+02,3.550000000000000000e+02,1.171700000000000000e+06
2.013121600000000000e+07,3.560000000000000000e+02,3.585000000000000000e+02,3.538279999999999745e+02,3.560000000000000000e+02,1.077300000000000000e+06
2.013121700000000000e+07,3.562500000000000000e+02,3.575000000000000000e+02,3.517500000000000000e+02,3.570000000000000000e+02,8.286000000000000000e+05
2.013121800000000000e+07,3.567500000000000000e+02,3.617500000000000000e+02,3.552300000000000182e+02,3.580000000000000000e+02,7.462000000000000000e+05
2.013121900000000000e+07,3.597500000000000000e+02,3.675000000000000000e+02,3.560000000000000000e+02,3.657500000000000000e+02,1.365200000000000000e+06
2.013122000000000000e+07,3.650000000000000000e+02,3.735000000000000000e+02,3.602699999999999818e+02,3.660000000000000000e+02,1.874930000000000000e+07
2.013122300000000000e+07,3.635000000000000000e+02,3.700919999999999845e+02,3.509820000000000277e+02,3.616999999999999886e+02,8.873000000000000000e+05
2.013122400000000000e+07,3.613000000000000114e+02,3.660000000000000000e+02,3.530199999999999818e+02,3.650000000000000000e+02,2.022000000000000000e+05
2.013122500000000000e+07,3.650000000000000000e+02,3.650000000000000000e+02,3.650000000000000000e+02,3.650000000000000000e+02,0.000000000000000000e+00
2.013122600000000000e+07,3.650000000000000000e+02,3.650000000000000000e+02,3.650000000000000000e+02,3.650000000000000000e+02,0.000000000000000000e+00
2.013122700000000000e+07,3.595000000000000000e+02,3.656999999999999886e+02,3.561000000000000227e+02,3.610000000000000000e+02,2.949000000000000000e+05
2.013123000000000000e+07,3.650000000000000000e+02,3.650000000000000000e+02,3.548500000000000227e+02,3.561999999999999886e+02,2.839000000000000000e+05
2.013123100000000000e+07,3.570000000000000000e+02,3.610600000000000023e+02,3.544399999999999977e+02,3.575000000000000000e+02,2.115000000000000000e+05
2.014010100000000000e+07,3.575000000000000000e+02,3.575000000000000000e+02,3.575000000000000000e+02,3.575000000000000000e+02,0.000000000000000000e+00
2.014010200000000000e+07,3.571999999999999886e+02,3.633799999999999955e+02,3.541000000000000227e+02,3.541000000000000227e+02,3.002000000000000000e+05
2.014010300000000000e+07,3.638000000000000114e+02,3.653999999999999773e+02,3.540000000000000000e+02,3.610000000000000000e+02,4.299000000000000000e+05
2.014010600000000000e+07,3.610000000000000000e+02,3.650000000000000000e+02,3.608199999999999932e+02,3.615000000000000000e+02,5.923000000000000000e+05
2.014010700000000000e+07,3.660000000000000000e+02,3.660000000000000000e+02,3.608000000000000114e+02,3.640000000000000000e+02,6.845000000000000000e+05
2.014010800000000000e+07,3.660000000000000000e+02,3.676999999999999886e+02,3.625000000000000000e+02,3.665000000000000000e+02,4.853000000000000000e+05
2.014010900000000000e+07,3.696000000000000227e+02,3.780000000000000000e+02,3.670000000000000000e+02,3.775000000000000000e+02,6.511000000000000000e+05
2.014011000000000000e+07,3.755000000000000000e+02,3.811999999999999886e+02,3.673000000000000114e+02,3.673000000000000114e+02,1.201900000000000000e+06
2.014011300000000000e+07,3.696999999999999886e+02,3.800000000000000000e+02,3.696999999999999886e+02,3.733999999999999773e+02,3.439000000000000000e+05
2.014011400000000000e+07,3.716999999999999886e+02,3.782420000000000186e+02,3.625000000000000000e+02,3.671999999999999886e+02,4.809000000000000000e+05
2.014011500000000000e+07,3.720000000000000000e+02,3.758000000000000114e+02,3.696999999999999886e+02,3.726999999999999886e+02,5.855000000000000000e+05
2.014011600000000000e+07,3.756999999999999886e+02,3.756999999999999886e+02,3.666000000000000227e+02,3.680000000000000000e+02,2.157000000000000000e+05
2.014011700000000000e+07,3.701000000000000227e+02,3.766999999999999886e+02,3.640000000000000000e+02,3.648999999999999773e+02,5.695000000000000000e+05
2.014012000000000000e+07,3.658999999999999773e+02,3.722599999999999909e+02,3.648000000000000114e+02,3.671000000000000227e+02,2.955000000000000000e+05
2.014012100000000000e+07,3.658999999999999773e+02,3.713799999999999955e+02,3.626000000000000227e+02,3.646000000000000227e+02,3.466000000000000000e+05
2.014012200000000000e+07,3.671000000000000227e+02,3.700000000000000000e+02,3.646999999999999886e+02,3.680000000000000000e+02,4.661000000000000000e+05
2.014012300000000000e+07,3.633999999999999773e+02,3.690000000000000000e+02,3.625000000000000000e+02,3.690000000000000000e+02,4.558000000000000000e+05
2.014012400000000000e+07,3.703999999999999773e+02,3.721859999999999786e+02,3.641000000000000227e+02,3.651000000000000227e+02,7.386000000000000000e+05
2.014012700000000000e+07,3.620000000000000000e+02,3.695000000000000000e+02,3.600000000000000000e+02,3.615000000000000000e+02,1.076200000000000000e+06
2.014012800000000000e+07,3.600000000000000000e+02,3.695000000000000000e+02,3.600000000000000000e+02,3.683000000000000114e+02,5.259000000000000000e+05
2.014012900000000000e+07,3.725000000000000000e+02,3.728000000000000114e+02,3.658000000000000114e+02,3.676000000000000227e+02,8.825000000000000000e+05
2.014013000000000000e+07,3.640000000000000000e+02,3.718000000000000114e+02,3.603999999999999773e+02,3.628000000000000114e+02,4.601000000000000000e+05
2.014013100000000000e+07,3.673999999999999773e+02,3.716000000000000227e+02,3.598999999999999773e+02,3.631999999999999886e+02,1.302400000000000000e+06
2.014020300000000000e+07,3.605000000000000000e+02,3.668179999999999836e+02,3.581999999999999886e+02,3.610000000000000000e+02,7.555000000000000000e+05
2.014020400000000000e+07,3.601999999999999886e+02,3.608999999999999773e+02,3.480000000000000000e+02,3.503999999999999773e+02,7.615000000000000000e+05
2.014020500000000000e+07,3.520000000000000000e+02,3.520000000000000000e+02,3.450000000000000000e+02,3.460000000000000000e+02,6.758000000000000000e+05
2.014020600000000000e+07,3.498999999999999773e+02,3.500000000000000000e+02,3.455000000000000000e+02,3.500000000000000000e+02,4.638000000000000000e+05
2.014020700000000000e+07,3.513000000000000114e+02,3.548999999999999773e+02,3.475699999999999932e+02,3.536999999999999886e+02,4.437000000000000000e+05
2.014021000000000000e+07,3.501000000000000227e+02,3.600000000000000000e+02,3.501000000000000227e+02,3.600000000000000000e+02,4.168000000000000000e+05
2.014021100000000000e+07,3.573999999999999773e+02,3.628999999999999773e+02,3.570000000000000000e+02,3.578000000000000114e+02,3.904000000000000000e+05
2.014021200000000000e+07,3.565000000000000000e+02,3.598999999999999773e+02,3.531000000000000227e+02,3.553999999999999773e+02,3.058000000000000000e+05
2.014021300000000000e+07,3.576000000000000227e+02,3.615000000000000000e+02,3.529499999999999886e+02,3.615000000000000000e+02,4.142000000000000000e+05
2.014021400000000000e+07,3.600000000000000000e+02,3.650000000000000000e+02,3.560000000000000000e+02,3.635000000000000000e+02,2.869000000000000000e+05
2.014021700000000000e+07,3.620000000000000000e+02,3.650000000000000000e+02,3.603999999999999773e+02,3.646999999999999886e+02,2.884000000000000000e+05
2.014021800000000000e+07,3.630000000000000000e+02,3.698000000000000114e+02,3.630000000000000000e+02,3.688999999999999773e+02,3.056000000000000000e+05
2.014021900000000000e+07,3.721999999999999886e+02,3.800000000000000000e+02,3.698000000000000114e+02,3.720000000000000000e+02,8.162000000000000000e+05
2.014022000000000000e+07,3.690000000000000000e+02,3.755040000000000191e+02,3.680000000000000000e+02,3.711999999999999886e+02,2.156000000000000000e+05
2.014022100000000000e+07,3.718000000000000114e+02,3.763000000000000114e+02,3.663000000000000114e+02,3.755000000000000000e+02,6.797000000000000000e+05
2.014022400000000000e+07,3.760000000000000000e+02,3.798999999999999773e+02,3.704689999999999941e+02,3.756999999999999886e+02,8.352000000000000000e+05
2.014022500000000000e+07,3.780000000000000000e+02,3.800000000000000000e+02,3.720470000000000255e+02,3.800000000000000000e+02,1.209100000000000000e+06
2.014022600000000000e+07,3.781999999999999886e+02,3.798000000000000114e+02,3.680000000000000000e+02,3.710000000000000000e+02,5.392000000000000000e+05
2.014022700000000000e+07,3.788000000000000114e+02,3.788000000000000114e+02,3.608000000000000114e+02,3.650000000000000000e+02,1.197600000000000000e+06
2.014022800000000000e+07,3.696999999999999886e+02,3.696999999999999886e+02,3.608999999999999773e+02,3.630000000000000000e+02,1.383100000000000000e+06
2.014030300000000000e+07,3.600000000000000000e+02,3.636999999999999886e+02,3.564390000000000214e+02,3.600000000000000000e+02,4.734000000000000000e+05
2.014030400000000000e+07,3.626999999999999886e+02,3.658480000000000132e+02,3.618999999999999773e+02,3.640000000000000000e+02,6.392000000000000000e+05
2.014030500000000000e+07,3.660000000000000000e+02,3.693999999999999773e+02,3.595120000000000005e+02,3.670000000000000000e+02,1.428300000000000000e+06
2.014030600000000000e+07,3.651999999999999886e+02,3.696000000000000227e+02,3.633000000000000114e+02,3.696000000000000227e+02,4.006000000000000000e+05
2.014030700000000000e+07,3.696000000000000227e+02,3.746999999999999886e+02,3.680000000000000000e+02,3.743000000000000114e+02,5.137000000000000000e+05
2.014031000000000000e+07,3.738000000000000114e+02,3.800000000000000000e+02,3.698700000000000045e+02,3.800000000000000000e+02,5.379000000000000000e+05
2.014031100000000000e+07,3.780000000000000000e+02,3.915000000000000000e+02,3.780000000000000000e+02,3.915000000000000000e+02,7.330000000000000000e+05
2.014031200000000000e+07,3.866000000000000227e+02,3.885000000000000000e+02,3.776720000000000255e+02,3.820000000000000000e+02,2.725600000000000000e+06
2.014031300000000000e+07,3.860000000000000000e+02,3.860000000000000000e+02,3.753999999999999773e+02,3.770000000000000000e+02,8.095000000000000000e+05
2.014031400000000000e+07,3.795000000000000000e+02,3.795000000000000000e+02,3.745000000000000000e+02,3.755000000000000000e+02,4.678000000000000000e+05
2.014031700000000000e+07,3.773999999999999773e+02,3.776999999999999886e+02,3.735500000000000114e+02,3.775000000000000000e+02,4.035000000000000000e+05
2.014031800000000000e+07,3.743999999999999773e+02,3.787780000000000200e+02,3.718000000000000114e+02,3.740000000000000000e+02,1.351300000000000000e+06
2.014031900000000000e+07,3.771000000000000227e+02,3.800000000000000000e+02,3.750000000000000000e+02,3.768000000000000114e+02,3.383000000000000000e+05
2.014032000000000000e+07,3.751000000000000227e+02,3.777200000000000273e+02,3.727500000000000000e+02,3.753999999999999773e+02,1.256700000000000000e+06
2.014032100000000000e+07,3.736999999999999886e+02,3.770000000000000000e+02,3.711999999999999886e+02,3.760000000000000000e+02,1.672300000000000000e+06
2.014032400000000000e+07,3.785000000000000000e+02,3.786779999999999973e+02,3.736999999999999886e+02,3.748000000000000114e+02,4.383000000000000000e+05
2.014032500000000000e+07,3.798999999999999773e+02,3.798999999999999773e+02,3.730000000000000000e+02,3.751000000000000227e+02,8.953000000000000000e+05
2.014032600000000000e+07,3.795000000000000000e+02,3.795000000000000000e+02,3.738999999999999773e+02,3.750000000000000000e+02,3.403000000000000000e+05
2.014032700000000000e+07,3.715000000000000000e+02,3.756000000000000227e+02,3.708999999999999773e+02,3.755000000000000000e+02,1.734000000000000000e+05
2.014032800000000000e+07,3.733999999999999773e+02,3.795000000000000000e+02,3.680000000000000000e+02,3.795000000000000000e+02,5.074000000000000000e+05
2.014033100000000000e+07,3.796999999999999886e+02,3.796999999999999886e+02,3.750000000000000000e+02,3.770000000000000000e+02,2.448000000000000000e+05
2.014040100000000000e+07,3.750000000000000000e+02,3.793999999999999773e+02,3.736999999999999886e+02,3.771000000000000227e+02,3.249000000000000000e+05
2.014040200000000000e+07,3.751999999999999886e+02,3.796999999999999886e+02,3.750000000000000000e+02,3.793000000000000114e+02,3.360000000000000000e+05
2.014040300000000000e+07,3.766999999999999886e+02,3.793999999999999773e+02,3.766999999999999886e+02,3.770000000000000000e+02,4.480000000000000000e+05
2.014040400000000000e+07,3.783999999999999773e+02,3.783999999999999773e+02,3.730000000000000000e+02,3.740000000000000000e+02,1.755000000000000000e+05
2.014040700000000000e+07,3.705000000000000000e+02,3.743000000000000114e+02,3.670000000000000000e+02,3.670000000000000000e+02,4.663000000000000000e+05
2.014040800000000000e+07,3.691000000000000227e+02,3.691000000000000227e+02,3.553999999999999773e+02,3.608000000000000114e+02,4.569000000000000000e+05
2.014040900000000000e+07,3.620000000000000000e+02,3.700000000000000000e+02,3.571700000000000159e+02,3.691999999999999886e+02,5.154000000000000000e+05
2.014041000000000000e+07,3.661000000000000227e+02,3.748999999999999773e+02,3.661000000000000227e+02,3.691999999999999886e+02,4.105000000000000000e+05
2.014041100000000000e+07,3.661999999999999886e+02,3.686000000000000227e+02,3.590000000000000000e+02,3.593000000000000114e+02,3.057000000000000000e+05
2.014041400000000000e+07,3.593000000000000114e+02,3.630289999999999964e+02,3.471000000000000227e+02,3.501999999999999886e+02,4.925000000000000000e+05
2.014041500000000000e+07,3.500000000000000000e+02,3.568899999999999864e+02,3.451000000000000227e+02,3.498999999999999773e+02,4.381000000000000000e+05
2.014041600000000000e+07,3.501000000000000227e+02,3.558000000000000114e+02,3.491999999999999886e+02,3.508000000000000114e+02,3.133000000000000000e+05
2.014041700000000000e+07,3.536000000000000227e+02,3.580000000000000000e+02,3.500000000000000000e+02,3.563000000000000114e+02,2.527000000000000000e+05
2.014041800000000000e+07,3.563000000000000114e+02,3.563000000000000114e+02,3.563000000000000114e+02,3.563000000000000114e+02,0.000000000000000000e+00
2.014042100000000000e+07,3.563000000000000114e+02,3.563000000000000114e+02,3.563000000000000114e+02,3.563000000000000114e+02,0.000000000000000000e+00
2.014042200000000000e+07,3.588999999999999773e+02,3.630000000000000000e+02,3.521999999999999886e+02,3.521999999999999886e+02,4.880000000000000000e+05
2.014042300000000000e+07,3.530000000000000000e+02,3.671000000000000227e+02,3.530000000000000000e+02,3.636000000000000227e+02,4.087000000000000000e+05
2.014042400000000000e+07,3.638000000000000114e+02,3.696999999999999886e+02,3.627549999999999955e+02,3.690000000000000000e+02,6.537000000000000000e+05
2.014042500000000000e+07,3.690000000000000000e+02,3.694350000000000023e+02,3.603000000000000114e+02,3.605000000000000000e+02,3.167000000000000000e+05
2.014042800000000000e+07,3.616000000000000227e+02,3.631949999999999932e+02,3.533000000000000114e+02,3.580000000000000000e+02,5.871000000000000000e+05
2.014042900000000000e+07,3.580000000000000000e+02,3.629950000000000045e+02,3.561999999999999886e+02,3.600000000000000000e+02,2.096000000000000000e+05
2.014043000000000000e+07,3.621000000000000227e+02,3.631949999999999932e+02,3.516999999999999886e+02,3.573000000000000114e+02,3.911000000000000000e+05
2.014050100000000000e+07,3.516000000000000227e+02,3.632280000000000086e+02,3.516000000000000227e+02,3.581999999999999886e+02,1.333000000000000000e+05
2.014050200000000000e+07,3.615000000000000000e+02,3.615000000000000000e+02,3.503999999999999773e+02,3.523999999999999773e+02,3.292000000000000000e+05
2.014050500000000000e+07,3.523999999999999773e+02,3.523999999999999773e+02,3.523999999999999773e+02,3.523999999999999773e+02,0.000000000000000000e+00
2.014050600000000000e+07,3.540000000000000000e+02,3.548199999999999932e+02,3.468000000000000114e+02,3.480000000000000000e+02,4.122000000000000000e+05
2.014050700000000000e+07,3.498999999999999773e+02,3.561999999999999886e+02,3.442719999999999914e+02,3.503999999999999773e+02,3.081000000000000000e+05
2.014050800000000000e+07,3.506000000000000227e+02,3.523999999999999773e+02,3.472839999999999918e+02,3.523999999999999773e+02,3.131000000000000000e+05
2.014050900000000000e+07,3.493000000000000114e+02,3.551999999999999886e+02,3.490000000000000000e+02,3.551000000000000227e+02,2.218000000000000000e+05
2.014051200000000000e+07,3.565000000000000000e+02,3.565000000000000000e+02,3.473000000000000114e+02,3.515000000000000000e+02,2.543000000000000000e+05
2.014051300000000000e+07,3.560000000000000000e+02,3.560000000000000000e+02,3.498999999999999773e+02,3.530000000000000000e+02,1.129000000000000000e+05
2.014051400000000000e+07,3.548000000000000114e+02,3.570649999999999977e+02,3.509510000000000218e+02,3.550000000000000000e+02,2.127000000000000000e+05
2.014051500000000000e+07,3.518999999999999773e+02,3.580000000000000000e+02,3.509850000000000136e+02,3.550000000000000000e+02,1.132900000000000000e+06
2.014051600000000000e+07,3.516999999999999886e+02,3.568000000000000114e+02,3.380000000000000000e+02,3.393000000000000114e+02,7.645000000000000000e+05
2.014051900000000000e+07,3.371999999999999886e+02,3.463500000000000227e+02,3.321999999999999886e+02,3.333999999999999773e+02,7.380000000000000000e+05
2.014052000000000000e+07,3.360000000000000000e+02,3.402160000000000082e+02,3.285899999999999750e+02,3.335000000000000000e+02,5.093000000000000000e+05
2.014052100000000000e+07,3.330000000000000000e+02,3.475299999999999727e+02,3.330000000000000000e+02,3.475000000000000000e+02,5.130000000000000000e+05
2.014052200000000000e+07,3.443999999999999773e+02,3.535000000000000000e+02,3.443999999999999773e+02,3.525000000000000000e+02,2.900000000000000000e+05
2.014052300000000000e+07,3.515000000000000000e+02,3.537099999999999795e+02,3.503100000000000023e+02,3.520000000000000000e+02,1.590000000000000000e+05
2.014052600000000000e+07,3.520000000000000000e+02,3.520000000000000000e+02,3.520000000000000000e+02,3.520000000000000000e+02,0.000000000000000000e+00
2.014052700000000000e+07,3.600000000000000000e+02,3.616600000000000250e+02,3.550000000000000000e+02,3.613000000000000114e+02,3.386000000000000000e+05
2.014052800000000000e+07,3.578000000000000114e+02,3.658999999999999773e+02,3.554390000000000214e+02,3.648999999999999773e+02,4.632000000000000000e+05
2.014052900000000000e+07,3.616000000000000227e+02,3.661000000000000227e+02,3.607579999999999814e+02,3.621999999999999886e+02,1.772000000000000000e+05
2.014053000000000000e+07,3.655000000000000000e+02,3.655000000000000000e+02,3.578750000000000000e+02,3.643999999999999773e+02,2.746000000000000000e+05
2.014060200000000000e+07,3.643000000000000114e+02,3.661000000000000227e+02,3.636000000000000227e+02,3.660000000000000000e+02,2.372000000000000000e+05
2.014060300000000000e+07,3.661999999999999886e+02,3.683000000000000114e+02,3.582339999999999804e+02,3.651999999999999886e+02,3.261000000000000000e+05
2.014060400000000000e+07,3.636000000000000227e+02,3.696000000000000227e+02,3.626000000000000227e+02,3.696000000000000227e+02,3.132000000000000000e+05
2.014060500000000000e+07,3.673000000000000114e+02,3.698000000000000114e+02,3.640380000000000109e+02,3.680000000000000000e+02,2.873000000000000000e+05
2.014060600000000000e+07,3.686000000000000227e+02,3.713000000000000114e+02,3.671999999999999886e+02,3.691000000000000227e+02,3.773000000000000000e+05
2.014060900000000000e+07,3.698999999999999773e+02,3.726000000000000227e+02,3.668940000000000055e+02,3.726000000000000227e+02,2.235000000000000000e+05
2.014061000000000000e+07,3.693000000000000114e+02,3.711399999999999864e+02,3.661999999999999886e+02,3.663000000000000114e+02,4.244000000000000000e+05
2.014061100000000000e+07,3.658999999999999773e+02,3.667099999999999795e+02,3.590000000000000000e+02,3.623000000000000114e+02,4.648000000000000000e+05
2.014061200000000000e+07,3.648000000000000114e+02,3.683000000000000114e+02,3.623000000000000114e+02,3.668000000000000114e+02,1.788000000000000000e+05
2.014061300000000000e+07,3.600000000000000000e+02,3.663999999999999773e+02,3.510000000000000000e+02,3.590000000000000000e+02,5.192000000000000000e+06
2.014061600000000000e+07,3.585000000000000000e+02,3.631000000000000227e+02,3.528999999999999773e+02,3.585000000000000000e+02,9.308000000000000000e+05
2.014061700000000000e+07,3.585000000000000000e+02,3.606279999999999859e+02,3.518000000000000114e+02,3.518000000000000114e+02,7.121000000000000000e+05
2.014061800000000000e+07,3.551999999999999886e+02,3.571000000000000227e+02,3.526999999999999886e+02,3.526999999999999886e+02,4.796000000000000000e+05
2.014061900000000000e+07,3.546999999999999886e+02,3.605459999999999923e+02,3.510000000000000000e+02,3.530000000000000000e+02,6.948000000000000000e+05
2.014062000000000000e+07,3.528999999999999773e+02,3.565000000000000000e+02,3.499300000000000068e+02,3.500000000000000000e+02,4.535200000000000000e+06
2.014062300000000000e+07,3.510000000000000000e+02,3.576999999999999886e+02,3.430000000000000000e+02,3.430000000000000000e+02,9.288000000000000000e+05
2.014062400000000000e+07,3.436999999999999886e+02,3.482339999999999804e+02,3.398000000000000114e+02,3.410000000000000000e+02,4.172000000000000000e+05
2.014062500000000000e+07,3.400000000000000000e+02,3.463999999999999773e+02,3.395000000000000000e+02,3.455000000000000000e+02,5.869000000000000000e+05
2.014062600000000000e+07,3.460000000000000000e+02,3.526000000000000227e+02,3.416000000000000227e+02,3.493999999999999773e+02,7.227000000000000000e+05
2.014062700000000000e+07,3.510000000000000000e+02,3.538999999999999773e+02,3.477599999999999909e+02,3.535000000000000000e+02,2.957000000000000000e+05
2.014063000000000000e+07,3.560000000000000000e+02,3.581999999999999886e+02,3.510000000000000000e+02,3.581999999999999886e+02,6.595000000000000000e+05
2.014070100000000000e+07,3.581000000000000227e+02,3.585000000000000000e+02,3.538999999999999773e+02,3.570000000000000000e+02,4.874000000000000000e+05
2.014070200000000000e+07,3.558000000000000114e+02,3.670000000000000000e+02,3.558000000000000114e+02,3.670000000000000000e+02,2.077800000000000000e+06
2.014070300000000000e+07,3.643999999999999773e+02,3.728000000000000114e+02,3.637429999999999950e+02,3.700000000000000000e+02,1.399800000000000000e+06
2.014070400000000000e+07,3.715000000000000000e+02,3.740000000000000000e+02,3.649769999999999754e+02,3.740000000000000000e+02,8.120000000000000000e+05
2.014070700000000000e+07,3.753999999999999773e+02,3.753999999999999773e+02,3.680000000000000000e+02,3.690000000000000000e+02,1.221500000000000000e+06
2.014070800000000000e+07,3.675000000000000000e+02,3.692749999999999773e+02,3.626000000000000227e+02,3.650000000000000000e+02,8.316500000000000000e+06
2.014070900000000000e+07,3.668999999999999773e+02,3.668999999999999773e+02,3.558000000000000114e+02,3.578999999999999773e+02,1.006500000000000000e+06
2.014071000000000000e+07,3.555000000000000000e+02,3.560280000000000200e+02,3.468000000000000114e+02,3.503000000000000114e+02,6.256000000000000000e+05
2.014071100000000000e+07,3.498000000000000114e+02,3.528999999999999773e+02,3.453000000000000114e+02,3.466999999999999886e+02,3.818000000000000000e+05
2.014071400000000000e+07,3.480000000000000000e+02,3.545000000000000000e+02,3.461999999999999886e+02,3.540000000000000000e+02,2.838000000000000000e+05
2.014071500000000000e+07,3.521000000000000227e+02,3.536000000000000227e+02,3.425000000000000000e+02,3.425000000000000000e+02,3.793000000000000000e+05
2.014071600000000000e+07,3.425000000000000000e+02,3.481000000000000227e+02,3.391999999999999886e+02,3.456999999999999886e+02,4.584000000000000000e+05
2.014071700000000000e+07,3.425000000000000000e+02,3.463000000000000114e+02,3.413999999999999773e+02,3.453999999999999773e+02,3.467000000000000000e+05
2.014071800000000000e+07,3.446999999999999886e+02,3.511999999999999886e+02,3.412880000000000109e+02,3.511999999999999886e+02,2.924000000000000000e+05
2.014072100000000000e+07,3.491999999999999886e+02,3.510000000000000000e+02,3.455000000000000000e+02,3.503999999999999773e+02,1.917000000000000000e+05
2.014072200000000000e+07,3.498999999999999773e+02,3.550000000000000000e+02,3.496999999999999886e+02,3.530000000000000000e+02,4.216000000000000000e+05
2.014072300000000000e+07,3.540000000000000000e+02,3.543000000000000114e+02,3.486999999999999886e+02,3.501000000000000227e+02,3.201000000000000000e+05
2.014072400000000000e+07,3.481999999999999886e+02,3.543999999999999773e+02,3.456809999999999832e+02,3.508000000000000114e+02,2.768000000000000000e+05
2.014072500000000000e+07,3.500000000000000000e+02,3.505249999999999773e+02,3.447350000000000136e+02,3.475000000000000000e+02,2.270000000000000000e+05
2.014072800000000000e+07,3.471000000000000227e+02,3.477119999999999891e+02,3.420000000000000000e+02,3.450000000000000000e+02,4.476000000000000000e+05
2.014072900000000000e+07,3.446999999999999886e+02,3.525000000000000000e+02,3.446999999999999886e+02,3.525000000000000000e+02,2.373000000000000000e+05
2.014073000000000000e+07,3.501999999999999886e+02,3.531000000000000227e+02,3.435000000000000000e+02,3.508999999999999773e+02,7.892000000000000000e+05
2.014073100000000000e+07,3.640000000000000000e+02,3.640000000000000000e+02,3.470000000000000000e+02,3.541999999999999886e+02,5.555000000000000000e+05
2.014080100000000000e+07,3.536000000000000227e+02,3.536000000000000227e+02,3.415000000000000000e+02,3.513999999999999773e+02,3.863000000000000000e+05
2.014080400000000000e+07,3.541000000000000227e+02,3.545000000000000000e+02,3.456999999999999886e+02,3.486999999999999886e+02,2.722000000000000000e+05
2.014080500000000000e+07,3.506999999999999886e+02,3.506999999999999886e+02,3.435000000000000000e+02,3.440000000000000000e+02,4.014000000000000000e+05
2.014080600000000000e+07,3.496000000000000227e+02,3.496000000000000227e+02,3.406000000000000227e+02,3.436999999999999886e+02,1.923000000000000000e+05
2.014080700000000000e+07,3.418000000000000114e+02,3.480000000000000000e+02,3.406999999999999886e+02,3.430000000000000000e+02,3.421000000000000000e+05
2.014080800000000000e+07,3.405000000000000000e+02,3.445000000000000000e+02,3.398999999999999773e+02,3.421000000000000227e+02,4.116000000000000000e+05
2.014081100000000000e+07,3.430000000000000000e+02,3.478000000000000114e+02,3.430000000000000000e+02,3.441000000000000227e+02,2.013000000000000000e+05
2.014081200000000000e+07,3.423000000000000114e+02,3.483750000000000000e+02,3.413000000000000114e+02,3.430000000000000000e+02,3.810000000000000000e+05
2.014081300000000000e+07,3.443999999999999773e+02,3.456000000000000227e+02,3.361000000000000227e+02,3.380000000000000000e+02,8.949000000000000000e+05
2.014081400000000000e+07,3.365000000000000000e+02,3.396850000000000023e+02,3.305249999999999773e+02,3.330000000000000000e+02,6.118000000000000000e+05
2.014081500000000000e+07,3.323999999999999773e+02,3.356000000000000227e+02,3.300000000000000000e+02,3.300000000000000000e+02,3.587000000000000000e+05
2.014081800000000000e+07,3.343000000000000114e+02,3.350000000000000000e+02,3.317919999999999732e+02,3.340000000000000000e+02,2.749000000000000000e+05
2.014081900000000000e+07,3.340000000000000000e+02,3.358240000000000123e+02,3.321999999999999886e+02,3.340000000000000000e+02,3.883000000000000000e+05
2.014082000000000000e+07,3.331999999999999886e+02,3.363999999999999773e+02,3.280000000000000000e+02,3.286999999999999886e+02,6.591000000000000000e+05
2.014082100000000000e+07,3.298999999999999773e+02,3.318000000000000114e+02,3.276999999999999886e+02,3.318000000000000114e+02,3.212000000000000000e+05
2.014082200000000000e+07,3.315000000000000000e+02,3.381720000000000255e+02,3.303600000000000136e+02,3.371999999999999886e+02,3.641000000000000000e+05
2.014082500000000000e+07,3.371999999999999886e+02,3.371999999999999886e+02,3.371999999999999886e+02,3.371999999999999886e+02,0.000000000000000000e+00
2.014082600000000000e+07,3.375000000000000000e+02,3.376999999999999886e+02,3.343249999999999886e+02,3.373000000000000114e+02,2.667000000000000000e+05
2.014082700000000000e+07,3.366999999999999886e+02,3.410000000000000000e+02,3.355000000000000000e+02,3.381999999999999886e+02,1.855500000000000000e+06
2.014082800000000000e+07,3.405000000000000000e+02,3.405000000000000000e+02,3.355000000000000000e+02,3.400000000000000000e+02,4.554000000000000000e+05
2.014082900000000000e+07,3.403999999999999773e+02,3.511000000000000227e+02,3.390000000000000000e+02,3.440000000000000000e+02,2.884500000000000000e+06
2.014090100000000000e+07,3.463000000000000114e+02,3.489909999999999854e+02,3.420439999999999827e+02,3.480000000000000000e+02,1.828000000000000000e+05
2.014090200000000000e+07,3.516000000000000227e+02,3.523000000000000114e+02,3.451650000000000205e+02,3.523000000000000114e+02,1.200000000000000000e+06
2.014090300000000000e+07,3.526000000000000227e+02,3.536999999999999886e+02,3.483000000000000114e+02,3.511999999999999886e+02,6.883000000000000000e+05
2.014090400000000000e+07,3.470000000000000000e+02,3.538000000000000114e+02,3.470000000000000000e+02,3.528999999999999773e+02,9.719000000000000000e+05
2.014090500000000000e+07,3.551999999999999886e+02,3.551999999999999886e+02,3.493000000000000114e+02,3.550000000000000000e+02,3.098000000000000000e+05
2.014090800000000000e+07,3.500000000000000000e+02,3.539200000000000159e+02,3.434250000000000114e+02,3.465000000000000000e+02,2.959000000000000000e+05
2.014090900000000000e+07,3.463999999999999773e+02,3.498999999999999773e+02,3.430000000000000000e+02,3.480000000000000000e+02,2.472000000000000000e+05
2.014091000000000000e+07,3.480000000000000000e+02,3.480000000000000000e+02,3.401000000000000227e+02,3.401000000000000227e+02,5.818000000000000000e+05
2.014091100000000000e+07,3.438000000000000114e+02,3.470000000000000000e+02,3.408999999999999773e+02,3.421000000000000227e+02,2.698000000000000000e+05
2.014091200000000000e+07,3.453999999999999773e+02,3.530000000000000000e+02,3.445899999999999750e+02,3.530000000000000000e+02,3.033000000000000000e+05
2.014091500000000000e+07,3.493999999999999773e+02,3.518999999999999773e+02,3.429850000000000136e+02,3.496000000000000227e+02,2.553000000000000000e+05
2.014091600000000000e+07,3.535000000000000000e+02,3.535000000000000000e+02,3.401000000000000227e+02,3.428999999999999773e+02,4.142000000000000000e+05
2.014091700000000000e+07,3.465000000000000000e+02,3.465000000000000000e+02,3.390000000000000000e+02,3.405000000000000000e+02,1.468200000000000000e+06
2.014091800000000000e+07,3.436999999999999886e+02,3.525000000000000000e+02,3.415000000000000000e+02,3.506000000000000227e+02,1.375200000000000000e+06
2.014091900000000000e+07,3.538999999999999773e+02,3.570000000000000000e+02,3.500000000000000000e+02,3.536000000000000227e+02,1.182100000000000000e+06
2.014092200000000000e+07,3.505000000000000000e+02,3.531000000000000227e+02,3.493999999999999773e+02,3.501000000000000227e+02,7.938000000000000000e+05
2.014092300000000000e+07,3.500000000000000000e+02,3.535269999999999868e+02,3.458770000000000095e+02,3.500000000000000000e+02,1.116500000000000000e+06
2.014092400000000000e+07,3.511000000000000227e+02,3.531999999999999886e+02,3.471000000000000227e+02,3.480000000000000000e+02,1.841000000000000000e+06
2.014092500000000000e+07,3.466999999999999886e+02,3.531000000000000227e+02,3.451999999999999886e+02,3.488000000000000114e+02,7.867000000000000000e+05
2.014092600000000000e+07,3.463999999999999773e+02,3.543000000000000114e+02,3.458000000000000114e+02,3.500000000000000000e+02,1.324400000000000000e+06
2.014092900000000000e+07,3.513000000000000114e+02,3.550000000000000000e+02,3.471000000000000227e+02,3.520000000000000000e+02,6.266000000000000000e+05
2.014093000000000000e+07,3.530000000000000000e+02,3.530000000000000000e+02,3.491999999999999886e+02,3.510000000000000000e+02,6.578000000000000000e+05
2.014100100000000000e+07,3.523000000000000114e+02,3.523000000000000114e+02,3.475000000000000000e+02,3.503999999999999773e+02,7.335000000000000000e+05
2.014100200000000000e+07,3.520000000000000000e+02,3.520000000000000000e+02,3.428999999999999773e+02,3.430000000000000000e+02,7.330000000000000000e+05
2.014100300000000000e+07,3.450000000000000000e+02,3.453999999999999773e+02,3.403000000000000114e+02,3.431999999999999886e+02,4.511000000000000000e+05
2.014100600000000000e+07,3.456999999999999886e+02,3.503000000000000114e+02,3.443000000000000114e+02,3.456999999999999886e+02,6.086000000000000000e+05
2.014100700000000000e+07,3.456999999999999886e+02,3.511000000000000227e+02,3.411999999999999886e+02,3.416000000000000227e+02,8.522000000000000000e+05
2.014100800000000000e+07,3.400000000000000000e+02,3.406000000000000227e+02,3.340000000000000000e+02,3.365000000000000000e+02,5.672000000000000000e+05
2.014100900000000000e+07,3.408999999999999773e+02,3.416920000000000073e+02,3.315000000000000000e+02,3.326999999999999886e+02,5.659000000000000000e+05
2.014101000000000000e+07,3.303000000000000114e+02,3.423000000000000114e+02,3.290040000000000191e+02,3.410000000000000000e+02,8.343000000000000000e+05
2.014101300000000000e+07,3.390000000000000000e+02,3.446000000000000227e+02,3.331000000000000227e+02,3.416000000000000227e+02,6.776000000000000000e+05
2.014101400000000000e+07,3.401999999999999886e+02,3.446000000000000227e+02,3.361000000000000227e+02,3.423000000000000114e+02,5.828000000000000000e+05
2.014101500000000000e+07,3.398999999999999773e+02,3.440000000000000000e+02,3.364080000000000155e+02,3.391000000000000227e+02,6.948000000000000000e+05
2.014101600000000000e+07,3.403000000000000114e+02,3.426999999999999886e+02,3.303399999999999750e+02,3.380000000000000000e+02,1.113900000000000000e+06
2.014101700000000000e+07,3.373000000000000114e+02,3.401999999999999886e+02,3.341999999999999886e+02,3.370000000000000000e+02,2.408800000000000000e+06
2.014102000000000000e+07,3.358999999999999773e+02,3.431999999999999886e+02,3.351000000000000227e+02,3.426000000000000227e+02,1.087400000000000000e+06
2.014102100000000000e+07,3.431999999999999886e+02,3.521000000000000227e+02,3.428000000000000114e+02,3.515000000000000000e+02,1.235000000000000000e+06
2.014102200000000000e+07,3.516000000000000227e+02,3.550000000000000000e+02,3.481000000000000227e+02,3.520000000000000000e+02,8.839000000000000000e+05
2.014102300000000000e+07,3.520000000000000000e+02,3.566000000000000227e+02,3.493000000000000114e+02,3.560000000000000000e+02,7.315000000000000000e+05
2.014102400000000000e+07,3.543000000000000114e+02,3.598999999999999773e+02,3.533500000000000227e+02,3.583999999999999773e+02,7.303000000000000000e+05
2.014102700000000000e+07,3.590000000000000000e+02,3.616000000000000227e+02,3.560000000000000000e+02,3.565000000000000000e+02,6.471000000000000000e+05
2.014102800000000000e+07,3.588999999999999773e+02,3.598999999999999773e+02,3.533000000000000114e+02,3.550000000000000000e+02,8.119000000000000000e+05
2.014102900000000000e+07,3.580000000000000000e+02,3.593000000000000114e+02,3.551999999999999886e+02,3.580000000000000000e+02,4.615000000000000000e+05
2.014103000000000000e+07,3.498999999999999773e+02,3.536000000000000227e+02,3.450000000000000000e+02,3.515000000000000000e+02,3.187900000000000000e+06
2.014103100000000000e+07,3.510000000000000000e+02,3.536000000000000227e+02,3.510000000000000000e+02,3.525000000000000000e+02,2.640100000000000000e+06
2.014110300000000000e+07,3.543999999999999773e+02,3.548000000000000114e+02,3.516000000000000227e+02,3.520000000000000000e+02,1.488900000000000000e+06
2.014110400000000000e+07,3.511000000000000227e+02,3.541000000000000227e+02,3.508999999999999773e+02,3.520000000000000000e+02,1.786900000000000000e+06
2.014110500000000000e+07,3.548999999999999773e+02,3.571999999999999886e+02,3.480000000000000000e+02,3.530000000000000000e+02,2.429800000000000000e+06
2.014110600000000000e+07,3.506000000000000227e+02,3.535000000000000000e+02,3.455000000000000000e+02,3.510000000000000000e+02,1.303200000000000000e+06
2.014110700000000000e+07,3.511000000000000227e+02,3.550000000000000000e+02,3.498999999999999773e+02,3.510000000000000000e+02,5.265500000000000000e+06
2.014111000000000000e+07,3.543999999999999773e+02,3.580000000000000000e+02,3.533000000000000114e+02,3.558999999999999773e+02,2.032800000000000000e+06
2.014111100000000000e+07,3.596000000000000227e+02,3.601000000000000227e+02,3.550000000000000000e+02,3.596999999999999886e+02,5.252400000000000000e+06
2.014111200000000000e+07,3.600000000000000000e+02,3.626000000000000227e+02,3.561999999999999886e+02,3.610000000000000000e+02,1.788600000000000000e+06
2.014111300000000000e+07,3.628999999999999773e+02,3.668000000000000114e+02,3.613000000000000114e+02,3.666000000000000227e+02,1.367100000000000000e+06
2.014111400000000000e+07,3.678999999999999773e+02,3.731000000000000227e+02,3.671600000000000250e+02,3.683999999999999773e+02,1.496100000000000000e+06
2.014111700000000000e+07,3.673000000000000114e+02,3.725000000000000000e+02,3.661999999999999886e+02,3.678999999999999773e+02,1.006700000000000000e+06
2.014111800000000000e+07,3.698999999999999773e+02,3.720000000000000000e+02,3.676000000000000227e+02,3.690000000000000000e+02,1.535600000000000000e+06
2.014111900000000000e+07,3.693999999999999773e+02,3.720000000000000000e+02,3.643000000000000114e+02,3.661000000000000227e+02,2.484700000000000000e+06
2.014112000000000000e+07,3.666000000000000227e+02,3.700000000000000000e+02,3.650570000000000164e+02,3.670000000000000000e+02,1.449700000000000000e+06
2.014112100000000000e+07,3.671000000000000227e+02,3.690000000000000000e+02,3.631000000000000227e+02,3.635000000000000000e+02,1.155100000000000000e+06
2.014112400000000000e+07,3.655000000000000000e+02,3.668999999999999773e+02,3.628000000000000114e+02,3.648000000000000114e+02,1.873400000000000000e+06
2.014112500000000000e+07,3.655000000000000000e+02,3.676000000000000227e+02,3.588000000000000114e+02,3.590000000000000000e+02,3.109020000000000000e+07
2.014112600000000000e+07,3.598000000000000114e+02,3.605000000000000000e+02,3.561000000000000227e+02,3.573999999999999773e+02,1.591400000000000000e+06
2.014112700000000000e+07,3.585000000000000000e+02,3.688999999999999773e+02,3.563999999999999773e+02,3.666999999999999886e+02,1.748200000000000000e+06
2.014112800000000000e+07,3.671000000000000227e+02,3.800269999999999868e+02,3.668899999999999864e+02,3.790000000000000000e+02,2.240300000000000000e+06
2.014120100000000000e+07,3.766000000000000227e+02,3.825000000000000000e+02,3.691000000000000227e+02,3.711000000000000227e+02,1.762100000000000000e+06
2.014120200000000000e+07,3.736999999999999886e+02,3.826999999999999886e+02,3.736999999999999886e+02,3.815000000000000000e+02,1.687200000000000000e+06
2.014120300000000000e+07,3.788999999999999773e+02,3.900000000000000000e+02,3.788999999999999773e+02,3.838999999999999773e+02,2.196100000000000000e+06
2.014120400000000000e+07,3.833000000000000114e+02,3.891000000000000227e+02,3.783799999999999955e+02,3.861999999999999886e+02,1.276500000000000000e+06
2.014120500000000000e+07,3.893000000000000114e+02,3.938000000000000114e+02,3.860000000000000000e+02,3.923000000000000114e+02,1.516400000000000000e+06
2.014120800000000000e+07,3.905000000000000000e+02,3.911000000000000227e+02,3.835400000000000205e+02,3.853999999999999773e+02,7.399000000000000000e+05
2.014120900000000000e+07,3.836999999999999886e+02,3.853999999999999773e+02,3.751000000000000227e+02,3.756999999999999886e+02,1.804600000000000000e+06
2.014121000000000000e+07,3.781000000000000227e+02,3.853000000000000114e+02,3.765099999999999909e+02,3.833000000000000114e+02,1.167500000000000000e+06
2.014121100000000000e+07,3.806000000000000227e+02,3.846000000000000227e+02,3.796999999999999886e+02,3.818999999999999773e+02,1.164300000000000000e+06
2.014121200000000000e+07,3.818000000000000114e+02,3.858999999999999773e+02,3.776000000000000227e+02,3.783999999999999773e+02,1.085100000000000000e+06
2.014121500000000000e+07,3.770000000000000000e+02,3.818999999999999773e+02,3.736000000000000227e+02,3.736000000000000227e+02,1.631500000000000000e+06
2.014121600000000000e+07,3.748000000000000114e+02,3.765000000000000000e+02,3.670000000000000000e+02,3.703999999999999773e+02,2.900300000000000000e+06
2.014121700000000000e+07,3.695000000000000000e+02,3.736000000000000227e+02,3.681999999999999886e+02,3.708999999999999773e+02,1.324600000000000000e+06
2.014121800000000000e+07,3.748999999999999773e+02,3.936000000000000227e+02,3.733000000000000114e+02,3.895000000000000000e+02,1.577000000000000000e+06
2.014121900000000000e+07,3.906999999999999886e+02,3.933999999999999773e+02,3.790000000000000000e+02,3.891000000000000227e+02,2.006100000000000000e+06
2.014122200000000000e+07,3.898999999999999773e+02,3.918999999999999773e+02,3.865000000000000000e+02,3.916999999999999886e+02,1.114400000000000000e+06
2.014122300000000000e+07,3.893999999999999773e+02,3.951000000000000227e+02,3.889979999999999905e+02,3.943000000000000114e+02,8.789000000000000000e+05
2.014122400000000000e+07,3.840000000000000000e+02,3.950000000000000000e+02,3.840000000000000000e+02,3.950000000000000000e+02,1.022000000000000000e+05
2.014122500000000000e+07,3.950000000000000000e+02,3.950000000000000000e+02,3.950000000000000000e+02,3.950000000000000000e+02,0.000000000000000000e+00
2.014122600000000000e+07,3.950000000000000000e+02,3.950000000000000000e+02,3.950000000000000000e+02,3.950000000000000000e+02,0.000000000000000000e+00
2.014122900000000000e+07,3.958999999999999773e+02,4.009119999999999777e+02,3.926600000000000250e+02,3.966000000000000227e+02,7.456000000000000000e+05
2.014123000000000000e+07,3.923999999999999773e+02,3.970000000000000000e+02,3.923999999999999773e+02,3.961999999999999886e+02,7.495000000000000000e+05
2.014123100000000000e+07,3.938000000000000114e+02,3.986000000000000227e+02,3.919080000000000155e+02,3.986000000000000227e+02,2.356000000000000000e+05
2.015010100000000000e+07,3.986000000000000227e+02,3.986000000000000227e+02,3.986000000000000227e+02,3.986000000000000227e+02,0.000000000000000000e+00
2.015010200000000000e+07,4.003000000000000114e+02,4.011000000000000227e+02,3.954639999999999986e+02,3.966000000000000227e+02,6.171000000000000000e+05
2.015010500000000000e+07,3.965000000000000000e+02,4.040960000000000036e+02,3.923999999999999773e+02,3.923999999999999773e+02,1.782100000000000000e+06
2.015010600000000000e+07,3.948999999999999773e+02,3.973039999999999736e+02,3.866999999999999886e+02,3.885000000000000000e+02,1.745900000000000000e+06
2.015010700000000000e+07,3.900000000000000000e+02,3.935000000000000000e+02,3.890000000000000000e+02,3.900000000000000000e+02,1.250100000000000000e+06
2.015010800000000000e+07,3.956000000000000227e+02,3.962610000000000241e+02,3.866999999999999886e+02,3.930000000000000000e+02,1.027100000000000000e+06
2.015010900000000000e+07,3.920000000000000000e+02,3.931000000000000227e+02,3.846999999999999886e+02,3.906999999999999886e+02,1.258600000000000000e+06
2.015011200000000000e+07,3.925000000000000000e+02,3.928240000000000123e+02,3.860000000000000000e+02,3.898999999999999773e+02,1.116700000000000000e+06
2.015011300000000000e+07,3.906999999999999886e+02,4.028999999999999773e+02,3.865000000000000000e+02,4.028999999999999773e+02,1.426800000000000000e+06
2.015011400000000000e+07,3.971999999999999886e+02,3.993999999999999773e+02,3.911000000000000227e+02,3.968999999999999773e+02,1.292500000000000000e+06
2.015011500000000000e+07,3.998999999999999773e+02,4.005000000000000000e+02,3.936999999999999886e+02,3.996000000000000227e+02,1.000600000000000000e+06
2.015011600000000000e+07,3.998999999999999773e+02,4.001999999999999886e+02,3.971000000000000227e+02,3.985000000000000000e+02,8.061000000000000000e+05
2.015011900000000000e+07,3.990000000000000000e+02,4.011840000000000259e+02,3.928999999999999773e+02,4.006000000000000227e+02,9.668000000000000000e+05
2.015012000000000000e+07,4.006999999999999886e+02,4.013999999999999773e+02,3.968999999999999773e+02,4.000000000000000000e+02,7.967000000000000000e+05
2.015012100000000000e+07,4.008000000000000114e+02,4.063999999999999773e+02,3.978999999999999773e+02,4.063999999999999773e+02,1.270000000000000000e+06
2.015012200000000000e+07,4.040000000000000000e+02,4.131000000000000227e+02,4.040000000000000000e+02,4.111000000000000227e+02,9.690000000000000000e+05
2.015012300000000000e+07,4.111000000000000227e+02,4.140799999999999841e+02,4.058000000000000114e+02,4.080000000000000000e+02,8.352000000000000000e+05
2.015012600000000000e+07,4.061999999999999886e+02,4.093999999999999773e+02,4.031999999999999886e+02,4.058000000000000114e+02,1.122000000000000000e+06
2.015012700000000000e+07,4.051000000000000227e+02,4.071000000000000227e+02,4.005000000000000000e+02,4.018000000000000114e+02,6.248000000000000000e+05
2.015012800000000000e+07,4.013999999999999773e+02,4.033799999999999955e+02,3.981080000000000041e+02,4.028000000000000114e+02,1.413600000000000000e+06
2.015012900000000000e+07,4.015000000000000000e+02,4.053999999999999773e+02,3.975769999999999982e+02,4.023000000000000114e+02,8.403000000000000000e+05
2.015013000000000000e+07,4.055000000000000000e+02,4.055000000000000000e+02,4.001610000000000014e+02,4.035000000000000000e+02,1.101100000000000000e+06
2.015020200000000000e+07,4.045000000000000000e+02,4.051100000000000136e+02,3.978000000000000114e+02,4.021999999999999886e+02,9.308000000000000000e+05
2.015020300000000000e+07,4.030000000000000000e+02,4.073999999999999773e+02,4.003000000000000114e+02,4.045000000000000000e+02,1.037100000000000000e+06
2.015020400000000000e+07,4.053999999999999773e+02,4.061000000000000227e+02,4.025000000000000000e+02,4.055000000000000000e+02,6.518000000000000000e+05
2.015020500000000000e+07,4.028000000000000114e+02,4.063000000000000114e+02,3.986000000000000227e+02,4.030000000000000000e+02,5.664000000000000000e+05
2.015020600000000000e+07,4.033000000000000114e+02,4.033999999999999773e+02,3.967599999999999909e+02,4.010000000000000000e+02,5.829000000000000000e+05
2.015020900000000000e+07,4.008000000000000114e+02,4.008000000000000114e+02,3.930000000000000000e+02,3.968000000000000114e+02,4.441000000000000000e+05
2.015021000000000000e+07,3.983000000000000114e+02,4.018999999999999773e+02,3.983000000000000114e+02,4.010000000000000000e+02,1.216900000000000000e+06
2.015021100000000000e+07,4.030000000000000000e+02,4.030000000000000000e+02,3.978999999999999773e+02,4.003000000000000114e+02,2.008600000000000000e+06
2.015021200000000000e+07,4.021000000000000227e+02,4.066999999999999886e+02,3.990000000000000000e+02,4.035000000000000000e+02,7.402000000000000000e+05
2.015021300000000000e+07,4.036000000000000227e+02,4.065000000000000000e+02,4.013999999999999773e+02,4.060000000000000000e+02,6.695000000000000000e+05
2.015021600000000000e+07,4.071999999999999886e+02,4.071999999999999886e+02,4.030000000000000000e+02,4.043999999999999773e+02,4.623000000000000000e+05
2.015021700000000000e+07,4.011000000000000227e+02,4.043999999999999773e+02,4.000000000000000000e+02,4.040000000000000000e+02,5.100000000000000000e+05
2.015021800000000000e+07,3.960000000000000000e+02,4.076000000000000227e+02,3.930299999999999727e+02,4.070000000000000000e+02,1.165300000000000000e+06
2.015021900000000000e+07,4.081000000000000227e+02,4.129529999999999745e+02,4.035849999999999795e+02,4.116000000000000227e+02,9.115000000000000000e+05
2.015022000000000000e+07,4.100000000000000000e+02,4.198999999999999773e+02,4.100000000000000000e+02,4.198999999999999773e+02,1.453100000000000000e+06
2.015022300000000000e+07,4.183999999999999773e+02,4.211999999999999886e+02,4.150000000000000000e+02,4.198000000000000114e+02,9.448000000000000000e+05
2.015022400000000000e+07,4.200000000000000000e+02,4.238000000000000114e+02,4.163000000000000114e+02,4.230000000000000000e+02,1.102400000000000000e+06
2.015022500000000000e+07,4.230000000000000000e+02,4.236000000000000227e+02,4.170000000000000000e+02,4.201999999999999886e+02,7.772000000000000000e+05
2.015022600000000000e+07,4.250000000000000000e+02,4.283999999999999773e+02,4.103999999999999773e+02,4.153000000000000114e+02,1.575300000000000000e+06
2.015022700000000000e+07,4.171000000000000227e+02,4.216999999999999886e+02,4.121999999999999886e+02,4.211000000000000227e+02,2.216600000000000000e+06
2.015030200000000000e+07,4.218999999999999773e+02,4.300040000000000191e+02,4.206000000000000227e+02,4.265000000000000000e+02,1.906200000000000000e+06
2.015030300000000000e+07,4.150000000000000000e+02,4.195000000000000000e+02,4.053999999999999773e+02,4.161999999999999886e+02,4.710800000000000000e+06
2.015030400000000000e+07,4.160000000000000000e+02,4.178999999999999773e+02,4.091999999999999886e+02,4.150000000000000000e+02,3.090200000000000000e+06
2.015030500000000000e+07,4.170000000000000000e+02,4.265000000000000000e+02,4.141000000000000227e+02,4.265000000000000000e+02,5.342300000000000000e+06
2.015030600000000000e+07,4.265000000000000000e+02,4.270000000000000000e+02,4.178000000000000114e+02,4.178000000000000114e+02,8.104600000000000000e+06
2.015030900000000000e+07,4.173999999999999773e+02,4.210000000000000000e+02,4.108999999999999773e+02,4.200000000000000000e+02,2.618300000000000000e+06
2.015031000000000000e+07,4.228999999999999773e+02,4.266000000000000227e+02,4.161999999999999886e+02,4.228000000000000114e+02,3.367900000000000000e+06
2.015031100000000000e+07,4.240000000000000000e+02,4.240000000000000000e+02,4.163999999999999773e+02,4.211000000000000227e+02,1.719000000000000000e+06
2.015031200000000000e+07,4.253000000000000114e+02,4.311000000000000227e+02,4.228000000000000114e+02,4.253999999999999773e+02,3.299000000000000000e+06
2.015031300000000000e+07,4.238000000000000114e+02,4.300000000000000000e+02,4.238000000000000114e+02,4.300000000000000000e+02,1.782800000000000000e+06
2.015031600000000000e+07,4.300000000000000000e+02,4.355000000000000000e+02,4.293750000000000000e+02,4.350000000000000000e+02,2.441300000000000000e+06
2.015031700000000000e+07,4.368999999999999773e+02,4.380000000000000000e+02,4.308999999999999773e+02,4.380000000000000000e+02,3.180400000000000000e+06
2.015031800000000000e+07,4.400000000000000000e+02,4.400000000000000000e+02,4.371999999999999886e+02,4.400000000000000000e+02,2.206100000000000000e+06
2.015031900000000000e+07,4.400000000000000000e+02,4.411999999999999886e+02,4.385000000000000000e+02,4.410000000000000000e+02,2.274200000000000000e+06
2.015032000000000000e+07,4.420000000000000000e+02,4.431000000000000227e+02,4.391999999999999886e+02,4.410000000000000000e+02,1.284420000000000000e+07
2.015032300000000000e+07,4.388000000000000114e+02,4.416000000000000227e+02,4.308199999999999932e+02,4.416000000000000227e+02,1.718900000000000000e+06
2.015032400000000000e+07,4.421000000000000227e+02,4.463000000000000114e+02,4.406000000000000227e+02,4.450000000000000000e+02,2.415800000000000000e+06
2.015032500000000000e+07,4.415000000000000000e+02,4.460000000000000000e+02,4.400000000000000000e+02,4.450000000000000000e+02,1.932600000000000000e+06
2.015032600000000000e+07,4.436999999999999886e+02,4.441000000000000227e+02,4.373999999999999773e+02,4.410000000000000000e+02,1.920200000000000000e+06
2.015032700000000000e+07,4.425000000000000000e+02,4.433000000000000114e+02,4.386999999999999886e+02,4.410000000000000000e+02,2.371600000000000000e+06
2.015033000000000000e+07,4.420000000000000000e+02,4.428999999999999773e+02,4.393999999999999773e+02,4.415000000000000000e+02,1.326000000000000000e+06
2.015033100000000000e+07,4.415000000000000000e+02,4.421000000000000227e+02,4.390000000000000000e+02,4.421000000000000227e+02,4.423400000000000000e+06
2.015040100000000000e+07,4.393000000000000114e+02,4.430000000000000000e+02,4.393000000000000114e+02,4.420000000000000000e+02,2.174800000000000000e+06
2.015040200000000000e+07,4.428999999999999773e+02,4.468000000000000114e+02,4.413860000000000241e+02,4.468000000000000114e+02,1.975200000000000000e+06
2.015040300000000000e+07,4.468000000000000114e+02,4.468000000000000114e+02,4.468000000000000114e+02,4.468000000000000114e+02,0.000000000000000000e+00
2.015040600000000000e+07,4.468000000000000114e+02,4.468000000000000114e+02,4.468000000000000114e+02,4.468000000000000114e+02,0.000000000000000000e+00
2.015040700000000000e+07,4.501999999999999886e+02,4.520000000000000000e+02,4.483999999999999773e+02,4.511000000000000227e+02,2.685900000000000000e+06
2.015040800000000000e+07,4.518999999999999773e+02,4.540000000000000000e+02,4.493299999999999841e+02,4.533000000000000114e+02,2.387300000000000000e+06
2.015040900000000000e+07,4.540000000000000000e+02,4.560000000000000000e+02,4.528000000000000114e+02,4.556999999999999886e+02,2.626800000000000000e+06
2.015041000000000000e+07,4.566999999999999886e+02,4.580000000000000000e+02,4.516999999999999886e+02,4.551000000000000227e+02,1.598430000000000000e+07
2.015041300000000000e+07,4.538000000000000114e+02,4.590000000000000000e+02,4.533999999999999773e+02,4.588000000000000114e+02,1.918600000000000000e+06
2.015041400000000000e+07,4.571999999999999886e+02,4.595000000000000000e+02,4.521999999999999886e+02,4.560000000000000000e+02,2.577100000000000000e+06
2.015041500000000000e+07,4.573000000000000114e+02,4.588000000000000114e+02,4.525000000000000000e+02,4.526000000000000227e+02,1.637200000000000000e+06
2.015041600000000000e+07,4.543999999999999773e+02,4.543999999999999773e+02,4.483999999999999773e+02,4.520000000000000000e+02,1.868700000000000000e+06
2.015041700000000000e+07,4.528000000000000114e+02,4.536000000000000227e+02,4.458999999999999773e+02,4.471999999999999886e+02,1.928300000000000000e+06
2.015042000000000000e+07,4.496999999999999886e+02,4.520000000000000000e+02,4.488000000000000114e+02,4.501000000000000227e+02,1.079700000000000000e+06
2.015042100000000000e+07,4.520000000000000000e+02,4.558999999999999773e+02,4.488999999999999773e+02,4.531999999999999886e+02,1.849400000000000000e+06
2.015042200000000000e+07,4.546000000000000227e+02,4.550000000000000000e+02,4.490000000000000000e+02,4.538999999999999773e+02,1.533700000000000000e+06
2.015042300000000000e+07,4.550000000000000000e+02,4.550000000000000000e+02,4.508999999999999773e+02,4.538999999999999773e+02,1.405000000000000000e+06
2.015042400000000000e+07,4.498999999999999773e+02,4.498999999999999773e+02,4.441999999999999886e+02,4.475000000000000000e+02,1.659900000000000000e+06
2.015042700000000000e+07,4.480000000000000000e+02,4.510000000000000000e+02,4.425000000000000000e+02,4.501000000000000227e+02,1.568000000000000000e+06
2.015042800000000000e+07,4.493999999999999773e+02,4.493999999999999773e+02,4.391000000000000227e+02,4.433999999999999773e+02,1.834500000000000000e+06
2.015042900000000000e+07,4.451000000000000227e+02,4.496999999999999886e+02,4.385000000000000000e+02,4.393999999999999773e+02,1.739600000000000000e+06
2.015043000000000000e+07,4.353000000000000114e+02,4.365000000000000000e+02,4.310000000000000000e+02,4.363999999999999773e+02,2.790500000000000000e+06
2.015050100000000000e+07,4.361000000000000227e+02,4.375000000000000000e+02,4.309329999999999927e+02,4.366999999999999886e+02,6.864000000000000000e+05
2.015050400000000000e+07,4.366999999999999886e+02,4.366999999999999886e+02,4.366999999999999886e+02,4.366999999999999886e+02,0.000000000000000000e+00
2.015050500000000000e+07,4.400000000000000000e+02,4.408000000000000114e+02,4.306000000000000227e+02,4.315000000000000000e+02,8.387000000000000000e+05
2.015050600000000000e+07,4.300000000000000000e+02,4.356000000000000227e+02,4.288530000000000086e+02,4.353000000000000114e+02,1.933100000000000000e+06
2.015050700000000000e+07,4.346000000000000227e+02,4.440000000000000000e+02,4.333999999999999773e+02,4.440000000000000000e+02,3.585200000000000000e+06
2.015050800000000000e+07,4.486999999999999886e+02,4.560000000000000000e+02,4.476000000000000227e+02,4.560000000000000000e+02,2.517500000000000000e+06
2.015051100000000000e+07,4.563000000000000114e+02,4.596999999999999886e+02,4.551800000000000068e+02,4.586999999999999886e+02,1.564700000000000000e+06
2.015051200000000000e+07,4.568000000000000114e+02,4.568000000000000114e+02,4.508000000000000114e+02,4.521999999999999886e+02,1.345000000000000000e+06
2.015051300000000000e+07,4.545000000000000000e+02,4.566999999999999886e+02,4.506000000000000227e+02,4.531999999999999886e+02,1.491500000000000000e+06
2.015051400000000000e+07,4.550000000000000000e+02,4.600000000000000000e+02,4.516000000000000227e+02,4.585000000000000000e+02,3.549700000000000000e+06
2.015051500000000000e+07,4.586000000000000227e+02,4.643999999999999773e+02,4.576999999999999886e+02,4.628999999999999773e+02,2.218600000000000000e+06
2.015051800000000000e+07,4.650000000000000000e+02,4.650000000000000000e+02,4.613000000000000114e+02,4.650000000000000000e+02,1.535600000000000000e+06
2.015051900000000000e+07,4.650000000000000000e+02,4.706999999999999886e+02,4.600000000000000000e+02,4.706999999999999886e+02,2.460400000000000000e+06
2.015052000000000000e+07,4.711000000000000227e+02,4.733000000000000114e+02,4.678000000000000114e+02,4.688999999999999773e+02,1.151500000000000000e+06
2.015052100000000000e+07,4.668000000000000114e+02,4.690000000000000000e+02,4.630000000000000000e+02,4.650000000000000000e+02,2.739400000000000000e+06
2.015052200000000000e+07,4.658999999999999773e+02,4.676700000000000159e+02,4.606000000000000227e+02,4.611999999999999886e+02,2.879500000000000000e+06
2.015052500000000000e+07,4.611999999999999886e+02,4.611999999999999886e+02,4.611999999999999886e+02,4.611999999999999886e+02,0.000000000000000000e+00
2.015052600000000000e+07,4.631999999999999886e+02,4.643999999999999773e+02,4.585000000000000000e+02,4.598999999999999773e+02,1.367500000000000000e+06
2.015052700000000000e+07,4.581000000000000227e+02,4.635000000000000000e+02,4.581000000000000227e+02,4.616999999999999886e+02,2.466200000000000000e+06
2.015052800000000000e+07,4.618000000000000114e+02,4.635000000000000000e+02,4.593999999999999773e+02,4.606000000000000227e+02,2.401500000000000000e+06
2.015052900000000000e+07,4.613000000000000114e+02,4.640000000000000000e+02,4.573000000000000114e+02,4.588999999999999773e+02,3.340300000000000000e+06
2.015060100000000000e+07,4.601000000000000227e+02,4.655000000000000000e+02,4.590000000000000000e+02,4.601999999999999886e+02,9.685000000000000000e+05
2.015060200000000000e+07,4.626000000000000227e+02,4.626000000000000227e+02,4.430000000000000000e+02,4.443000000000000114e+02,3.697000000000000000e+06
2.015060300000000000e+07,4.420000000000000000e+02,4.521999999999999886e+02,4.360000000000000000e+02,4.508999999999999773e+02,4.185100000000000000e+06
2.015060400000000000e+07,4.488999999999999773e+02,4.520000000000000000e+02,4.443000000000000114e+02,4.468999999999999773e+02,1.718800000000000000e+06
2.015060500000000000e+07,4.450000000000000000e+02,4.465000000000000000e+02,4.396999999999999886e+02,4.403999999999999773e+02,1.197900000000000000e+06
2.015060800000000000e+07,4.380000000000000000e+02,4.426000000000000227e+02,4.366000000000000227e+02,4.391000000000000227e+02,1.411700000000000000e+06
2.015060900000000000e+07,4.388999999999999773e+02,4.416999999999999886e+02,4.368999999999999773e+02,4.403999999999999773e+02,1.110600000000000000e+06
2.015061000000000000e+07,4.388999999999999773e+02,4.436999999999999886e+02,4.378999999999999773e+02,4.436999999999999886e+02,1.782900000000000000e+06
2.015061100000000000e+07,4.411999999999999886e+02,4.493000000000000114e+02,4.411999999999999886e+02,4.480000000000000000e+02,1.231100000000000000e+06
2.015061200000000000e+07,4.478999999999999773e+02,4.478999999999999773e+02,4.426000000000000227e+02,4.463999999999999773e+02,9.339000000000000000e+05
2.015061500000000000e+07,4.451999999999999886e+02,4.451999999999999886e+02,4.383999999999999773e+02,4.403999999999999773e+02,1.535200000000000000e+06
2.015061600000000000e+07,4.400000000000000000e+02,4.413000000000000114e+02,4.358999999999999773e+02,4.408000000000000114e+02,9.973000000000000000e+05
2.015061700000000000e+07,4.401999999999999886e+02,4.411999999999999886e+02,4.348000000000000114e+02,4.353999999999999773e+02,1.030100000000000000e+06
2.015061800000000000e+07,4.331999999999999886e+02,4.351999999999999886e+02,4.303999999999999773e+02,4.346000000000000227e+02,1.195600000000000000e+06
2.015061900000000000e+07,4.368999999999999773e+02,4.415000000000000000e+02,4.366879999999999882e+02,4.385000000000000000e+02,2.394900000000000000e+06
2.015062200000000000e+07,4.450000000000000000e+02,4.486000000000000227e+02,4.426999999999999886e+02,4.453000000000000114e+02,1.302600000000000000e+06
2.015062300000000000e+07,4.460000000000000000e+02,4.471999999999999886e+02,4.433000000000000114e+02,4.443000000000000114e+02,1.331000000000000000e+06
2.015062400000000000e+07,4.441999999999999886e+02,4.490000000000000000e+02,4.433000000000000114e+02,4.480000000000000000e+02,1.188000000000000000e+06
2.015062500000000000e+07,4.476999999999999886e+02,4.476999999999999886e+02,4.436000000000000227e+02,4.461000000000000227e+02,1.026900000000000000e+06
2.015062600000000000e+07,4.458999999999999773e+02,4.458999999999999773e+02,4.396000000000000227e+02,4.418999999999999773e+02,1.286900000000000000e+06
2.015062900000000000e+07,4.300000000000000000e+02,4.353999999999999773e+02,4.286000000000000227e+02,4.300000000000000000e+02,1.240100000000000000e+06
2.015063000000000000e+07,4.283000000000000114e+02,4.306999999999999886e+02,4.256000000000000227e+02,4.271000000000000227e+02,1.555400000000000000e+06
2.015070100000000000e+07,4.326000000000000227e+02,4.431999999999999886e+02,4.323999999999999773e+02,4.406000000000000227e+02,2.277200000000000000e+06
2.015070200000000000e+07,4.401999999999999886e+02,4.418000000000000114e+02,4.368999999999999773e+02,4.380000000000000000e+02,9.658000000000000000e+05
2.015070300000000000e+07,4.361999999999999886e+02,4.411000000000000227e+02,4.358000000000000114e+02,4.368000000000000114e+02,5.875000000000000000e+05
2.015070600000000000e+07,4.328000000000000114e+02,4.376000000000000227e+02,4.328000000000000114e+02,4.353000000000000114e+02,7.299000000000000000e+05
2.015070700000000000e+07,4.358999999999999773e+02,4.386999999999999886e+02,4.263000000000000114e+02,4.271000000000000227e+02,1.694400000000000000e+06
2.015070800000000000e+07,4.266999999999999886e+02,4.281000000000000227e+02,4.231000000000000227e+02,4.270000000000000000e+02,2.555300000000000000e+06
2.015070900000000000e+07,4.265000000000000000e+02,4.306000000000000227e+02,4.258000000000000114e+02,4.283999999999999773e+02,1.518200000000000000e+06
2.015071000000000000e+07,4.350000000000000000e+02,4.358000000000000114e+02,4.293999999999999773e+02,4.356999999999999886e+02,1.287400000000000000e+06
2.015071300000000000e+07,4.380000000000000000e+02,4.428000000000000114e+02,4.380000000000000000e+02,4.416000000000000227e+02,1.667900000000000000e+06
2.015071400000000000e+07,4.426999999999999886e+02,4.441999999999999886e+02,4.408000000000000114e+02,4.431999999999999886e+02,1.309100000000000000e+06
2.015071500000000000e+07,4.433999999999999773e+02,4.433999999999999773e+02,4.391000000000000227e+02,4.400000000000000000e+02,1.014600000000000000e+06
2.015071600000000000e+07,4.408000000000000114e+02,4.433999999999999773e+02,4.393000000000000114e+02,4.431000000000000227e+02,7.176000000000000000e+05
2.015071700000000000e+07,4.443000000000000114e+02,4.443000000000000114e+02,4.405000000000000000e+02,4.428000000000000114e+02,9.654000000000000000e+05
2.015072000000000000e+07,4.408000000000000114e+02,4.450000000000000000e+02,4.405749999999999886e+02,4.428000000000000114e+02,9.219000000000000000e+05
2.015072100000000000e+07,4.431999999999999886e+02,4.435000000000000000e+02,4.356999999999999886e+02,4.366000000000000227e+02,1.021400000000000000e+06
2.015072200000000000e+07,4.340000000000000000e+02,4.373000000000000114e+02,4.308000000000000114e+02,4.336000000000000227e+02,1.260200000000000000e+06
2.015072300000000000e+07,4.378999999999999773e+02,4.391999999999999886e+02,4.313999999999999773e+02,4.315000000000000000e+02,1.162900000000000000e+06
2.015072400000000000e+07,4.300000000000000000e+02,4.323000000000000114e+02,4.231000000000000227e+02,4.231000000000000227e+02,9.978000000000000000e+05
2.015072700000000000e+07,3.900000000000000000e+02,4.128000000000000114e+02,3.855000000000000000e+02,4.050000000000000000e+02,6.057300000000000000e+06
2.015072800000000000e+07,4.073999999999999773e+02,4.176000000000000227e+02,4.020000000000000000e+02,4.158999999999999773e+02,4.469800000000000000e+06
2.015072900000000000e+07,4.166999999999999886e+02,4.193480000000000132e+02,4.133000000000000114e+02,4.176000000000000227e+02,1.688300000000000000e+06
2.015073000000000000e+07,4.108999999999999773e+02,4.201000000000000227e+02,4.108999999999999773e+02,4.140000000000000000e+02,2.196700000000000000e+06
2.015073100000000000e+07,4.153999999999999773e+02,4.200000000000000000e+02,4.131539999999999964e+02,4.155000000000000000e+02,2.749400000000000000e+06
2.015080300000000000e+07,4.130000000000000000e+02,4.138999999999999773e+02,4.051999999999999886e+02,4.086000000000000227e+02,1.836400000000000000e+06
2.015080400000000000e+07,4.080000000000000000e+02,4.096879999999999882e+02,4.041000000000000227e+02,4.075000000000000000e+02,1.241000000000000000e+06
2.015080500000000000e+07,4.070000000000000000e+02,4.075000000000000000e+02,4.043000000000000114e+02,4.066999999999999886e+02,1.507800000000000000e+06
2.015080600000000000e+07,4.056999999999999886e+02,4.075000000000000000e+02,4.006000000000000227e+02,4.010000000000000000e+02,1.391700000000000000e+06
2.015080700000000000e+07,4.006000000000000227e+02,4.038000000000000114e+02,3.978000000000000114e+02,4.015000000000000000e+02,1.672000000000000000e+06
2.015081000000000000e+07,4.058000000000000114e+02,4.058000000000000114e+02,3.996000000000000227e+02,4.040000000000000000e+02,1.458100000000000000e+06
2.015081100000000000e+07,4.038999999999999773e+02,4.038999999999999773e+02,3.983999999999999773e+02,3.998000000000000114e+02,2.205400000000000000e+06
2.015081200000000000e+07,3.951000000000000227e+02,3.996999999999999886e+02,3.913000000000000114e+02,3.993999999999999773e+02,2.508300000000000000e+06
2.015081300000000000e+07,4.070000000000000000e+02,4.080000000000000000e+02,3.998000000000000114e+02,4.020000000000000000e+02,1.419300000000000000e+06
2.015081400000000000e+07,4.031999999999999886e+02,4.043000000000000114e+02,3.976000000000000227e+02,3.985000000000000000e+02,9.209000000000000000e+05
2.015081700000000000e+07,4.023999999999999773e+02,4.023999999999999773e+02,3.935000000000000000e+02,3.981999999999999886e+02,1.171900000000000000e+06
2.015081800000000000e+07,3.975000000000000000e+02,4.030000000000000000e+02,3.963999999999999773e+02,4.015000000000000000e+02,1.503000000000000000e+06
2.015081900000000000e+07,4.000000000000000000e+02,4.017400000000000091e+02,3.964719999999999800e+02,3.965000000000000000e+02,1.465800000000000000e+06
2.015082000000000000e+07,3.941999999999999886e+02,3.981999999999999886e+02,3.906000000000000227e+02,3.921000000000000227e+02,1.167700000000000000e+06
2.015082100000000000e+07,3.880000000000000000e+02,3.913000000000000114e+02,3.821000000000000227e+02,3.821000000000000227e+02,1.230200000000000000e+06
2.015082400000000000e+07,3.733999999999999773e+02,3.761200000000000045e+02,3.609320000000000164e+02,3.691999999999999886e+02,2.110800000000000000e+06
2.015082500000000000e+07,3.723999999999999773e+02,3.855000000000000000e+02,3.706999999999999886e+02,3.843999999999999773e+02,3.196300000000000000e+06
2.015082600000000000e+07,3.800000000000000000e+02,3.853000000000000114e+02,3.763809999999999718e+02,3.801999999999999886e+02,3.316500000000000000e+06
2.015082700000000000e+07,3.885000000000000000e+02,3.899800000000000182e+02,3.818000000000000114e+02,3.841999999999999886e+02,2.005700000000000000e+06
2.015082800000000000e+07,3.841000000000000227e+02,3.885000000000000000e+02,3.818999999999999773e+02,3.885000000000000000e+02,2.094500000000000000e+06
2.015083100000000000e+07,3.885000000000000000e+02,3.885000000000000000e+02,3.885000000000000000e+02,3.885000000000000000e+02,0.000000000000000000e+00
2.015090100000000000e+07,3.831000000000000227e+02,3.891000000000000227e+02,3.746999999999999886e+02,3.771999999999999886e+02,1.824000000000000000e+06
2.015090200000000000e+07,3.821999999999999886e+02,3.860000000000000000e+02,3.778000000000000114e+02,3.821000000000000227e+02,2.526100000000000000e+06
2.015090300000000000e+07,3.846999999999999886e+02,3.875000000000000000e+02,3.788000000000000114e+02,3.853000000000000114e+02,2.006200000000000000e+06
2.015090400000000000e+07,3.810000000000000000e+02,3.860000000000000000e+02,3.810000000000000000e+02,3.831999999999999886e+02,1.750900000000000000e+06
2.015090700000000000e+07,3.856000000000000227e+02,3.888000000000000114e+02,3.801000000000000227e+02,3.850000000000000000e+02,8.367000000000000000e+05
2.015090800000000000e+07,3.850000000000000000e+02,3.880439999999999827e+02,3.836999999999999886e+02,3.855000000000000000e+02,1.666400000000000000e+06
2.015090900000000000e+07,3.900000000000000000e+02,3.923000000000000114e+02,3.863000000000000114e+02,3.888999999999999773e+02,1.605700000000000000e+06
2.015091000000000000e+07,3.861000000000000227e+02,3.893999999999999773e+02,3.856000000000000227e+02,3.880000000000000000e+02,1.430000000000000000e+06
2.015091100000000000e+07,3.893000000000000114e+02,3.908600000000000136e+02,3.831000000000000227e+02,3.846000000000000227e+02,8.405000000000000000e+05
2.015091400000000000e+07,3.860000000000000000e+02,3.873999999999999773e+02,3.821000000000000227e+02,3.823000000000000114e+02,1.133000000000000000e+06
2.015091500000000000e+07,3.831000000000000227e+02,3.840000000000000000e+02,3.766000000000000227e+02,3.780000000000000000e+02,1.579700000000000000e+06
2.015091600000000000e+07,3.803000000000000114e+02,3.838000000000000114e+02,3.785000000000000000e+02,3.826999999999999886e+02,1.754200000000000000e+06
2.015091700000000000e+07,3.833999999999999773e+02,3.846999999999999886e+02,3.768000000000000114e+02,3.826000000000000227e+02,2.746200000000000000e+06
2.015091800000000000e+07,3.816999999999999886e+02,3.850000000000000000e+02,3.733999999999999773e+02,3.755000000000000000e+02,3.423800000000000000e+06
2.015092100000000000e+07,3.743000000000000114e+02,3.776999999999999886e+02,3.730000000000000000e+02,3.748999999999999773e+02,1.460300000000000000e+06
2.015092200000000000e+07,3.741000000000000227e+02,3.753559999999999945e+02,3.687049999999999841e+02,3.690000000000000000e+02,1.475900000000000000e+06
2.015092300000000000e+07,3.686999999999999886e+02,3.756000000000000227e+02,3.673999999999999773e+02,3.736999999999999886e+02,9.775000000000000000e+05
2.015092400000000000e+07,3.718999999999999773e+02,3.775000000000000000e+02,3.700000000000000000e+02,3.708000000000000114e+02,1.156700000000000000e+06
2.015092500000000000e+07,3.763999999999999773e+02,3.768999999999999773e+02,3.733000000000000114e+02,3.761999999999999886e+02,1.166200000000000000e+06
2.015092800000000000e+07,3.760000000000000000e+02,3.760000000000000000e+02,3.691999999999999886e+02,3.691999999999999886e+02,1.018400000000000000e+06
2.015092900000000000e+07,3.670000000000000000e+02,3.683999999999999773e+02,3.633879999999999768e+02,3.658999999999999773e+02,1.007200000000000000e+06
2.015093000000000000e+07,3.723000000000000114e+02,3.730439999999999827e+02,3.698000000000000114e+02,3.716000000000000227e+02,1.608000000000000000e+06
2.015100100000000000e+07,3.745000000000000000e+02,3.773000000000000114e+02,3.733000000000000114e+02,3.766000000000000227e+02,1.099800000000000000e+06
2.015100200000000000e+07,3.776000000000000227e+02,3.803000000000000114e+02,3.720000000000000000e+02,3.758999999999999773e+02,9.569000000000000000e+05
2.015100500000000000e+07,3.803999999999999773e+02,3.840000000000000000e+02,3.793120000000000118e+02,3.828999999999999773e+02,7.479000000000000000e+05
2.015100600000000000e+07,3.841999999999999886e+02,3.858999999999999773e+02,3.818999999999999773e+02,3.841999999999999886e+02,7.124000000000000000e+05
2.015100700000000000e+07,3.838000000000000114e+02,3.840950000000000273e+02,3.773000000000000114e+02,3.810000000000000000e+02,1.503900000000000000e+06
2.015100800000000000e+07,3.815000000000000000e+02,3.856999999999999886e+02,3.806999999999999886e+02,3.841999999999999886e+02,8.041000000000000000e+05
2.015100900000000000e+07,3.868000000000000114e+02,3.870000000000000000e+02,3.821000000000000227e+02,3.850000000000000000e+02,9.241000000000000000e+05
2.015101200000000000e+07,3.836000000000000227e+02,3.846039999999999850e+02,3.791000000000000227e+02,3.813000000000000114e+02,1.035200000000000000e+06
2.015101300000000000e+07,3.806999999999999886e+02,3.806999999999999886e+02,3.781000000000000227e+02,3.791999999999999886e+02,7.018000000000000000e+05
2.015101400000000000e+07,3.778999999999999773e+02,3.785769999999999982e+02,3.651999999999999886e+02,3.670000000000000000e+02,1.680600000000000000e+06
2.015101500000000000e+07,3.681999999999999886e+02,3.698999999999999773e+02,3.658999999999999773e+02,3.680000000000000000e+02,1.966500000000000000e+06
2.015101600000000000e+07,3.686000000000000227e+02,3.716999999999999886e+02,3.678999999999999773e+02,3.701000000000000227e+02,1.451100000000000000e+06
2.015101900000000000e+07,3.685000000000000000e+02,3.728999999999999773e+02,3.685000000000000000e+02,3.713000000000000114e+02,1.150600000000000000e+06
2.015102000000000000e+07,3.726999999999999886e+02,3.743999999999999773e+02,3.696999999999999886e+02,3.716000000000000227e+02,1.083300000000000000e+06
2.015102100000000000e+07,3.750000000000000000e+02,3.895000000000000000e+02,3.748999999999999773e+02,3.890000000000000000e+02,3.085700000000000000e+06
2.015102200000000000e+07,3.873000000000000114e+02,3.891909999999999741e+02,3.808999999999999773e+02,3.863000000000000114e+02,3.012500000000000000e+06
2.015102300000000000e+07,3.868000000000000114e+02,3.986000000000000227e+02,3.863999999999999773e+02,3.983000000000000114e+02,3.450900000000000000e+06
2.015102600000000000e+07,3.966999999999999886e+02,3.988450000000000273e+02,3.956999999999999886e+02,3.983999999999999773e+02,1.226200000000000000e+06
2.015102700000000000e+07,3.991000000000000227e+02,3.991000000000000227e+02,3.945000000000000000e+02,3.950000000000000000e+02,1.526800000000000000e+06
2.015102800000000000e+07,3.956000000000000227e+02,4.003999999999999773e+02,3.945000000000000000e+02,4.003999999999999773e+02,1.107200000000000000e+06
2.015102900000000000e+07,4.030000000000000000e+02,4.098999999999999773e+02,4.013999999999999773e+02,4.093000000000000114e+02,3.091700000000000000e+06
2.015103000000000000e+07,4.103000000000000114e+02,4.148000000000000114e+02,4.091000000000000227e+02,4.148000000000000114e+02,2.758000000000000000e+06
2.015110200000000000e+07,4.113999999999999773e+02,4.138999999999999773e+02,4.101000000000000227e+02,4.108000000000000114e+02,1.258000000000000000e+06
2.015110300000000000e+07,4.116999999999999886e+02,4.137549999999999955e+02,4.096999999999999886e+02,4.118999999999999773e+02,1.723800000000000000e+06
2.015110400000000000e+07,4.108000000000000114e+02,4.135000000000000000e+02,4.088999999999999773e+02,4.113000000000000114e+02,9.706000000000000000e+05
2.015110500000000000e+07,4.111000000000000227e+02,4.131999999999999886e+02,4.086999999999999886e+02,4.086999999999999886e+02,1.158600000000000000e+06
2.015110600000000000e+07,4.116999999999999886e+02,4.156000000000000227e+02,4.081999999999999886e+02,4.121999999999999886e+02,1.078900000000000000e+06
2.015110900000000000e+07,4.113000000000000114e+02,4.145729999999999791e+02,4.073000000000000114e+02,4.073000000000000114e+02,1.204800000000000000e+06
2.015111000000000000e+07,4.073000000000000114e+02,4.116999999999999886e+02,4.003000000000000114e+02,4.003000000000000114e+02,1.615900000000000000e+06
2.015111100000000000e+07,4.033999999999999773e+02,4.103000000000000114e+02,4.031999999999999886e+02,4.103000000000000114e+02,9.954000000000000000e+05
2.015111200000000000e+07,4.108999999999999773e+02,4.128000000000000114e+02,4.041000000000000227e+02,4.041000000000000227e+02,1.543500000000000000e+06
2.015111300000000000e+07,4.063999999999999773e+02,4.063999999999999773e+02,3.955000000000000000e+02,3.961000000000000227e+02,1.048400000000000000e+06
2.015111600000000000e+07,3.948000000000000114e+02,4.023000000000000114e+02,3.893000000000000114e+02,3.935000000000000000e+02,1.241200000000000000e+06
2.015111700000000000e+07,3.973000000000000114e+02,4.036000000000000227e+02,3.948249999999999886e+02,4.036000000000000227e+02,1.037800000000000000e+06
2.015111800000000000e+07,4.021999999999999886e+02,4.111000000000000227e+02,4.021000000000000227e+02,4.098000000000000114e+02,1.599500000000000000e+06
2.015111900000000000e+07,4.138999999999999773e+02,4.143999999999999773e+02,4.096999999999999886e+02,4.128000000000000114e+02,1.482800000000000000e+06
2.015112000000000000e+07,4.143999999999999773e+02,4.143999999999999773e+02,4.101999999999999886e+02,4.116000000000000227e+02,8.327000000000000000e+05
2.015112300000000000e+07,4.070000000000000000e+02,4.090000000000000000e+02,4.050000000000000000e+02,4.063000000000000114e+02,7.143000000000000000e+05
2.015112400000000000e+07,4.045000000000000000e+02,4.073949999999999818e+02,3.938999999999999773e+02,3.958999999999999773e+02,1.241100000000000000e+06
2.015112500000000000e+07,3.986999999999999886e+02,4.060000000000000000e+02,3.969180000000000064e+02,4.050000000000000000e+02,2.074500000000000000e+06
2.015112600000000000e+07,4.050000000000000000e+02,4.091999999999999886e+02,4.038999999999999773e+02,4.085000000000000000e+02,9.172000000000000000e+05
2.015112700000000000e+07,4.073999999999999773e+02,4.090210000000000150e+02,4.055000000000000000e+02,4.075000000000000000e+02,1.092200000000000000e+06
2.015113000000000000e+07,4.088999999999999773e+02,4.116000000000000227e+02,4.035000000000000000e+02,4.091999999999999886e+02,2.362600000000000000e+06
2.015120100000000000e+07,4.150000000000000000e+02,4.175000000000000000e+02,4.105000000000000000e+02,4.150000000000000000e+02,2.430800000000000000e+06
2.015120200000000000e+07,4.175000000000000000e+02,4.253000000000000114e+02,4.146000000000000227e+02,4.250000000000000000e+02,1.770500000000000000e+06
2.015120300000000000e+07,4.253999999999999773e+02,4.278999999999999773e+02,4.235000000000000000e+02,4.235000000000000000e+02,2.105500000000000000e+06
2.015120400000000000e+07,4.240000000000000000e+02,4.290000000000000000e+02,4.210000000000000000e+02,4.286999999999999886e+02,1.099400000000000000e+06
2.015120700000000000e+07,4.300000000000000000e+02,4.390000000000000000e+02,4.300000000000000000e+02,4.351999999999999886e+02,1.579300000000000000e+06
2.015120800000000000e+07,4.368000000000000114e+02,4.375000000000000000e+02,4.308000000000000114e+02,4.315000000000000000e+02,1.320100000000000000e+06
2.015120900000000000e+07,4.316000000000000227e+02,4.353000000000000114e+02,4.305000000000000000e+02,4.305000000000000000e+02,1.169100000000000000e+06
2.015121000000000000e+07,4.300000000000000000e+02,4.345000000000000000e+02,4.290000000000000000e+02,4.333999999999999773e+02,1.023500000000000000e+06
2.015121100000000000e+07,4.335000000000000000e+02,4.388000000000000114e+02,4.318000000000000114e+02,4.360000000000000000e+02,1.765800000000000000e+06
2.015121400000000000e+07,4.340000000000000000e+02,4.408999999999999773e+02,4.340000000000000000e+02,4.353000000000000114e+02,1.413300000000000000e+06
2.015121500000000000e+07,4.386999999999999886e+02,4.390000000000000000e+02,4.338000000000000114e+02,4.370000000000000000e+02,2.163600000000000000e+06
2.015121600000000000e+07,4.381999999999999886e+02,4.408999999999999773e+02,4.348999999999999773e+02,4.396999999999999886e+02,1.132700000000000000e+06
2.015121700000000000e+07,4.450000000000000000e+02,4.468000000000000114e+02,4.418999999999999773e+02,4.441999999999999886e+02,1.414000000000000000e+06
2.015121800000000000e+07,4.420000000000000000e+02,4.446000000000000227e+02,4.400000000000000000e+02,4.415000000000000000e+02,2.224100000000000000e+06
2.015122100000000000e+07,4.400000000000000000e+02,4.461999999999999886e+02,4.381410000000000196e+02,4.418000000000000114e+02,9.951000000000000000e+05
2.015122200000000000e+07,4.456000000000000227e+02,4.456000000000000227e+02,4.381000000000000227e+02,4.418999999999999773e+02,7.488000000000000000e+05
2.015122300000000000e+07,4.431999999999999886e+02,4.491999999999999886e+02,4.428999999999999773e+02,4.470000000000000000e+02,8.191000000000000000e+05
2.015122400000000000e+07,4.491000000000000227e+02,4.506999999999999886e+02,4.458000000000000114e+02,4.500000000000000000e+02,2.090000000000000000e+05
2.015122500000000000e+07,4.500000000000000000e+02,4.500000000000000000e+02,4.500000000000000000e+02,4.500000000000000000e+02,0.000000000000000000e+00
2.015122800000000000e+07,4.500000000000000000e+02,4.500000000000000000e+02,4.500000000000000000e+02,4.500000000000000000e+02,0.000000000000000000e+00
2.015122900000000000e+07,4.518999999999999773e+02,4.570000000000000000e+02,4.470000000000000000e+02,4.570000000000000000e+02,8.149000000000000000e+05
2.015123000000000000e+07,4.546000000000000227e+02,4.581999999999999886e+02,4.543999999999999773e+02,4.560000000000000000e+02,5.871000000000000000e+05
2.015123100000000000e+07,4.541000000000000227e+02,4.566000000000000227e+02,4.500000000000000000e+02,4.555000000000000000e+02,1.296000000000000000e+05
2.016010400000000000e+07,4.501999999999999886e+02,4.518000000000000114e+02,4.418000000000000114e+02,4.436999999999999886e+02,1.028200000000000000e+06
2.016010500000000000e+07,4.436999999999999886e+02,4.508999999999999773e+02,4.422300000000000182e+02,4.493999999999999773e+02,9.852000000000000000e+05
2.016010600000000000e+07,4.476000000000000227e+02,4.485000000000000000e+02,4.401999999999999886e+02,4.438999999999999773e+02,1.008200000000000000e+06
2.016010700000000000e+07,4.376999999999999886e+02,4.376999999999999886e+02,4.250000000000000000e+02,4.358000000000000114e+02,1.505900000000000000e+06
2.016010800000000000e+07,4.370000000000000000e+02,4.463999999999999773e+02,4.353999999999999773e+02,4.403999999999999773e+02,9.640000000000000000e+05
2.016011100000000000e+07,4.395000000000000000e+02,4.421999999999999886e+02,4.376999999999999886e+02,4.376999999999999886e+02,9.555000000000000000e+05
2.016011200000000000e+07,4.396000000000000227e+02,4.478999999999999773e+02,4.385000000000000000e+02,4.416999999999999886e+02,1.391900000000000000e+06
2.016011300000000000e+07,4.456999999999999886e+02,4.468000000000000114e+02,4.291999999999999886e+02,4.298000000000000114e+02,1.748300000000000000e+06
2.016011400000000000e+07,4.211000000000000227e+02,4.211000000000000227e+02,4.026999999999999886e+02,4.066999999999999886e+02,3.247200000000000000e+06
2.016011500000000000e+07,4.063000000000000114e+02,4.121000000000000227e+02,4.001000000000000227e+02,4.068000000000000114e+02,2.323300000000000000e+06
2.016011800000000000e+07,4.058999999999999773e+02,4.135000000000000000e+02,4.040000000000000000e+02,4.043000000000000114e+02,9.938000000000000000e+05
2.016011900000000000e+07,4.115000000000000000e+02,4.118000000000000114e+02,4.023000000000000114e+02,4.100000000000000000e+02,2.458800000000000000e+06
2.016012000000000000e+07,4.020000000000000000e+02,4.066999999999999886e+02,3.978000000000000114e+02,4.028000000000000114e+02,2.381900000000000000e+06
2.016012100000000000e+07,4.056999999999999886e+02,4.082710000000000150e+02,3.958999999999999773e+02,4.016000000000000227e+02,2.702600000000000000e+06
2.016012200000000000e+07,4.068000000000000114e+02,4.110000000000000000e+02,4.061999999999999886e+02,4.090000000000000000e+02,1.155700000000000000e+06
2.016012500000000000e+07,4.131999999999999886e+02,4.138000000000000114e+02,4.090000000000000000e+02,4.130000000000000000e+02,9.027000000000000000e+05
2.016012600000000000e+07,4.065000000000000000e+02,4.103000000000000114e+02,4.056999999999999886e+02,4.078000000000000114e+02,9.121000000000000000e+05
2.016012700000000000e+07,4.056999999999999886e+02,4.103000000000000114e+02,4.050000000000000000e+02,4.098000000000000114e+02,1.573600000000000000e+06
2.016012800000000000e+07,4.078999999999999773e+02,4.116000000000000227e+02,3.958000000000000114e+02,4.078999999999999773e+02,1.000600000000000000e+06
2.016012900000000000e+07,4.113999999999999773e+02,4.136999999999999886e+02,4.081000000000000227e+02,4.136999999999999886e+02,2.360500000000000000e+06
2.016020100000000000e+07,4.131000000000000227e+02,4.150000000000000000e+02,4.111999999999999886e+02,4.136999999999999886e+02,1.417300000000000000e+06
2.016020200000000000e+07,4.136999999999999886e+02,4.185000000000000000e+02,4.096639999999999873e+02,4.135000000000000000e+02,1.245800000000000000e+06
2.016020300000000000e+07,4.115000000000000000e+02,4.130000000000000000e+02,4.008999999999999773e+02,4.053000000000000114e+02,1.114700000000000000e+06
2.016020400000000000e+07,4.101000000000000227e+02,4.106759999999999877e+02,4.023999999999999773e+02,4.088000000000000114e+02,1.121500000000000000e+06
2.016020500000000000e+07,4.108999999999999773e+02,4.143000000000000114e+02,4.008999999999999773e+02,4.021999999999999886e+02,1.178300000000000000e+06
2.016020800000000000e+07,4.041000000000000227e+02,4.043999999999999773e+02,3.773999999999999773e+02,3.798000000000000114e+02,1.552800000000000000e+06
2.016020900000000000e+07,3.821000000000000227e+02,3.880000000000000000e+02,3.778999999999999773e+02,3.865000000000000000e+02,1.856700000000000000e+06
2.016021000000000000e+07,3.911999999999999886e+02,3.960000000000000000e+02,3.863000000000000114e+02,3.938999999999999773e+02,1.312900000000000000e+06
2.016021100000000000e+07,3.916999999999999886e+02,3.916999999999999886e+02,3.838999999999999773e+02,3.851000000000000227e+02,1.314300000000000000e+06
2.016021200000000000e+07,3.861999999999999886e+02,3.945000000000000000e+02,3.858000000000000114e+02,3.943999999999999773e+02,1.544700000000000000e+06
2.016021500000000000e+07,3.980000000000000000e+02,4.053000000000000114e+02,3.968079999999999927e+02,4.018000000000000114e+02,8.802000000000000000e+05
2.016021600000000000e+07,4.030000000000000000e+02,4.178000000000000114e+02,4.008000000000000114e+02,4.150000000000000000e+02,1.899800000000000000e+06
2.016021700000000000e+07,4.143000000000000114e+02,4.295000000000000000e+02,4.143000000000000114e+02,4.295000000000000000e+02,1.561200000000000000e+06
2.016021800000000000e+07,4.303999999999999773e+02,4.321000000000000227e+02,4.250000000000000000e+02,4.311000000000000227e+02,1.113300000000000000e+06
2.016021900000000000e+07,4.315000000000000000e+02,4.358000000000000114e+02,4.283000000000000114e+02,4.358000000000000114e+02,7.718000000000000000e+05
2.016022200000000000e+07,4.361000000000000227e+02,4.426000000000000227e+02,4.361000000000000227e+02,4.406999999999999886e+02,5.960000000000000000e+05
2.016022300000000000e+07,4.441999999999999886e+02,4.475000000000000000e+02,4.363999999999999773e+02,4.390000000000000000e+02,1.862100000000000000e+06
2.016022400000000000e+07,4.356000000000000227e+02,4.383999999999999773e+02,4.295000000000000000e+02,4.346999999999999886e+02,1.546200000000000000e+06
2.016022500000000000e+07,4.271000000000000227e+02,4.568000000000000114e+02,4.271000000000000227e+02,4.533000000000000114e+02,2.269900000000000000e+06
2.016022600000000000e+07,4.570000000000000000e+02,4.576000000000000227e+02,4.456000000000000227e+02,4.488999999999999773e+02,1.810600000000000000e+06
