2.013101100000000000e+07,4.500000000000000000e+02,4.597500000000000000e+02,3.300000000000000000e+02,4.550000000000000000e+02,2.122940000000000000e+08
2.013101400000000000e+07,4.550000000000000000e+02,4.752780000000000200e+02,4.379110000000000014e+02,4.750000000000000000e+02,6.395750000000000000e+07
2.013101500000000000e+07,4.780000000000000000e+02,4.906600000000000250e+02,3.300000000000000000e+02,4.890000000000000000e+02,3.792000000000000000e+07
2.013101600000000000e+07,4.880000000000000000e+02,4.880000000000000000e+02,4.662500000000000000e+02,4.750000000000000000e+02,2.129680000000000000e+07
2.013101700000000000e+07,4.800000000000000000e+02,4.815009999999999764e+02,4.720620000000000118e+02,4.800000000000000000e+02,8.382800000000000000e+06
2.013101800000000000e+07,4.870000000000000000e+02,5.083210000000000264e+02,4.497500000000000000e+02,5.025000000000000000e+02,1.915250000000000000e+07
2.013102100000000000e+07,5.090000000000000000e+02,5.385000000000000000e+02,4.952500000000000000e+02,4.980000000000000000e+02,1.633750000000000000e+07
2.013102200000000000e+07,5.050000000000000000e+02,5.089800000000000182e+02,4.852500000000000000e+02,4.990000000000000000e+02,6.941400000000000000e+06
2.013102300000000000e+07,5.110000000000000000e+02,5.370000000000000000e+02,5.000000000000000000e+02,5.370000000000000000e+02,1.231830000000000000e+07
2.013102400000000000e+07,5.400000000000000000e+02,5.450000000000000000e+02,5.170000000000000000e+02,5.290000000000000000e+02,8.824000000000000000e+06
2.013102500000000000e+07,5.340000000000000000e+02,5.570000000000000000e+02,5.265000000000000000e+02,5.550000000000000000e+02,1.116360000000000000e+07
2.013102800000000000e+07,5.630000000000000000e+02,5.686470000000000482e+02,5.418500000000000227e+02,5.465000000000000000e+02,9.039800000000000000e+06
2.013102900000000000e+07,5.490000000000000000e+02,5.490000000000000000e+02,5.335000000000000000e+02,5.345000000000000000e+02,5.520700000000000000e+06
2.013103000000000000e+07,5.380000000000000000e+02,5.470720000000000027e+02,5.346699999999999591e+02,5.415000000000000000e+02,3.631200000000000000e+06
2.013103100000000000e+07,5.450000000000000000e+02,5.620000000000000000e+02,5.450000000000000000e+02,5.600000000000000000e+02,4.717700000000000000e+06
2.013110100000000000e+07,5.640000000000000000e+02,5.780000000000000000e+02,5.600000000000000000e+02,5.740000000000000000e+02,7.120200000000000000e+06
2.013110400000000000e+07,5.800000000000000000e+02,5.893260000000000218e+02,5.720000000000000000e+02,5.870000000000000000e+02,4.215100000000000000e+06
2.013110500000000000e+07,5.950000000000000000e+02,5.950000000000000000e+02,5.705000000000000000e+02,5.800000000000000000e+02,5.389800000000000000e+06
2.013110600000000000e+07,5.865000000000000000e+02,5.870000000000000000e+02,5.735000000000000000e+02,5.780000000000000000e+02,3.172300000000000000e+06
2.013110700000000000e+07,5.795000000000000000e+02,5.795000000000000000e+02,5.654460000000000264e+02,5.715000000000000000e+02,4.100700000000000000e+06
2.013110800000000000e+07,5.650000000000000000e+02,5.720000000000000000e+02,5.505000000000000000e+02,5.690000000000000000e+02,3.518300000000000000e+06
2.013111100000000000e+07,5.730000000000000000e+02,5.750000000000000000e+02,5.555000000000000000e+02,5.565000000000000000e+02,2.732700000000000000e+06
2.013111200000000000e+07,5.550000000000000000e+02,5.630000000000000000e+02,5.375439999999999827e+02,5.470000000000000000e+02,6.497600000000000000e+06
2.013111300000000000e+07,5.445000000000000000e+02,5.616549999999999727e+02,5.425000000000000000e+02,5.550000000000000000e+02,1.120900000000000000e+06
2.013111400000000000e+07,5.585000000000000000e+02,5.649249999999999545e+02,5.564080000000000155e+02,5.570000000000000000e+02,1.176200000000000000e+06
2.013111500000000000e+07,5.620000000000000000e+02,5.747400000000000091e+02,5.555000000000000000e+02,5.600000000000000000e+02,1.464500000000000000e+06
2.013111800000000000e+07,5.600000000000000000e+02,5.650000000000000000e+02,5.535000000000000000e+02,5.545000000000000000e+02,1.296800000000000000e+06
2.013111900000000000e+07,5.560000000000000000e+02,5.565000000000000000e+02,5.460000000000000000e+02,5.500000000000000000e+02,1.665000000000000000e+06
2.013112000000000000e+07,5.410000000000000000e+02,5.527500000000000000e+02,5.280000000000000000e+02,5.500000000000000000e+02,3.249700000000000000e+06
2.013112100000000000e+07,5.420000000000000000e+02,5.500000000000000000e+02,5.410000000000000000e+02,5.450000000000000000e+02,2.343000000000000000e+06
2.013112200000000000e+07,5.440000000000000000e+02,5.463129999999999882e+02,5.330000000000000000e+02,5.390000000000000000e+02,2.542100000000000000e+06
2.013112500000000000e+07,5.375000000000000000e+02,5.386599999999999682e+02,5.307200000000000273e+02,5.335000000000000000e+02,2.997300000000000000e+06
2.013112600000000000e+07,5.330000000000000000e+02,5.375000000000000000e+02,5.290750000000000455e+02,5.330000000000000000e+02,4.312300000000000000e+06
2.013112700000000000e+07,5.500000000000000000e+02,5.718750000000000000e+02,5.420000000000000000e+02,5.650000000000000000e+02,7.326000000000000000e+06
2.013112800000000000e+07,5.685000000000000000e+02,5.740000000000000000e+02,5.512000000000000455e+02,5.550000000000000000e+02,2.496900000000000000e+06
2.013112900000000000e+07,5.510000000000000000e+02,5.595000000000000000e+02,5.460499999999999545e+02,5.550000000000000000e+02,4.132700000000000000e+06
2.013120200000000000e+07,5.505000000000000000e+02,5.715000000000000000e+02,5.331989999999999554e+02,5.700000000000000000e+02,2.174400000000000000e+06
2.013120300000000000e+07,5.655000000000000000e+02,5.885969999999999800e+02,5.520589999999999691e+02,5.800000000000000000e+02,2.204700000000000000e+06
2.013120400000000000e+07,5.830000000000000000e+02,5.905000000000000000e+02,5.805370000000000346e+02,5.905000000000000000e+02,2.501200000000000000e+06
2.013120500000000000e+07,5.835000000000000000e+02,6.035000000000000000e+02,5.798400000000000318e+02,5.965000000000000000e+02,3.764400000000000000e+06
2.013120600000000000e+07,5.950000000000000000e+02,6.000000000000000000e+02,5.790000000000000000e+02,5.945000000000000000e+02,1.352300000000000000e+06
2.013120900000000000e+07,5.930000000000000000e+02,5.990000000000000000e+02,5.915000000000000000e+02,5.970000000000000000e+02,1.223600000000000000e+06
2.013121000000000000e+07,5.980000000000000000e+02,6.070000000000000000e+02,5.915000000000000000e+02,5.965000000000000000e+02,3.507300000000000000e+06
2.013121100000000000e+07,5.910000000000000000e+02,5.922799999999999727e+02,5.825000000000000000e+02,5.860000000000000000e+02,1.864000000000000000e+06
2.013121200000000000e+07,5.800000000000000000e+02,5.910000000000000000e+02,5.795000000000000000e+02,5.850000000000000000e+02,1.735200000000000000e+06
2.013121300000000000e+07,5.770000000000000000e+02,5.945000000000000000e+02,5.770000000000000000e+02,5.895000000000000000e+02,1.992300000000000000e+06
2.013121600000000000e+07,5.920000000000000000e+02,5.949370000000000118e+02,5.868600000000000136e+02,5.930000000000000000e+02,1.182200000000000000e+06
2.013121700000000000e+07,5.930000000000000000e+02,5.963469999999999800e+02,5.800000000000000000e+02,5.815000000000000000e+02,1.319400000000000000e+06
2.013121800000000000e+07,5.870000000000000000e+02,5.890000000000000000e+02,5.740000000000000000e+02,5.750000000000000000e+02,1.647300000000000000e+06
2.013121900000000000e+07,5.750000000000000000e+02,5.925000000000000000e+02,5.750000000000000000e+02,5.900000000000000000e+02,3.667100000000000000e+06
2.013122000000000000e+07,5.950000000000000000e+02,6.055000000000000000e+02,5.883400000000000318e+02,5.910000000000000000e+02,5.026880000000000000e+07
2.013122300000000000e+07,5.900000000000000000e+02,5.910000000000000000e+02,5.754099999999999682e+02,5.800000000000000000e+02,2.792500000000000000e+06
2.013122400000000000e+07,5.760000000000000000e+02,5.835000000000000000e+02,5.760000000000000000e+02,5.785000000000000000e+02,3.129000000000000000e+05
2.013122500000000000e+07,5.785000000000000000e+02,5.785000000000000000e+02,5.785000000000000000e+02,5.785000000000000000e+02,0.000000000000000000e+00
2.013122600000000000e+07,5.785000000000000000e+02,5.785000000000000000e+02,5.785000000000000000e+02,5.785000000000000000e+02,0.000000000000000000e+00
2.013122700000000000e+07,5.760000000000000000e+02,5.840000000000000000e+02,5.760000000000000000e+02,5.800000000000000000e+02,8.294000000000000000e+05
2.013123000000000000e+07,5.770000000000000000e+02,5.810000000000000000e+02,5.735000000000000000e+02,5.755000000000000000e+02,1.442000000000000000e+06
2.013123100000000000e+07,5.750000000000000000e+02,5.795000000000000000e+02,5.620000000000000000e+02,5.700000000000000000e+02,7.566000000000000000e+05
2.014010100000000000e+07,5.700000000000000000e+02,5.700000000000000000e+02,5.700000000000000000e+02,5.700000000000000000e+02,0.000000000000000000e+00
2.014010200000000000e+07,5.715000000000000000e+02,5.820000000000000000e+02,5.692999999999999545e+02,5.790000000000000000e+02,2.328600000000000000e+06
2.014010300000000000e+07,5.800000000000000000e+02,5.820000000000000000e+02,5.749500000000000455e+02,5.800000000000000000e+02,1.100700000000000000e+06
2.014010600000000000e+07,5.750000000000000000e+02,5.820000000000000000e+02,5.710000000000000000e+02,5.720000000000000000e+02,1.195900000000000000e+06
2.014010700000000000e+07,5.730000000000000000e+02,5.730000000000000000e+02,5.568999999999999773e+02,5.610000000000000000e+02,1.780000000000000000e+06
2.014010800000000000e+07,5.620000000000000000e+02,5.660000000000000000e+02,5.505000000000000000e+02,5.620000000000000000e+02,2.454600000000000000e+06
2.014010900000000000e+07,5.640000000000000000e+02,5.700000000000000000e+02,5.600000000000000000e+02,5.610000000000000000e+02,2.450800000000000000e+06
2.014011000000000000e+07,5.625000000000000000e+02,5.850000000000000000e+02,5.625000000000000000e+02,5.830000000000000000e+02,2.435700000000000000e+06
2.014011300000000000e+07,5.880000000000000000e+02,5.880000000000000000e+02,5.800000000000000000e+02,5.870000000000000000e+02,1.942300000000000000e+06
2.014011400000000000e+07,5.930000000000000000e+02,5.980000000000000000e+02,5.851649999999999636e+02,5.970000000000000000e+02,1.932800000000000000e+06
2.014011500000000000e+07,5.985000000000000000e+02,6.155099999999999909e+02,5.960019999999999527e+02,6.150000000000000000e+02,2.917200000000000000e+06
2.014011600000000000e+07,6.100000000000000000e+02,6.180000000000000000e+02,6.035000000000000000e+02,6.040000000000000000e+02,2.025300000000000000e+06
2.014011700000000000e+07,6.020000000000000000e+02,6.125570000000000164e+02,6.020000000000000000e+02,6.045000000000000000e+02,1.767200000000000000e+06
2.014012000000000000e+07,6.010000000000000000e+02,6.145000000000000000e+02,5.980000000000000000e+02,6.000000000000000000e+02,1.089200000000000000e+06
2.014012100000000000e+07,6.000000000000000000e+02,6.045000000000000000e+02,5.975000000000000000e+02,6.005000000000000000e+02,1.196000000000000000e+06
2.014012200000000000e+07,5.995000000000000000e+02,6.080000000000000000e+02,5.995000000000000000e+02,6.000000000000000000e+02,1.167200000000000000e+06
2.014012300000000000e+07,6.025000000000000000e+02,6.065000000000000000e+02,5.868600000000000136e+02,5.880000000000000000e+02,3.530300000000000000e+06
2.014012400000000000e+07,5.890000000000000000e+02,5.950000000000000000e+02,5.705000000000000000e+02,5.725000000000000000e+02,2.966200000000000000e+06
2.014012700000000000e+07,5.635000000000000000e+02,5.700000000000000000e+02,5.590000000000000000e+02,5.590000000000000000e+02,2.866000000000000000e+06
2.014012800000000000e+07,5.610000000000000000e+02,5.805000000000000000e+02,5.580000000000000000e+02,5.785000000000000000e+02,2.386100000000000000e+06
2.014012900000000000e+07,5.835000000000000000e+02,5.934199999999999591e+02,5.805000000000000000e+02,5.900000000000000000e+02,1.986000000000000000e+06
2.014013000000000000e+07,5.915000000000000000e+02,6.020000000000000000e+02,5.853250000000000455e+02,6.020000000000000000e+02,2.783100000000000000e+06
2.014013100000000000e+07,6.035000000000000000e+02,6.053700000000000045e+02,5.900000000000000000e+02,5.980000000000000000e+02,2.100800000000000000e+06
2.014020300000000000e+07,5.935000000000000000e+02,5.995000000000000000e+02,5.900000000000000000e+02,5.940000000000000000e+02,2.580100000000000000e+06
2.014020400000000000e+07,5.940000000000000000e+02,5.940000000000000000e+02,5.825000000000000000e+02,5.870000000000000000e+02,1.616400000000000000e+06
2.014020500000000000e+07,5.840000000000000000e+02,5.908400000000000318e+02,5.835000000000000000e+02,5.850000000000000000e+02,3.343300000000000000e+06
2.014020600000000000e+07,5.890000000000000000e+02,5.891399999999999864e+02,5.830000000000000000e+02,5.855000000000000000e+02,1.299400000000000000e+06
2.014020700000000000e+07,5.885000000000000000e+02,5.899210000000000491e+02,5.855000000000000000e+02,5.890000000000000000e+02,1.110200000000000000e+06
2.014021000000000000e+07,5.965000000000000000e+02,5.965000000000000000e+02,5.872500000000000000e+02,5.905000000000000000e+02,9.479000000000000000e+05
2.014021100000000000e+07,5.920000000000000000e+02,5.965000000000000000e+02,5.889370000000000118e+02,5.965000000000000000e+02,1.359300000000000000e+06
2.014021200000000000e+07,5.990000000000000000e+02,6.010000000000000000e+02,5.940000000000000000e+02,5.960000000000000000e+02,2.229300000000000000e+06
2.014021300000000000e+07,5.995000000000000000e+02,6.070000000000000000e+02,5.930000000000000000e+02,5.980000000000000000e+02,2.051200000000000000e+06
2.014021400000000000e+07,6.000000000000000000e+02,6.000000000000000000e+02,5.930000000000000000e+02,5.945000000000000000e+02,3.557500000000000000e+06
2.014021700000000000e+07,5.950000000000000000e+02,5.995729999999999791e+02,5.918949999999999818e+02,5.980000000000000000e+02,3.729200000000000000e+06
2.014021800000000000e+07,5.995000000000000000e+02,6.005000000000000000e+02,5.953300000000000409e+02,5.970000000000000000e+02,1.081700000000000000e+06
2.014021900000000000e+07,5.980000000000000000e+02,6.070000000000000000e+02,5.954950000000000045e+02,6.065000000000000000e+02,2.790900000000000000e+06
2.014022000000000000e+07,6.055000000000000000e+02,6.091399999999999864e+02,5.995729999999999791e+02,6.090000000000000000e+02,3.829600000000000000e+06
2.014022100000000000e+07,6.150000000000000000e+02,6.170000000000000000e+02,5.930000000000000000e+02,6.000000000000000000e+02,3.049200000000000000e+06
2.014022400000000000e+07,6.000000000000000000e+02,6.075000000000000000e+02,5.925000000000000000e+02,6.015000000000000000e+02,4.806400000000000000e+06
2.014022500000000000e+07,6.045000000000000000e+02,6.060000000000000000e+02,5.932500000000000000e+02,5.985000000000000000e+02,2.833100000000000000e+06
2.014022600000000000e+07,6.000000000000000000e+02,6.045000000000000000e+02,5.960000000000000000e+02,6.045000000000000000e+02,1.648200000000000000e+06
2.014022700000000000e+07,6.060000000000000000e+02,6.095000000000000000e+02,6.022500000000000000e+02,6.025000000000000000e+02,3.181800000000000000e+06
2.014022800000000000e+07,6.090000000000000000e+02,6.100000000000000000e+02,5.985000000000000000e+02,6.000000000000000000e+02,4.434970000000000000e+07
2.014030300000000000e+07,5.910000000000000000e+02,5.975000000000000000e+02,5.883600000000000136e+02,5.940000000000000000e+02,2.550400000000000000e+06
2.014030400000000000e+07,5.900000000000000000e+02,5.985000000000000000e+02,5.875000000000000000e+02,5.940000000000000000e+02,3.137600000000000000e+06
2.014030500000000000e+07,6.000000000000000000e+02,6.000000000000000000e+02,5.890000000000000000e+02,5.915000000000000000e+02,1.072800000000000000e+06
2.014030600000000000e+07,5.950000000000000000e+02,5.950000000000000000e+02,5.862150000000000318e+02,5.890000000000000000e+02,2.596500000000000000e+06
2.014030700000000000e+07,5.935000000000000000e+02,5.965000000000000000e+02,5.843289999999999509e+02,5.870000000000000000e+02,2.028400000000000000e+06
2.014031000000000000e+07,5.850000000000000000e+02,5.941549999999999727e+02,5.850000000000000000e+02,5.890000000000000000e+02,2.913600000000000000e+06
2.014031100000000000e+07,5.900000000000000000e+02,5.990000000000000000e+02,5.867999999999999545e+02,5.980000000000000000e+02,3.177600000000000000e+06
2.014031200000000000e+07,5.950000000000000000e+02,5.972000000000000455e+02,5.880000000000000000e+02,5.885000000000000000e+02,2.206100000000000000e+06
2.014031300000000000e+07,5.915000000000000000e+02,5.915000000000000000e+02,5.695000000000000000e+02,5.705000000000000000e+02,2.205700000000000000e+06
2.014031400000000000e+07,5.670000000000000000e+02,5.693200000000000500e+02,5.600000000000000000e+02,5.660000000000000000e+02,2.475200000000000000e+06
2.014031700000000000e+07,5.645000000000000000e+02,5.755000000000000000e+02,5.645000000000000000e+02,5.720000000000000000e+02,3.119500000000000000e+06
2.014031800000000000e+07,5.730000000000000000e+02,5.810159999999999627e+02,5.695000000000000000e+02,5.795000000000000000e+02,1.996700000000000000e+06
2.014031900000000000e+07,5.800000000000000000e+02,5.808460000000000036e+02,5.773799999999999955e+02,5.800000000000000000e+02,1.310400000000000000e+06
2.014032000000000000e+07,5.760000000000000000e+02,5.782000000000000455e+02,5.685000000000000000e+02,5.750000000000000000e+02,1.003100000000000000e+06
2.014032100000000000e+07,5.780000000000000000e+02,5.820000000000000000e+02,5.754099999999999682e+02,5.815000000000000000e+02,2.716500000000000000e+06
2.014032400000000000e+07,5.850000000000000000e+02,5.925000000000000000e+02,5.820000000000000000e+02,5.840000000000000000e+02,1.099800000000000000e+06
2.014032500000000000e+07,5.850000000000000000e+02,5.877749999999999773e+02,5.633600000000000136e+02,5.655000000000000000e+02,2.910200000000000000e+06
2.014032600000000000e+07,5.660000000000000000e+02,5.865660000000000309e+02,5.552799999999999727e+02,5.580000000000000000e+02,2.559000000000000000e+06
2.014032700000000000e+07,5.580000000000000000e+02,5.649009999999999536e+02,5.517000000000000455e+02,5.640000000000000000e+02,1.731500000000000000e+06
2.014032800000000000e+07,5.675000000000000000e+02,5.719650000000000318e+02,5.590000000000000000e+02,5.640000000000000000e+02,2.353600000000000000e+06
2.014033100000000000e+07,5.660000000000000000e+02,5.701799999999999500e+02,5.615000000000000000e+02,5.630000000000000000e+02,1.616500000000000000e+06
2.014040100000000000e+07,5.640000000000000000e+02,5.665000000000000000e+02,5.622490000000000236e+02,5.655000000000000000e+02,1.155800000000000000e+06
2.014040200000000000e+07,5.665000000000000000e+02,5.685000000000000000e+02,5.605000000000000000e+02,5.620000000000000000e+02,1.338100000000000000e+06
2.014040300000000000e+07,5.625000000000000000e+02,5.645000000000000000e+02,5.500000000000000000e+02,5.505000000000000000e+02,1.516700000000000000e+06
2.014040400000000000e+07,5.525000000000000000e+02,5.540000000000000000e+02,5.465000000000000000e+02,5.495000000000000000e+02,2.844100000000000000e+06
2.014040700000000000e+07,5.435000000000000000e+02,5.461359999999999673e+02,5.326100000000000136e+02,5.335000000000000000e+02,1.991500000000000000e+06
2.014040800000000000e+07,5.300000000000000000e+02,5.335000000000000000e+02,5.235000000000000000e+02,5.255000000000000000e+02,2.838500000000000000e+06
2.014040900000000000e+07,5.290000000000000000e+02,5.291900000000000546e+02,5.135000000000000000e+02,5.150000000000000000e+02,5.281000000000000000e+06
2.014041000000000000e+07,5.285000000000000000e+02,5.285000000000000000e+02,5.011349999999999909e+02,5.070000000000000000e+02,4.373200000000000000e+06
2.014041100000000000e+07,5.010000000000000000e+02,5.026250000000000000e+02,4.939440000000000168e+02,4.950000000000000000e+02,3.135200000000000000e+06
2.014041400000000000e+07,4.931999999999999886e+02,4.971019999999999754e+02,4.881809999999999832e+02,4.920000000000000000e+02,4.457300000000000000e+06
2.014041500000000000e+07,4.921000000000000227e+02,5.145000000000000000e+02,4.915000000000000000e+02,5.100000000000000000e+02,3.429500000000000000e+06
2.014041600000000000e+07,5.140000000000000000e+02,5.165000000000000000e+02,5.040000000000000000e+02,5.095000000000000000e+02,2.249800000000000000e+06
2.014041700000000000e+07,5.090000000000000000e+02,5.110000000000000000e+02,5.033600000000000136e+02,5.090000000000000000e+02,1.422200000000000000e+06
2.014041800000000000e+07,5.090000000000000000e+02,5.090000000000000000e+02,5.090000000000000000e+02,5.090000000000000000e+02,0.000000000000000000e+00
2.014042100000000000e+07,5.090000000000000000e+02,5.090000000000000000e+02,5.090000000000000000e+02,5.090000000000000000e+02,0.000000000000000000e+00
2.014042200000000000e+07,5.150000000000000000e+02,5.255000000000000000e+02,5.150000000000000000e+02,5.220000000000000000e+02,1.858900000000000000e+06
2.014042300000000000e+07,5.340000000000000000e+02,5.350000000000000000e+02,5.255000000000000000e+02,5.320000000000000000e+02,1.882400000000000000e+06
2.014042400000000000e+07,5.370000000000000000e+02,5.391520000000000437e+02,5.255000000000000000e+02,5.290000000000000000e+02,1.434900000000000000e+06
2.014042500000000000e+07,5.255000000000000000e+02,5.271269999999999527e+02,5.160000000000000000e+02,5.195000000000000000e+02,7.936000000000000000e+05
2.014042800000000000e+07,5.180000000000000000e+02,5.209249999999999545e+02,5.090000000000000000e+02,5.115000000000000000e+02,1.609300000000000000e+06
2.014042900000000000e+07,5.200000000000000000e+02,5.275000000000000000e+02,5.155000000000000000e+02,5.215000000000000000e+02,1.980400000000000000e+06
2.014043000000000000e+07,5.250000000000000000e+02,5.310000000000000000e+02,5.170000000000000000e+02,5.295000000000000000e+02,2.329700000000000000e+06
2.014050100000000000e+07,5.355000000000000000e+02,5.451649999999999636e+02,5.314230000000000018e+02,5.380000000000000000e+02,1.157100000000000000e+06
2.014050200000000000e+07,5.375000000000000000e+02,5.386509999999999536e+02,5.326799999999999500e+02,5.385000000000000000e+02,1.588000000000000000e+06
2.014050500000000000e+07,5.385000000000000000e+02,5.385000000000000000e+02,5.385000000000000000e+02,5.385000000000000000e+02,0.000000000000000000e+00
2.014050600000000000e+07,5.400000000000000000e+02,5.435000000000000000e+02,5.371499999999999773e+02,5.420000000000000000e+02,1.419300000000000000e+06
2.014050700000000000e+07,5.400000000000000000e+02,5.495000000000000000e+02,5.390000000000000000e+02,5.495000000000000000e+02,1.480600000000000000e+06
2.014050800000000000e+07,5.520000000000000000e+02,5.551870000000000118e+02,5.476799999999999500e+02,5.550000000000000000e+02,1.236200000000000000e+06
2.014050900000000000e+07,5.570000000000000000e+02,5.575000000000000000e+02,5.526799999999999500e+02,5.570000000000000000e+02,1.322900000000000000e+06
2.014051200000000000e+07,5.570000000000000000e+02,5.600000000000000000e+02,5.550000000000000000e+02,5.600000000000000000e+02,8.273000000000000000e+05
2.014051300000000000e+07,5.630000000000000000e+02,5.714099999999999682e+02,5.630000000000000000e+02,5.660000000000000000e+02,1.033900000000000000e+06
2.014051400000000000e+07,5.655000000000000000e+02,5.731130000000000564e+02,5.645000000000000000e+02,5.730000000000000000e+02,1.254700000000000000e+06
2.014051500000000000e+07,5.740000000000000000e+02,5.770000000000000000e+02,5.700000000000000000e+02,5.740000000000000000e+02,1.555000000000000000e+06
2.014051600000000000e+07,5.740000000000000000e+02,5.765000000000000000e+02,5.635000000000000000e+02,5.710000000000000000e+02,1.644400000000000000e+06
2.014051900000000000e+07,5.700000000000000000e+02,5.745000000000000000e+02,5.635000000000000000e+02,5.655000000000000000e+02,1.009900000000000000e+06
2.014052000000000000e+07,5.650000000000000000e+02,5.715000000000000000e+02,5.640000000000000000e+02,5.695000000000000000e+02,1.434800000000000000e+06
2.014052100000000000e+07,5.675000000000000000e+02,5.752359999999999900e+02,5.650000000000000000e+02,5.750000000000000000e+02,1.301800000000000000e+06
2.014052200000000000e+07,5.550000000000000000e+02,5.576699999999999591e+02,5.171050000000000182e+02,5.190000000000000000e+02,7.301000000000000000e+06
2.014052300000000000e+07,5.300000000000000000e+02,5.325769999999999982e+02,5.120000000000000000e+02,5.255000000000000000e+02,3.875800000000000000e+06
2.014052600000000000e+07,5.255000000000000000e+02,5.255000000000000000e+02,5.255000000000000000e+02,5.255000000000000000e+02,0.000000000000000000e+00
2.014052700000000000e+07,5.320000000000000000e+02,5.368310000000000173e+02,5.231749999999999545e+02,5.305000000000000000e+02,2.448600000000000000e+06
2.014052800000000000e+07,5.300000000000000000e+02,5.300000000000000000e+02,5.125000000000000000e+02,5.160000000000000000e+02,1.977900000000000000e+06
2.014052900000000000e+07,5.170000000000000000e+02,5.220000000000000000e+02,5.163750000000000000e+02,5.180000000000000000e+02,9.177000000000000000e+05
2.014053000000000000e+07,5.135000000000000000e+02,5.180000000000000000e+02,5.055000000000000000e+02,5.120000000000000000e+02,4.474600000000000000e+06
2.014060200000000000e+07,5.120000000000000000e+02,5.270000000000000000e+02,5.120000000000000000e+02,5.260000000000000000e+02,4.492300000000000000e+06
2.014060300000000000e+07,5.240000000000000000e+02,5.250000000000000000e+02,5.156250000000000000e+02,5.170000000000000000e+02,2.021400000000000000e+06
2.014060400000000000e+07,5.165000000000000000e+02,5.210000000000000000e+02,5.135000000000000000e+02,5.145000000000000000e+02,1.465800000000000000e+06
2.014060500000000000e+07,5.145000000000000000e+02,5.195000000000000000e+02,4.956999999999999886e+02,4.980000000000000000e+02,4.463100000000000000e+06
2.014060600000000000e+07,4.996000000000000227e+02,5.034370000000000118e+02,4.955000000000000000e+02,4.968000000000000114e+02,2.469700000000000000e+06
2.014060900000000000e+07,4.991000000000000227e+02,5.025000000000000000e+02,4.941999999999999886e+02,5.010000000000000000e+02,1.464300000000000000e+06
2.014061000000000000e+07,4.990000000000000000e+02,5.100000000000000000e+02,4.966999999999999886e+02,5.065000000000000000e+02,1.571300000000000000e+06
2.014061100000000000e+07,5.045000000000000000e+02,5.065749999999999886e+02,4.980000000000000000e+02,4.998000000000000114e+02,5.157500000000000000e+06
2.014061200000000000e+07,4.998999999999999773e+02,5.035000000000000000e+02,4.938600000000000136e+02,5.010000000000000000e+02,1.638100000000000000e+06
2.014061300000000000e+07,4.995000000000000000e+02,5.012200000000000273e+02,4.873000000000000114e+02,4.981000000000000227e+02,1.494600000000000000e+06
2.014061600000000000e+07,4.970000000000000000e+02,4.995000000000000000e+02,4.886000000000000227e+02,4.886999999999999886e+02,2.342000000000000000e+06
2.014061700000000000e+07,4.891000000000000227e+02,4.923999999999999773e+02,4.775000000000000000e+02,4.783999999999999773e+02,3.253100000000000000e+06
2.014061800000000000e+07,4.778000000000000114e+02,4.831000000000000227e+02,4.769200000000000159e+02,4.800000000000000000e+02,4.055100000000000000e+06
2.014061900000000000e+07,4.811999999999999886e+02,4.880720000000000027e+02,4.766000000000000227e+02,4.831000000000000227e+02,2.629000000000000000e+06
2.014062000000000000e+07,4.816999999999999886e+02,4.876999999999999886e+02,4.798999999999999773e+02,4.836999999999999886e+02,9.046300000000000000e+06
2.014062300000000000e+07,4.836999999999999886e+02,4.933999999999999773e+02,4.796000000000000227e+02,4.923999999999999773e+02,1.520600000000000000e+06
2.014062400000000000e+07,4.940000000000000000e+02,4.971999999999999886e+02,4.900799999999999841e+02,4.965000000000000000e+02,1.755700000000000000e+06
2.014062500000000000e+07,4.951000000000000227e+02,4.983000000000000114e+02,4.896000000000000227e+02,4.950000000000000000e+02,1.494500000000000000e+06
2.014062600000000000e+07,4.930000000000000000e+02,4.993000000000000114e+02,4.930000000000000000e+02,4.980000000000000000e+02,1.980600000000000000e+06
2.014062700000000000e+07,4.985000000000000000e+02,5.000000000000000000e+02,4.953999999999999773e+02,5.000000000000000000e+02,1.824000000000000000e+06
2.014063000000000000e+07,5.000000000000000000e+02,5.015000000000000000e+02,4.964800000000000182e+02,4.990000000000000000e+02,1.716900000000000000e+06
2.014070100000000000e+07,4.988999999999999773e+02,5.000000000000000000e+02,4.873999999999999773e+02,4.911999999999999886e+02,2.662200000000000000e+06
2.014070200000000000e+07,4.811999999999999886e+02,4.846999999999999886e+02,4.774220000000000255e+02,4.791000000000000227e+02,1.734300000000000000e+06
2.014070300000000000e+07,4.781000000000000227e+02,4.911150000000000091e+02,4.745000000000000000e+02,4.770000000000000000e+02,1.847100000000000000e+06
2.014070400000000000e+07,4.783999999999999773e+02,4.903999999999999773e+02,4.756000000000000227e+02,4.766999999999999886e+02,8.858000000000000000e+05
2.014070700000000000e+07,4.768000000000000114e+02,4.791000000000000227e+02,4.763999999999999773e+02,4.771999999999999886e+02,1.155800000000000000e+06
2.014070800000000000e+07,4.798999999999999773e+02,4.798999999999999773e+02,4.661000000000000227e+02,4.686000000000000227e+02,2.376800000000000000e+06
2.014070900000000000e+07,4.715000000000000000e+02,4.740000000000000000e+02,4.691000000000000227e+02,4.696999999999999886e+02,2.006900000000000000e+06
2.014071000000000000e+07,4.713000000000000114e+02,4.756000000000000227e+02,4.603829999999999814e+02,4.743000000000000114e+02,3.212000000000000000e+06
2.014071100000000000e+07,4.758000000000000114e+02,4.780000000000000000e+02,4.730000000000000000e+02,4.768999999999999773e+02,1.557000000000000000e+06
2.014071400000000000e+07,4.766000000000000227e+02,4.853999999999999773e+02,4.741999999999999886e+02,4.830000000000000000e+02,1.306500000000000000e+06
2.014071500000000000e+07,4.836000000000000227e+02,4.910919999999999845e+02,4.820439999999999827e+02,4.886999999999999886e+02,1.887900000000000000e+06
2.014071600000000000e+07,4.750000000000000000e+02,4.891250000000000000e+02,4.750000000000000000e+02,4.795000000000000000e+02,3.882900000000000000e+06
2.014071700000000000e+07,4.796000000000000227e+02,4.796000000000000227e+02,4.691000000000000227e+02,4.700000000000000000e+02,5.028200000000000000e+06
2.014071800000000000e+07,4.691999999999999886e+02,4.716999999999999886e+02,4.592450000000000045e+02,4.716999999999999886e+02,2.253900000000000000e+06
2.014072100000000000e+07,4.750000000000000000e+02,4.750000000000000000e+02,4.633000000000000114e+02,4.660000000000000000e+02,1.413200000000000000e+06
2.014072200000000000e+07,4.550000000000000000e+02,4.644920000000000186e+02,4.451000000000000227e+02,4.500000000000000000e+02,4.800100000000000000e+06
2.014072300000000000e+07,4.513000000000000114e+02,4.516999999999999886e+02,4.468000000000000114e+02,4.503999999999999773e+02,1.616900000000000000e+06
2.014072400000000000e+07,4.510000000000000000e+02,4.515000000000000000e+02,4.463999999999999773e+02,4.478999999999999773e+02,1.888500000000000000e+06
2.014072500000000000e+07,4.450000000000000000e+02,4.471000000000000227e+02,4.406999999999999886e+02,4.411000000000000227e+02,2.513100000000000000e+06
2.014072800000000000e+07,4.433000000000000114e+02,4.446700000000000159e+02,4.295000000000000000e+02,4.300000000000000000e+02,2.443200000000000000e+06
2.014072900000000000e+07,4.290000000000000000e+02,4.290000000000000000e+02,4.245000000000000000e+02,4.263000000000000114e+02,3.589900000000000000e+06
2.014073000000000000e+07,4.256999999999999886e+02,4.265000000000000000e+02,4.200000000000000000e+02,4.206000000000000227e+02,2.457800000000000000e+06
2.014073100000000000e+07,4.200000000000000000e+02,4.211999999999999886e+02,4.124049999999999727e+02,4.173999999999999773e+02,3.978300000000000000e+06
2.014080100000000000e+07,4.150000000000000000e+02,4.300000000000000000e+02,4.127799999999999727e+02,4.281000000000000227e+02,4.059000000000000000e+06
2.014080400000000000e+07,4.271000000000000227e+02,4.275950000000000273e+02,4.191999999999999886e+02,4.206999999999999886e+02,1.630000000000000000e+06
2.014080500000000000e+07,4.181999999999999886e+02,4.193000000000000114e+02,4.036000000000000227e+02,4.055000000000000000e+02,4.207700000000000000e+06
2.014080600000000000e+07,4.023999999999999773e+02,4.068999999999999773e+02,3.982799999999999727e+02,4.038000000000000114e+02,2.990100000000000000e+06
2.014080700000000000e+07,4.033999999999999773e+02,4.143999999999999773e+02,4.006000000000000227e+02,4.140000000000000000e+02,2.932300000000000000e+06
2.014080800000000000e+07,4.116000000000000227e+02,4.275000000000000000e+02,4.096999999999999886e+02,4.265000000000000000e+02,3.874800000000000000e+06
2.014081100000000000e+07,4.256000000000000227e+02,4.298000000000000114e+02,4.226000000000000227e+02,4.290000000000000000e+02,2.032000000000000000e+06
2.014081200000000000e+07,4.293000000000000114e+02,4.316000000000000227e+02,4.273999999999999773e+02,4.316000000000000227e+02,2.259900000000000000e+06
2.014081300000000000e+07,4.331000000000000227e+02,4.413000000000000114e+02,4.315000000000000000e+02,4.360000000000000000e+02,3.173600000000000000e+06
2.014081400000000000e+07,4.336000000000000227e+02,4.473999999999999773e+02,4.331000000000000227e+02,4.436000000000000227e+02,3.124900000000000000e+06
2.014081500000000000e+07,4.425000000000000000e+02,4.450000000000000000e+02,4.343999999999999773e+02,4.356000000000000227e+02,2.649100000000000000e+06
2.014081800000000000e+07,4.365000000000000000e+02,4.395000000000000000e+02,4.293000000000000114e+02,4.351000000000000227e+02,2.245600000000000000e+06
2.014081900000000000e+07,4.346999999999999886e+02,4.411999999999999886e+02,4.346000000000000227e+02,4.388000000000000114e+02,1.306200000000000000e+06
2.014082000000000000e+07,4.385000000000000000e+02,4.526000000000000227e+02,4.385000000000000000e+02,4.456999999999999886e+02,2.184800000000000000e+06
2.014082100000000000e+07,4.460000000000000000e+02,4.498999999999999773e+02,4.360000000000000000e+02,4.403000000000000114e+02,1.722600000000000000e+06
2.014082200000000000e+07,4.381000000000000227e+02,4.500000000000000000e+02,4.352429999999999950e+02,4.498000000000000114e+02,1.764400000000000000e+06
2.014082500000000000e+07,4.498000000000000114e+02,4.498000000000000114e+02,4.498000000000000114e+02,4.498000000000000114e+02,0.000000000000000000e+00
2.014082600000000000e+07,4.495000000000000000e+02,4.568999999999999773e+02,4.486000000000000227e+02,4.496999999999999886e+02,1.593800000000000000e+06
2.014082700000000000e+07,4.483000000000000114e+02,4.548999999999999773e+02,4.481999999999999886e+02,4.530000000000000000e+02,1.519600000000000000e+06
2.014082800000000000e+07,4.511999999999999886e+02,4.526999999999999886e+02,4.470690000000000168e+02,4.491000000000000227e+02,4.336000000000000000e+06
2.014082900000000000e+07,4.476999999999999886e+02,4.493820000000000050e+02,4.433000000000000114e+02,4.463999999999999773e+02,1.326100000000000000e+06
2.014090100000000000e+07,4.473999999999999773e+02,4.486999999999999886e+02,4.448999999999999773e+02,4.478000000000000114e+02,1.217100000000000000e+06
2.014090200000000000e+07,4.473999999999999773e+02,4.485000000000000000e+02,4.378000000000000114e+02,4.400000000000000000e+02,2.640800000000000000e+06
2.014090300000000000e+07,4.386000000000000227e+02,4.426999999999999886e+02,4.348999999999999773e+02,4.358999999999999773e+02,2.774300000000000000e+06
2.014090400000000000e+07,4.358999999999999773e+02,4.370000000000000000e+02,4.326000000000000227e+02,4.343999999999999773e+02,2.547600000000000000e+06
2.014090500000000000e+07,4.351000000000000227e+02,4.351000000000000227e+02,4.223999999999999773e+02,4.256000000000000227e+02,3.441300000000000000e+06
2.014090800000000000e+07,4.265000000000000000e+02,4.283000000000000114e+02,4.188000000000000114e+02,4.223000000000000114e+02,2.062500000000000000e+06
2.014090900000000000e+07,4.210000000000000000e+02,4.263000000000000114e+02,4.210000000000000000e+02,4.255000000000000000e+02,2.727100000000000000e+06
2.014091000000000000e+07,4.271000000000000227e+02,4.306999999999999886e+02,4.219200000000000159e+02,4.298000000000000114e+02,2.201900000000000000e+06
2.014091100000000000e+07,4.296999999999999886e+02,4.335000000000000000e+02,4.218999999999999773e+02,4.226000000000000227e+02,1.354400000000000000e+06
2.014091200000000000e+07,4.231999999999999886e+02,4.327470000000000141e+02,4.197520000000000095e+02,4.233999999999999773e+02,1.465000000000000000e+06
2.014091500000000000e+07,4.223000000000000114e+02,4.247010000000000218e+02,4.195899999999999750e+02,4.233000000000000114e+02,1.026900000000000000e+06
2.014091600000000000e+07,4.235000000000000000e+02,4.245000000000000000e+02,4.094940000000000282e+02,4.150000000000000000e+02,2.352300000000000000e+06
2.014091700000000000e+07,4.143999999999999773e+02,4.320000000000000000e+02,4.143999999999999773e+02,4.296000000000000227e+02,2.069100000000000000e+06
2.014091800000000000e+07,4.288999999999999773e+02,4.355000000000000000e+02,4.240000000000000000e+02,4.341999999999999886e+02,2.861600000000000000e+06
2.014091900000000000e+07,4.361000000000000227e+02,4.376999999999999886e+02,4.330000000000000000e+02,4.343000000000000114e+02,5.881000000000000000e+06
2.014092200000000000e+07,4.313000000000000114e+02,4.331999999999999886e+02,4.278000000000000114e+02,4.311999999999999886e+02,1.590200000000000000e+06
2.014092300000000000e+07,4.303000000000000114e+02,4.308000000000000114e+02,4.233000000000000114e+02,4.241000000000000227e+02,1.851600000000000000e+06
2.014092400000000000e+07,4.196999999999999886e+02,4.211080000000000041e+02,4.076000000000000227e+02,4.143999999999999773e+02,3.553100000000000000e+06
2.014092500000000000e+07,4.130000000000000000e+02,4.140000000000000000e+02,3.976999999999999886e+02,4.000000000000000000e+02,5.159300000000000000e+06
2.014092600000000000e+07,3.978999999999999773e+02,4.018999999999999773e+02,3.959080000000000155e+02,4.000000000000000000e+02,3.145500000000000000e+06
2.014092900000000000e+07,3.965000000000000000e+02,3.998000000000000114e+02,3.965000000000000000e+02,3.983999999999999773e+02,2.052400000000000000e+06
2.014093000000000000e+07,3.966999999999999886e+02,3.986999999999999886e+02,3.880000000000000000e+02,3.921999999999999886e+02,2.729700000000000000e+06
2.014100100000000000e+07,3.970000000000000000e+02,4.096000000000000227e+02,3.953000000000000114e+02,3.996999999999999886e+02,4.153500000000000000e+06
2.014100200000000000e+07,3.983999999999999773e+02,3.990000000000000000e+02,3.893999999999999773e+02,3.900000000000000000e+02,2.830700000000000000e+06
2.014100300000000000e+07,3.913999999999999773e+02,3.966000000000000227e+02,3.903999999999999773e+02,3.946000000000000227e+02,2.060400000000000000e+06
2.014100600000000000e+07,3.936000000000000227e+02,3.951580000000000155e+02,3.902669999999999959e+02,3.921000000000000227e+02,1.508000000000000000e+06
2.014100700000000000e+07,3.911000000000000227e+02,3.965000000000000000e+02,3.886999999999999886e+02,3.956000000000000227e+02,2.128400000000000000e+06
2.014100800000000000e+07,3.945000000000000000e+02,3.996999999999999886e+02,3.903000000000000114e+02,3.978999999999999773e+02,2.222500000000000000e+06
2.014100900000000000e+07,4.031000000000000227e+02,4.070000000000000000e+02,3.981000000000000227e+02,4.018999999999999773e+02,3.057900000000000000e+06
2.014101000000000000e+07,4.000000000000000000e+02,4.043000000000000114e+02,3.971999999999999886e+02,3.985000000000000000e+02,3.994700000000000000e+06
2.014101300000000000e+07,3.973000000000000114e+02,3.973000000000000114e+02,3.905000000000000000e+02,3.936999999999999886e+02,2.712700000000000000e+06
2.014101400000000000e+07,3.908999999999999773e+02,4.023000000000000114e+02,3.903349999999999795e+02,3.998999999999999773e+02,4.291200000000000000e+06
2.014101500000000000e+07,4.010000000000000000e+02,4.175000000000000000e+02,4.000000000000000000e+02,4.073999999999999773e+02,7.354800000000000000e+06
2.014101600000000000e+07,4.080000000000000000e+02,4.138000000000000114e+02,3.983000000000000114e+02,4.126000000000000227e+02,4.780700000000000000e+06
2.014101700000000000e+07,4.158999999999999773e+02,4.316999999999999886e+02,4.155000000000000000e+02,4.316999999999999886e+02,4.568300000000000000e+06
2.014102000000000000e+07,4.308000000000000114e+02,4.335249999999999773e+02,4.271000000000000227e+02,4.320000000000000000e+02,2.121000000000000000e+06
2.014102100000000000e+07,4.313999999999999773e+02,4.405000000000000000e+02,4.293000000000000114e+02,4.400000000000000000e+02,2.855200000000000000e+06
2.014102200000000000e+07,4.418000000000000114e+02,4.488999999999999773e+02,4.408279999999999745e+02,4.486999999999999886e+02,4.530800000000000000e+06
2.014102300000000000e+07,4.491000000000000227e+02,4.639529999999999745e+02,4.455350000000000250e+02,4.555000000000000000e+02,2.863600000000000000e+06
2.014102400000000000e+07,4.528999999999999773e+02,4.598729999999999905e+02,4.503999999999999773e+02,4.578000000000000114e+02,2.869700000000000000e+06
2.014102700000000000e+07,4.628999999999999773e+02,4.635000000000000000e+02,4.426999999999999886e+02,4.438000000000000114e+02,2.600200000000000000e+06
2.014102800000000000e+07,4.473999999999999773e+02,4.586000000000000227e+02,4.453469999999999800e+02,4.533000000000000114e+02,2.592200000000000000e+06
2.014102900000000000e+07,4.560000000000000000e+02,4.581999999999999886e+02,4.366000000000000227e+02,4.376999999999999886e+02,3.031100000000000000e+06
2.014103000000000000e+07,4.386000000000000227e+02,4.390000000000000000e+02,4.270000000000000000e+02,4.353999999999999773e+02,3.292100000000000000e+06
2.014103100000000000e+07,4.400000000000000000e+02,4.521000000000000227e+02,4.378000000000000114e+02,4.411999999999999886e+02,3.645000000000000000e+06
2.014110300000000000e+07,4.398999999999999773e+02,4.419950000000000045e+02,4.341999999999999886e+02,4.368999999999999773e+02,4.411800000000000000e+06
2.014110400000000000e+07,4.343999999999999773e+02,4.438000000000000114e+02,4.343999999999999773e+02,4.365000000000000000e+02,1.294300000000000000e+06
2.014110500000000000e+07,4.381000000000000227e+02,4.471000000000000227e+02,4.371999999999999886e+02,4.433000000000000114e+02,1.969800000000000000e+06
2.014110600000000000e+07,4.411000000000000227e+02,4.593999999999999773e+02,4.403000000000000114e+02,4.523000000000000114e+02,2.134000000000000000e+06
2.014110700000000000e+07,4.568000000000000114e+02,4.708000000000000114e+02,4.555679999999999836e+02,4.628999999999999773e+02,3.412000000000000000e+06
2.014111000000000000e+07,4.615000000000000000e+02,4.621000000000000227e+02,4.552769999999999868e+02,4.585000000000000000e+02,2.555500000000000000e+06
2.014111100000000000e+07,4.573000000000000114e+02,4.608999999999999773e+02,4.551999999999999886e+02,4.580000000000000000e+02,2.113600000000000000e+06
2.014111200000000000e+07,4.566999999999999886e+02,4.668999999999999773e+02,4.546999999999999886e+02,4.663000000000000114e+02,2.335600000000000000e+06
2.014111300000000000e+07,4.661999999999999886e+02,4.726999999999999886e+02,4.659649999999999750e+02,4.686000000000000227e+02,2.630000000000000000e+06
2.014111400000000000e+07,4.686999999999999886e+02,4.711000000000000227e+02,4.650550000000000068e+02,4.675000000000000000e+02,1.436900000000000000e+06
2.014111700000000000e+07,4.648999999999999773e+02,4.701999999999999886e+02,4.625590000000000259e+02,4.676999999999999886e+02,1.256000000000000000e+06
2.014111800000000000e+07,4.711999999999999886e+02,4.855000000000000000e+02,4.671999999999999886e+02,4.691999999999999886e+02,3.425900000000000000e+06
2.014111900000000000e+07,4.770000000000000000e+02,4.780720000000000027e+02,4.240000000000000000e+02,4.300000000000000000e+02,1.105750000000000000e+07
2.014112000000000000e+07,4.276999999999999886e+02,4.326909999999999741e+02,4.221999999999999886e+02,4.296999999999999886e+02,4.749600000000000000e+06
2.014112100000000000e+07,4.303999999999999773e+02,4.325000000000000000e+02,4.193000000000000114e+02,4.306000000000000227e+02,4.581600000000000000e+06
2.014112400000000000e+07,4.290000000000000000e+02,4.300099999999999909e+02,4.188999999999999773e+02,4.230000000000000000e+02,3.595700000000000000e+06
2.014112500000000000e+07,4.178999999999999773e+02,4.286809999999999832e+02,4.171000000000000227e+02,4.266000000000000227e+02,4.158600000000000000e+06
2.014112600000000000e+07,4.275000000000000000e+02,4.293999999999999773e+02,4.221999999999999886e+02,4.231000000000000227e+02,3.844500000000000000e+06
2.014112700000000000e+07,4.180000000000000000e+02,4.230029999999999859e+02,4.130000000000000000e+02,4.206000000000000227e+02,2.361000000000000000e+06
2.014112800000000000e+07,4.211999999999999886e+02,4.261999999999999886e+02,4.143999999999999773e+02,4.178000000000000114e+02,2.126200000000000000e+06
2.014120100000000000e+07,4.190000000000000000e+02,4.193340000000000032e+02,4.140000000000000000e+02,4.181000000000000227e+02,2.246800000000000000e+06
2.014120200000000000e+07,4.150000000000000000e+02,4.150000000000000000e+02,4.018999999999999773e+02,4.055000000000000000e+02,5.804600000000000000e+06
2.014120300000000000e+07,3.980000000000000000e+02,4.013999999999999773e+02,3.915000000000000000e+02,3.980000000000000000e+02,6.579400000000000000e+06
2.014120400000000000e+07,3.993000000000000114e+02,4.101000000000000227e+02,3.993000000000000114e+02,4.050000000000000000e+02,4.656200000000000000e+06
2.014120500000000000e+07,4.066999999999999886e+02,4.090000000000000000e+02,4.036200000000000045e+02,4.045000000000000000e+02,2.630800000000000000e+06
2.014120800000000000e+07,4.051000000000000227e+02,4.057379999999999995e+02,3.990000000000000000e+02,3.993999999999999773e+02,4.428200000000000000e+06
2.014120900000000000e+07,3.980000000000000000e+02,4.034519999999999982e+02,3.936349999999999909e+02,3.986999999999999886e+02,2.417500000000000000e+06
2.014121000000000000e+07,3.978999999999999773e+02,4.007160000000000082e+02,3.969950000000000045e+02,3.990000000000000000e+02,2.170600000000000000e+06
2.014121100000000000e+07,3.971999999999999886e+02,4.018999999999999773e+02,3.961999999999999886e+02,3.978999999999999773e+02,2.734500000000000000e+06
2.014121200000000000e+07,3.953999999999999773e+02,3.955040000000000191e+02,3.895049999999999955e+02,3.936000000000000227e+02,2.800700000000000000e+06
2.014121500000000000e+07,3.931000000000000227e+02,3.991999999999999886e+02,3.896999999999999886e+02,3.898999999999999773e+02,1.838200000000000000e+06
2.014121600000000000e+07,3.908999999999999773e+02,3.978000000000000114e+02,3.898000000000000114e+02,3.971999999999999886e+02,3.120100000000000000e+06
2.014121700000000000e+07,3.931000000000000227e+02,3.960000000000000000e+02,3.886000000000000227e+02,3.941999999999999886e+02,2.085200000000000000e+06
2.014121800000000000e+07,3.978000000000000114e+02,4.073000000000000114e+02,3.941999999999999886e+02,4.053999999999999773e+02,3.534200000000000000e+06
2.014121900000000000e+07,4.075000000000000000e+02,4.150029999999999859e+02,4.001000000000000227e+02,4.136999999999999886e+02,3.532900000000000000e+06
2.014122200000000000e+07,4.158999999999999773e+02,4.170000000000000000e+02,4.130899999999999750e+02,4.158999999999999773e+02,1.701500000000000000e+06
2.014122300000000000e+07,4.168999999999999773e+02,4.235099999999999909e+02,4.150140000000000100e+02,4.221999999999999886e+02,1.349300000000000000e+06
2.014122400000000000e+07,4.228999999999999773e+02,4.253000000000000114e+02,4.180620000000000118e+02,4.231000000000000227e+02,3.063000000000000000e+05
2.014122500000000000e+07,4.231000000000000227e+02,4.231000000000000227e+02,4.231000000000000227e+02,4.231000000000000227e+02,0.000000000000000000e+00
2.014122600000000000e+07,4.231000000000000227e+02,4.231000000000000227e+02,4.231000000000000227e+02,4.231000000000000227e+02,0.000000000000000000e+00
2.014122900000000000e+07,4.260000000000000000e+02,4.463999999999999773e+02,4.233999999999999773e+02,4.425000000000000000e+02,3.802500000000000000e+06
2.014123000000000000e+07,4.390000000000000000e+02,4.413999999999999773e+02,4.256999999999999886e+02,4.266000000000000227e+02,1.837600000000000000e+06
2.014123100000000000e+07,4.270000000000000000e+02,4.343240000000000123e+02,4.270000000000000000e+02,4.298999999999999773e+02,4.333000000000000000e+05
2.015010100000000000e+07,4.298999999999999773e+02,4.298999999999999773e+02,4.298999999999999773e+02,4.298999999999999773e+02,0.000000000000000000e+00
2.015010200000000000e+07,4.303000000000000114e+02,4.318000000000000114e+02,4.215000000000000000e+02,4.250000000000000000e+02,1.717200000000000000e+06
2.015010500000000000e+07,4.263000000000000114e+02,4.296499999999999773e+02,4.096000000000000227e+02,4.101999999999999886e+02,3.278000000000000000e+06
2.015010600000000000e+07,4.080000000000000000e+02,4.178580000000000041e+02,4.026000000000000227e+02,4.141999999999999886e+02,3.029900000000000000e+06
2.015010700000000000e+07,4.153000000000000114e+02,4.211200000000000045e+02,4.124519999999999982e+02,4.183999999999999773e+02,1.425000000000000000e+06
2.015010800000000000e+07,4.220000000000000000e+02,4.236000000000000227e+02,4.176000000000000227e+02,4.203999999999999773e+02,2.088100000000000000e+06
2.015010900000000000e+07,4.193000000000000114e+02,4.231999999999999886e+02,4.169940000000000282e+02,4.220000000000000000e+02,1.411100000000000000e+06
2.015011200000000000e+07,4.225000000000000000e+02,4.250000000000000000e+02,4.196999999999999886e+02,4.211000000000000227e+02,1.387500000000000000e+06
2.015011300000000000e+07,4.230000000000000000e+02,4.288000000000000114e+02,4.210000000000000000e+02,4.280000000000000000e+02,2.505800000000000000e+06
2.015011400000000000e+07,4.273999999999999773e+02,4.408999999999999773e+02,3.964800000000000182e+02,4.343000000000000114e+02,4.299100000000000000e+06
2.015011500000000000e+07,4.361999999999999886e+02,4.388000000000000114e+02,4.208389999999999986e+02,4.320000000000000000e+02,4.270700000000000000e+06
2.015011600000000000e+07,4.293999999999999773e+02,4.328000000000000114e+02,4.263199999999999932e+02,4.311999999999999886e+02,2.948000000000000000e+06
2.015011900000000000e+07,4.321999999999999886e+02,4.331000000000000227e+02,4.261999999999999886e+02,4.301999999999999886e+02,1.711400000000000000e+06
2.015012000000000000e+07,4.320000000000000000e+02,4.321999999999999886e+02,4.225000000000000000e+02,4.261999999999999886e+02,2.137600000000000000e+06
2.015012100000000000e+07,4.266999999999999886e+02,4.316999999999999886e+02,4.255000000000000000e+02,4.305000000000000000e+02,2.361700000000000000e+06
2.015012200000000000e+07,4.350000000000000000e+02,4.526000000000000227e+02,4.346000000000000227e+02,4.458000000000000114e+02,7.065900000000000000e+06
2.015012300000000000e+07,4.463999999999999773e+02,4.500000000000000000e+02,4.383999999999999773e+02,4.410000000000000000e+02,2.456300000000000000e+06
2.015012600000000000e+07,4.380000000000000000e+02,4.532149999999999750e+02,4.380000000000000000e+02,4.513000000000000114e+02,2.715700000000000000e+06
2.015012700000000000e+07,4.460000000000000000e+02,4.460000000000000000e+02,4.278000000000000114e+02,4.401999999999999886e+02,4.539200000000000000e+06
2.015012800000000000e+07,4.416000000000000227e+02,4.416000000000000227e+02,4.296000000000000227e+02,4.378000000000000114e+02,2.089600000000000000e+06
2.015012900000000000e+07,4.361000000000000227e+02,4.366000000000000227e+02,4.300000000000000000e+02,4.346999999999999886e+02,2.364900000000000000e+06
2.015013000000000000e+07,4.346000000000000227e+02,4.418999999999999773e+02,4.346000000000000227e+02,4.350000000000000000e+02,2.290800000000000000e+06
2.015020200000000000e+07,4.341000000000000227e+02,4.395000000000000000e+02,4.286000000000000227e+02,4.370000000000000000e+02,2.320400000000000000e+06
2.015020300000000000e+07,4.358999999999999773e+02,4.524340000000000259e+02,4.358999999999999773e+02,4.473999999999999773e+02,3.169600000000000000e+06
2.015020400000000000e+07,4.461000000000000227e+02,4.488000000000000114e+02,4.410000000000000000e+02,4.426999999999999886e+02,1.808700000000000000e+06
2.015020500000000000e+07,4.423000000000000114e+02,4.527069999999999936e+02,4.388999999999999773e+02,4.511000000000000227e+02,1.823300000000000000e+06
2.015020600000000000e+07,4.503999999999999773e+02,4.756539999999999964e+02,4.480319999999999823e+02,4.558000000000000114e+02,4.299500000000000000e+06
2.015020900000000000e+07,4.568999999999999773e+02,4.635000000000000000e+02,4.506080000000000041e+02,4.545000000000000000e+02,3.410800000000000000e+06
2.015021000000000000e+07,4.450000000000000000e+02,4.454180000000000064e+02,4.301999999999999886e+02,4.321999999999999886e+02,8.780100000000000000e+06
2.015021100000000000e+07,4.290000000000000000e+02,4.317080000000000268e+02,4.148999999999999773e+02,4.248999999999999773e+02,5.515900000000000000e+06
2.015021200000000000e+07,4.248999999999999773e+02,4.421999999999999886e+02,4.198999999999999773e+02,4.405000000000000000e+02,5.644800000000000000e+06
2.015021300000000000e+07,4.421999999999999886e+02,4.476000000000000227e+02,4.380000000000000000e+02,4.465000000000000000e+02,4.751500000000000000e+06
2.015021600000000000e+07,4.446000000000000227e+02,4.553999999999999773e+02,4.446000000000000227e+02,4.480000000000000000e+02,1.493000000000000000e+06
2.015021700000000000e+07,4.440000000000000000e+02,4.440000000000000000e+02,4.281000000000000227e+02,4.376000000000000227e+02,5.837000000000000000e+06
2.015021800000000000e+07,4.396999999999999886e+02,4.406999999999999886e+02,4.220000000000000000e+02,4.303999999999999773e+02,3.344500000000000000e+06
2.015021900000000000e+07,4.285000000000000000e+02,4.353999999999999773e+02,4.255000000000000000e+02,4.283999999999999773e+02,1.883300000000000000e+06
2.015022000000000000e+07,4.270000000000000000e+02,4.281000000000000227e+02,4.218000000000000114e+02,4.238999999999999773e+02,3.150600000000000000e+06
2.015022300000000000e+07,4.281999999999999886e+02,4.287200000000000273e+02,4.211000000000000227e+02,4.233000000000000114e+02,3.070000000000000000e+06
2.015022400000000000e+07,4.231999999999999886e+02,4.353399999999999750e+02,4.208999999999999773e+02,4.338999999999999773e+02,2.972800000000000000e+06
2.015022500000000000e+07,4.323999999999999773e+02,4.333000000000000114e+02,4.271000000000000227e+02,4.288000000000000114e+02,1.770100000000000000e+06
2.015022600000000000e+07,4.273999999999999773e+02,4.306000000000000227e+02,4.265000000000000000e+02,4.268999999999999773e+02,1.508700000000000000e+06
2.015022700000000000e+07,4.276999999999999886e+02,4.695000000000000000e+02,4.200000000000000000e+02,4.203999999999999773e+02,3.599300000000000000e+06
2.015030200000000000e+07,4.195000000000000000e+02,4.268000000000000114e+02,4.195000000000000000e+02,4.233000000000000114e+02,1.955300000000000000e+06
2.015030300000000000e+07,4.240000000000000000e+02,4.280000000000000000e+02,4.203000000000000114e+02,4.203000000000000114e+02,3.238000000000000000e+06
2.015030400000000000e+07,4.200000000000000000e+02,4.311000000000000227e+02,4.200000000000000000e+02,4.253999999999999773e+02,2.269800000000000000e+06
2.015030500000000000e+07,4.278000000000000114e+02,4.320000000000000000e+02,4.251000000000000227e+02,4.278000000000000114e+02,1.894600000000000000e+06
2.015030600000000000e+07,4.261000000000000227e+02,4.293000000000000114e+02,4.250000000000000000e+02,4.250000000000000000e+02,2.904300000000000000e+06
2.015030900000000000e+07,4.250000000000000000e+02,4.283000000000000114e+02,4.233999999999999773e+02,4.281000000000000227e+02,1.940000000000000000e+06
2.015031000000000000e+07,4.291999999999999886e+02,4.301999999999999886e+02,4.220000000000000000e+02,4.223999999999999773e+02,2.049500000000000000e+06
2.015031100000000000e+07,4.240000000000000000e+02,4.385190000000000055e+02,4.191999999999999886e+02,4.376000000000000227e+02,3.217900000000000000e+06
2.015031200000000000e+07,4.338999999999999773e+02,4.470000000000000000e+02,4.255000000000000000e+02,4.258000000000000114e+02,3.563500000000000000e+06
2.015031300000000000e+07,4.270000000000000000e+02,4.340000000000000000e+02,4.260000000000000000e+02,4.300000000000000000e+02,2.136900000000000000e+06
2.015031600000000000e+07,4.306000000000000227e+02,4.346999999999999886e+02,4.275000000000000000e+02,4.311999999999999886e+02,1.414600000000000000e+06
2.015031700000000000e+07,4.278999999999999773e+02,4.331999999999999886e+02,4.278999999999999773e+02,4.316999999999999886e+02,1.670500000000000000e+06
2.015031800000000000e+07,4.303000000000000114e+02,4.503000000000000114e+02,4.270000000000000000e+02,4.486999999999999886e+02,5.124700000000000000e+06
2.015031900000000000e+07,4.496000000000000227e+02,4.498999999999999773e+02,4.423999999999999773e+02,4.440000000000000000e+02,2.928600000000000000e+06
2.015032000000000000e+07,4.453000000000000114e+02,4.481000000000000227e+02,4.408000000000000114e+02,4.463999999999999773e+02,3.555900000000000000e+06
2.015032300000000000e+07,4.461999999999999886e+02,4.511999999999999886e+02,4.342939999999999827e+02,4.493000000000000114e+02,3.563300000000000000e+06
2.015032400000000000e+07,4.470000000000000000e+02,4.525000000000000000e+02,4.431999999999999886e+02,4.436999999999999886e+02,2.350900000000000000e+06
2.015032500000000000e+07,4.431999999999999886e+02,4.456999999999999886e+02,4.421000000000000227e+02,4.445000000000000000e+02,1.374800000000000000e+06
2.015032600000000000e+07,4.413999999999999773e+02,4.446999999999999886e+02,4.385000000000000000e+02,4.423999999999999773e+02,2.225300000000000000e+06
2.015032700000000000e+07,4.438999999999999773e+02,4.463999999999999773e+02,4.408999999999999773e+02,4.420000000000000000e+02,1.687000000000000000e+06
2.015033000000000000e+07,4.463999999999999773e+02,4.463999999999999773e+02,4.388999999999999773e+02,4.428000000000000114e+02,2.237600000000000000e+06
2.015033100000000000e+07,4.430000000000000000e+02,4.460000000000000000e+02,4.358000000000000114e+02,4.383999999999999773e+02,2.653900000000000000e+06
2.015040100000000000e+07,4.361999999999999886e+02,4.435000000000000000e+02,4.360000000000000000e+02,4.393000000000000114e+02,5.528400000000000000e+06
2.015040200000000000e+07,4.383000000000000114e+02,4.443999999999999773e+02,4.356999999999999886e+02,4.423999999999999773e+02,1.400800000000000000e+06
2.015040300000000000e+07,4.423999999999999773e+02,4.423999999999999773e+02,4.423999999999999773e+02,4.423999999999999773e+02,0.000000000000000000e+00
2.015040600000000000e+07,4.423999999999999773e+02,4.423999999999999773e+02,4.423999999999999773e+02,4.423999999999999773e+02,0.000000000000000000e+00
2.015040700000000000e+07,4.500000000000000000e+02,4.563999999999999773e+02,4.456000000000000227e+02,4.480000000000000000e+02,4.048700000000000000e+06
2.015040800000000000e+07,4.456999999999999886e+02,4.496999999999999886e+02,4.427930000000000064e+02,4.480000000000000000e+02,3.445100000000000000e+06
2.015040900000000000e+07,4.550000000000000000e+02,4.563519999999999754e+02,4.483999999999999773e+02,4.503999999999999773e+02,2.780200000000000000e+06
2.015041000000000000e+07,4.520000000000000000e+02,4.520000000000000000e+02,4.426999999999999886e+02,4.500000000000000000e+02,2.565900000000000000e+06
2.015041300000000000e+07,4.496999999999999886e+02,4.515000000000000000e+02,4.456999999999999886e+02,4.490000000000000000e+02,1.598700000000000000e+06
2.015041400000000000e+07,4.475000000000000000e+02,4.508999999999999773e+02,4.455000000000000000e+02,4.490000000000000000e+02,2.190500000000000000e+06
2.015041500000000000e+07,4.476000000000000227e+02,4.511600000000000250e+02,4.476000000000000227e+02,4.500000000000000000e+02,1.694600000000000000e+06
2.015041600000000000e+07,4.513999999999999773e+02,4.513999999999999773e+02,4.473999999999999773e+02,4.491000000000000227e+02,1.254800000000000000e+06
2.015041700000000000e+07,4.480000000000000000e+02,4.503000000000000114e+02,4.441000000000000227e+02,4.456000000000000227e+02,2.027400000000000000e+06
2.015042000000000000e+07,4.463999999999999773e+02,4.491999999999999886e+02,4.408999999999999773e+02,4.421000000000000227e+02,1.186100000000000000e+06
2.015042100000000000e+07,4.436999999999999886e+02,4.500000000000000000e+02,4.373999999999999773e+02,4.488999999999999773e+02,2.102200000000000000e+06
2.015042200000000000e+07,4.500000000000000000e+02,4.531999999999999886e+02,4.381000000000000227e+02,4.393000000000000114e+02,1.863200000000000000e+06
2.015042300000000000e+07,4.388000000000000114e+02,4.453999999999999773e+02,4.388000000000000114e+02,4.426000000000000227e+02,1.677900000000000000e+06
2.015042400000000000e+07,4.416000000000000227e+02,4.450000000000000000e+02,4.395000000000000000e+02,4.408999999999999773e+02,1.756000000000000000e+06
2.015042700000000000e+07,4.398999999999999773e+02,4.440000000000000000e+02,4.366000000000000227e+02,4.401999999999999886e+02,1.572100000000000000e+06
2.015042800000000000e+07,4.401000000000000227e+02,4.508000000000000114e+02,4.356000000000000227e+02,4.376000000000000227e+02,2.295600000000000000e+06
2.015042900000000000e+07,4.376000000000000227e+02,4.462520000000000095e+02,4.362160000000000082e+02,4.441999999999999886e+02,2.504000000000000000e+06
2.015043000000000000e+07,4.441000000000000227e+02,4.698999999999999773e+02,4.441000000000000227e+02,4.676999999999999886e+02,9.077900000000000000e+06
2.015050100000000000e+07,4.710000000000000000e+02,4.720000000000000000e+02,4.527280000000000086e+02,4.685000000000000000e+02,2.522100000000000000e+06
2.015050400000000000e+07,4.685000000000000000e+02,4.685000000000000000e+02,4.685000000000000000e+02,4.685000000000000000e+02,0.000000000000000000e+00
2.015050500000000000e+07,4.688000000000000114e+02,4.748000000000000114e+02,4.651000000000000227e+02,4.691999999999999886e+02,2.937000000000000000e+06
2.015050600000000000e+07,4.680000000000000000e+02,4.775000000000000000e+02,4.668999999999999773e+02,4.735000000000000000e+02,3.615200000000000000e+06
2.015050700000000000e+07,4.750000000000000000e+02,4.761000000000000227e+02,4.651000000000000227e+02,4.745000000000000000e+02,2.397500000000000000e+06
2.015050800000000000e+07,4.800000000000000000e+02,4.888999999999999773e+02,4.741999999999999886e+02,4.788999999999999773e+02,2.781100000000000000e+06
2.015051100000000000e+07,4.795000000000000000e+02,5.050000000000000000e+02,4.751059999999999945e+02,4.976000000000000227e+02,5.518300000000000000e+06
2.015051200000000000e+07,4.920000000000000000e+02,4.965000000000000000e+02,4.835000000000000000e+02,4.835000000000000000e+02,4.851500000000000000e+06
2.015051300000000000e+07,4.850000000000000000e+02,4.898999999999999773e+02,4.805000000000000000e+02,4.873999999999999773e+02,2.652600000000000000e+06
2.015051400000000000e+07,4.876000000000000227e+02,4.878999999999999773e+02,4.809519999999999982e+02,4.868000000000000114e+02,2.520500000000000000e+06
2.015051500000000000e+07,4.873000000000000114e+02,4.933079999999999927e+02,4.806999999999999886e+02,4.853999999999999773e+02,2.189500000000000000e+06
2.015051800000000000e+07,4.941000000000000227e+02,5.016999999999999886e+02,4.886999999999999886e+02,4.990000000000000000e+02,3.493000000000000000e+06
2.015051900000000000e+07,5.005000000000000000e+02,5.040989999999999895e+02,4.978999999999999773e+02,4.991999999999999886e+02,4.979400000000000000e+06
2.015052000000000000e+07,5.000000000000000000e+02,5.066370000000000005e+02,4.976000000000000227e+02,4.998999999999999773e+02,3.097300000000000000e+06
2.015052100000000000e+07,4.890000000000000000e+02,5.020000000000000000e+02,4.859680000000000177e+02,5.000000000000000000e+02,5.173900000000000000e+06
2.015052200000000000e+07,5.000000000000000000e+02,5.101000000000000227e+02,4.981999999999999886e+02,5.035000000000000000e+02,3.239200000000000000e+06
2.015052500000000000e+07,5.035000000000000000e+02,5.035000000000000000e+02,5.035000000000000000e+02,5.035000000000000000e+02,0.000000000000000000e+00
2.015052600000000000e+07,5.060000000000000000e+02,5.221399999999999864e+02,5.050000000000000000e+02,5.215000000000000000e+02,3.766600000000000000e+06
2.015052700000000000e+07,5.195000000000000000e+02,5.295000000000000000e+02,5.182000000000000455e+02,5.270000000000000000e+02,4.650200000000000000e+06
2.015052800000000000e+07,5.265000000000000000e+02,5.325000000000000000e+02,5.210000000000000000e+02,5.260000000000000000e+02,3.722800000000000000e+06
2.015052900000000000e+07,5.285000000000000000e+02,5.297400000000000091e+02,5.200000000000000000e+02,5.240000000000000000e+02,5.787800000000000000e+06
2.015060100000000000e+07,5.235000000000000000e+02,5.260000000000000000e+02,5.215000000000000000e+02,5.250000000000000000e+02,2.472600000000000000e+06
2.015060200000000000e+07,5.265000000000000000e+02,5.280000000000000000e+02,5.210000000000000000e+02,5.240000000000000000e+02,2.794100000000000000e+06
2.015060300000000000e+07,5.250000000000000000e+02,5.300000000000000000e+02,5.240000000000000000e+02,5.260000000000000000e+02,3.939800000000000000e+06
2.015060400000000000e+07,5.250000000000000000e+02,5.260000000000000000e+02,4.985000000000000000e+02,5.000000000000000000e+02,8.033400000000000000e+06
2.015060500000000000e+07,4.986999999999999886e+02,4.990000000000000000e+02,4.853000000000000114e+02,4.926999999999999886e+02,4.858900000000000000e+06
2.015060800000000000e+07,4.931000000000000227e+02,5.020000000000000000e+02,4.909080000000000155e+02,5.000000000000000000e+02,3.472700000000000000e+06
2.015060900000000000e+07,5.010000000000000000e+02,5.155000000000000000e+02,4.976999999999999886e+02,5.115000000000000000e+02,4.718200000000000000e+06
2.015061000000000000e+07,5.095000000000000000e+02,5.185000000000000000e+02,5.070000000000000000e+02,5.165000000000000000e+02,3.553600000000000000e+06
2.015061100000000000e+07,4.990000000000000000e+02,5.025930000000000177e+02,4.906000000000000227e+02,4.933000000000000114e+02,2.399860000000000000e+07
2.015061200000000000e+07,4.941999999999999886e+02,5.085000000000000000e+02,4.930000000000000000e+02,5.070000000000000000e+02,1.010960000000000000e+07
2.015061500000000000e+07,5.070000000000000000e+02,5.090000000000000000e+02,5.008299999999999841e+02,5.050000000000000000e+02,7.973600000000000000e+06
2.015061600000000000e+07,5.030000000000000000e+02,5.070000000000000000e+02,4.900000000000000000e+02,5.065000000000000000e+02,4.861300000000000000e+06
2.015061700000000000e+07,5.075000000000000000e+02,5.085000000000000000e+02,4.963999999999999773e+02,5.050000000000000000e+02,7.719000000000000000e+06
2.015061800000000000e+07,5.045000000000000000e+02,5.120000000000000000e+02,5.033299999999999841e+02,5.090000000000000000e+02,7.759600000000000000e+06
2.015061900000000000e+07,5.110000000000000000e+02,5.125000000000000000e+02,5.000000000000000000e+02,5.025000000000000000e+02,1.525330000000000000e+07
2.015062200000000000e+07,5.075000000000000000e+02,5.118899999999999864e+02,5.040000000000000000e+02,5.100000000000000000e+02,4.201800000000000000e+06
2.015062300000000000e+07,5.105000000000000000e+02,5.140000000000000000e+02,5.080000000000000000e+02,5.095000000000000000e+02,2.141700000000000000e+06
2.015062400000000000e+07,5.080000000000000000e+02,5.255000000000000000e+02,5.080000000000000000e+02,5.240000000000000000e+02,4.592100000000000000e+06
2.015062500000000000e+07,5.250000000000000000e+02,5.285000000000000000e+02,5.185000000000000000e+02,5.245000000000000000e+02,2.718100000000000000e+06
2.015062600000000000e+07,5.250000000000000000e+02,5.280000000000000000e+02,5.200000000000000000e+02,5.250000000000000000e+02,2.714100000000000000e+06
2.015062900000000000e+07,5.135000000000000000e+02,5.240000000000000000e+02,5.100000000000000000e+02,5.225000000000000000e+02,2.463500000000000000e+06
2.015063000000000000e+07,5.220000000000000000e+02,5.235199999999999818e+02,5.145000000000000000e+02,5.145000000000000000e+02,2.831400000000000000e+06
2.015070100000000000e+07,5.165000000000000000e+02,5.225000000000000000e+02,5.150000000000000000e+02,5.175000000000000000e+02,8.111600000000000000e+06
2.015070200000000000e+07,5.100000000000000000e+02,5.167999999999999545e+02,5.020000000000000000e+02,5.065000000000000000e+02,2.806300000000000000e+06
2.015070300000000000e+07,5.030000000000000000e+02,5.060000000000000000e+02,5.020000000000000000e+02,5.050000000000000000e+02,1.216700000000000000e+06
2.015070600000000000e+07,5.005000000000000000e+02,5.150000000000000000e+02,5.000000000000000000e+02,5.105000000000000000e+02,2.108800000000000000e+06
2.015070700000000000e+07,5.130000000000000000e+02,5.140000000000000000e+02,5.060000000000000000e+02,5.065000000000000000e+02,2.076000000000000000e+06
2.015070800000000000e+07,5.105000000000000000e+02,5.120000000000000000e+02,5.025000000000000000e+02,5.075000000000000000e+02,3.193000000000000000e+06
2.015070900000000000e+07,5.090000000000000000e+02,5.135000000000000000e+02,5.075000000000000000e+02,5.085000000000000000e+02,2.633300000000000000e+06
2.015071000000000000e+07,5.120000000000000000e+02,5.160000000000000000e+02,5.110000000000000000e+02,5.140000000000000000e+02,2.542400000000000000e+06
2.015071300000000000e+07,5.180000000000000000e+02,5.200000000000000000e+02,5.095000000000000000e+02,5.145000000000000000e+02,2.610100000000000000e+06
2.015071400000000000e+07,5.160000000000000000e+02,5.190000000000000000e+02,5.144450000000000500e+02,5.190000000000000000e+02,1.569100000000000000e+06
2.015071500000000000e+07,5.175000000000000000e+02,5.190000000000000000e+02,5.130000000000000000e+02,5.190000000000000000e+02,1.503500000000000000e+06
2.015071600000000000e+07,5.230000000000000000e+02,5.280000000000000000e+02,5.173849999999999909e+02,5.270000000000000000e+02,1.937600000000000000e+06
2.015071700000000000e+07,5.285000000000000000e+02,5.295000000000000000e+02,5.010000000000000000e+02,5.085000000000000000e+02,5.034900000000000000e+06
2.015072000000000000e+07,5.100000000000000000e+02,5.140000000000000000e+02,5.030000000000000000e+02,5.115000000000000000e+02,1.749200000000000000e+06
2.015072100000000000e+07,5.080000000000000000e+02,5.120000000000000000e+02,5.060000000000000000e+02,5.100000000000000000e+02,1.734300000000000000e+06
2.015072200000000000e+07,5.085000000000000000e+02,5.145000000000000000e+02,5.065000000000000000e+02,5.110000000000000000e+02,1.839300000000000000e+06
2.015072300000000000e+07,5.130000000000000000e+02,5.145000000000000000e+02,5.110000000000000000e+02,5.145000000000000000e+02,1.243200000000000000e+06
2.015072400000000000e+07,5.140000000000000000e+02,5.175000000000000000e+02,5.072599999999999909e+02,5.090000000000000000e+02,1.433200000000000000e+06
2.015072700000000000e+07,5.090000000000000000e+02,5.110000000000000000e+02,5.025550000000000068e+02,5.040000000000000000e+02,2.222600000000000000e+06
2.015072800000000000e+07,5.005000000000000000e+02,5.005000000000000000e+02,4.850000000000000000e+02,4.866999999999999886e+02,4.579100000000000000e+06
2.015072900000000000e+07,4.883000000000000114e+02,4.946999999999999886e+02,4.848000000000000114e+02,4.923999999999999773e+02,2.136500000000000000e+06
2.015073000000000000e+07,4.903999999999999773e+02,4.955000000000000000e+02,4.881299999999999955e+02,4.928000000000000114e+02,1.190900000000000000e+06
2.015073100000000000e+07,4.956000000000000227e+02,5.055000000000000000e+02,4.940219999999999914e+02,5.050000000000000000e+02,4.382600000000000000e+06
2.015080300000000000e+07,5.035000000000000000e+02,5.048199999999999932e+02,4.970000000000000000e+02,4.988000000000000114e+02,1.832500000000000000e+06
2.015080400000000000e+07,4.988000000000000114e+02,5.025000000000000000e+02,4.966000000000000227e+02,4.993000000000000114e+02,2.112300000000000000e+06
2.015080500000000000e+07,4.976000000000000227e+02,5.055000000000000000e+02,4.971999999999999886e+02,5.030000000000000000e+02,1.665400000000000000e+06
2.015080600000000000e+07,5.025000000000000000e+02,5.055000000000000000e+02,5.005000000000000000e+02,5.030000000000000000e+02,1.154600000000000000e+06
2.015080700000000000e+07,5.015000000000000000e+02,5.045000000000000000e+02,4.993000000000000114e+02,5.015000000000000000e+02,1.294600000000000000e+06
2.015081000000000000e+07,5.045000000000000000e+02,5.045000000000000000e+02,4.958999999999999773e+02,5.025000000000000000e+02,1.799900000000000000e+06
2.015081100000000000e+07,5.010000000000000000e+02,5.015910000000000082e+02,4.981999999999999886e+02,4.983000000000000114e+02,2.130600000000000000e+06
2.015081200000000000e+07,4.958000000000000114e+02,5.002830000000000155e+02,4.888999999999999773e+02,4.915000000000000000e+02,3.811000000000000000e+06
2.015081300000000000e+07,4.966000000000000227e+02,4.973000000000000114e+02,4.793000000000000114e+02,4.843000000000000114e+02,5.369700000000000000e+06
2.015081400000000000e+07,4.863999999999999773e+02,4.883999999999999773e+02,4.798000000000000114e+02,4.798999999999999773e+02,1.857000000000000000e+06
2.015081700000000000e+07,4.833999999999999773e+02,4.833999999999999773e+02,4.756000000000000227e+02,4.763000000000000114e+02,1.661900000000000000e+06
2.015081800000000000e+07,4.753000000000000114e+02,4.764100000000000250e+02,4.696000000000000227e+02,4.703000000000000114e+02,2.698100000000000000e+06
2.015081900000000000e+07,4.700000000000000000e+02,4.708999999999999773e+02,4.630000000000000000e+02,4.650000000000000000e+02,2.001700000000000000e+06
2.015082000000000000e+07,4.621999999999999886e+02,4.716999999999999886e+02,4.620000000000000000e+02,4.706999999999999886e+02,2.264100000000000000e+06
2.015082100000000000e+07,4.661999999999999886e+02,4.811999999999999886e+02,4.646000000000000227e+02,4.781999999999999886e+02,4.814700000000000000e+06
2.015082400000000000e+07,4.688999999999999773e+02,4.710000000000000000e+02,4.598999999999999773e+02,4.605000000000000000e+02,6.121600000000000000e+06
2.015082500000000000e+07,4.671999999999999886e+02,4.681000000000000227e+02,4.571000000000000227e+02,4.591999999999999886e+02,5.661700000000000000e+06
2.015082600000000000e+07,4.558999999999999773e+02,4.603999999999999773e+02,4.526000000000000227e+02,4.536999999999999886e+02,3.252800000000000000e+06
2.015082700000000000e+07,4.621999999999999886e+02,4.683000000000000114e+02,4.590000000000000000e+02,4.670000000000000000e+02,2.420800000000000000e+06
2.015082800000000000e+07,4.661999999999999886e+02,4.673000000000000114e+02,4.603000000000000114e+02,4.640000000000000000e+02,3.628600000000000000e+06
2.015083100000000000e+07,4.640000000000000000e+02,4.640000000000000000e+02,4.640000000000000000e+02,4.640000000000000000e+02,0.000000000000000000e+00
2.015090100000000000e+07,4.580000000000000000e+02,4.595000000000000000e+02,4.481999999999999886e+02,4.503000000000000114e+02,2.618000000000000000e+06
2.015090200000000000e+07,4.503000000000000114e+02,4.570000000000000000e+02,4.476000000000000227e+02,4.556000000000000227e+02,2.310800000000000000e+06
2.015090300000000000e+07,4.603000000000000114e+02,4.650000000000000000e+02,4.591859999999999786e+02,4.641000000000000227e+02,2.037900000000000000e+06
2.015090400000000000e+07,4.583999999999999773e+02,4.648000000000000114e+02,4.575000000000000000e+02,4.628999999999999773e+02,2.230200000000000000e+06
2.015090700000000000e+07,4.653000000000000114e+02,4.665000000000000000e+02,4.600000000000000000e+02,4.618000000000000114e+02,1.643000000000000000e+06
2.015090800000000000e+07,4.628999999999999773e+02,4.725000000000000000e+02,4.628999999999999773e+02,4.690000000000000000e+02,2.302600000000000000e+06
2.015090900000000000e+07,4.750000000000000000e+02,4.760000000000000000e+02,4.680000000000000000e+02,4.683000000000000114e+02,1.778800000000000000e+06
2.015091000000000000e+07,4.656000000000000227e+02,4.735000000000000000e+02,4.646000000000000227e+02,4.716000000000000227e+02,1.812700000000000000e+06
2.015091100000000000e+07,4.728999999999999773e+02,4.728999999999999773e+02,4.658000000000000114e+02,4.708000000000000114e+02,1.088000000000000000e+06
2.015091400000000000e+07,4.720000000000000000e+02,4.740000000000000000e+02,4.636999999999999886e+02,4.656999999999999886e+02,2.058000000000000000e+06
2.015091500000000000e+07,4.658999999999999773e+02,4.703000000000000114e+02,4.646000000000000227e+02,4.693000000000000114e+02,1.666900000000000000e+06
2.015091600000000000e+07,4.718000000000000114e+02,4.726999999999999886e+02,4.656999999999999886e+02,4.688000000000000114e+02,1.858500000000000000e+06
2.015091700000000000e+07,4.686999999999999886e+02,4.686999999999999886e+02,4.623000000000000114e+02,4.658999999999999773e+02,1.329000000000000000e+06
2.015091800000000000e+07,4.663999999999999773e+02,4.673999999999999773e+02,4.596999999999999886e+02,4.596999999999999886e+02,1.065370000000000000e+07
2.015092100000000000e+07,4.600000000000000000e+02,4.648000000000000114e+02,4.584200000000000159e+02,4.620000000000000000e+02,1.617600000000000000e+06
2.015092200000000000e+07,4.613000000000000114e+02,4.628000000000000114e+02,4.573000000000000114e+02,4.573000000000000114e+02,2.717000000000000000e+06
2.015092300000000000e+07,4.568000000000000114e+02,4.635000000000000000e+02,4.564639999999999986e+02,4.576999999999999886e+02,2.298300000000000000e+06
2.015092400000000000e+07,4.573000000000000114e+02,4.603000000000000114e+02,4.515000000000000000e+02,4.523999999999999773e+02,1.965500000000000000e+06
2.015092500000000000e+07,4.575000000000000000e+02,4.618000000000000114e+02,4.551999999999999886e+02,4.601999999999999886e+02,2.801300000000000000e+06
2.015092800000000000e+07,4.593000000000000114e+02,4.616220000000000141e+02,4.541999999999999886e+02,4.541999999999999886e+02,1.383200000000000000e+06
2.015092900000000000e+07,4.515000000000000000e+02,4.573999999999999773e+02,4.501999999999999886e+02,4.516000000000000227e+02,2.127000000000000000e+06
2.015093000000000000e+07,4.576000000000000227e+02,4.600079999999999814e+02,4.551000000000000227e+02,4.588000000000000114e+02,2.381900000000000000e+06
2.015100100000000000e+07,4.616000000000000227e+02,4.643000000000000114e+02,4.528000000000000114e+02,4.528999999999999773e+02,3.032100000000000000e+06
2.015100200000000000e+07,4.553000000000000114e+02,4.581000000000000227e+02,4.516000000000000227e+02,4.560000000000000000e+02,2.120100000000000000e+06
2.015100500000000000e+07,4.616000000000000227e+02,4.620000000000000000e+02,4.563000000000000114e+02,4.578999999999999773e+02,2.790300000000000000e+06
2.015100600000000000e+07,4.596999999999999886e+02,4.666000000000000227e+02,4.568999999999999773e+02,4.596999999999999886e+02,2.816200000000000000e+06
2.015100700000000000e+07,4.600000000000000000e+02,4.620000000000000000e+02,4.495000000000000000e+02,4.521999999999999886e+02,3.702500000000000000e+06
2.015100800000000000e+07,4.521000000000000227e+02,4.615000000000000000e+02,4.516000000000000227e+02,4.615000000000000000e+02,2.683600000000000000e+06
2.015100900000000000e+07,4.650000000000000000e+02,4.721999999999999886e+02,4.638999999999999773e+02,4.695000000000000000e+02,3.208800000000000000e+06
2.015101200000000000e+07,4.681999999999999886e+02,4.730000000000000000e+02,4.662799999999999727e+02,4.721999999999999886e+02,2.210400000000000000e+06
2.015101300000000000e+07,4.550000000000000000e+02,4.561999999999999886e+02,4.411000000000000227e+02,4.525000000000000000e+02,2.048470000000000000e+07
2.015101400000000000e+07,4.508999999999999773e+02,4.536999999999999886e+02,4.475000000000000000e+02,4.485000000000000000e+02,4.785100000000000000e+06
2.015101500000000000e+07,4.518000000000000114e+02,4.541999999999999886e+02,4.486999999999999886e+02,4.530000000000000000e+02,6.228400000000000000e+06
2.015101600000000000e+07,4.546999999999999886e+02,4.555000000000000000e+02,4.453999999999999773e+02,4.458000000000000114e+02,4.216100000000000000e+06
2.015101900000000000e+07,4.450000000000000000e+02,4.485000000000000000e+02,4.363999999999999773e+02,4.378999999999999773e+02,4.382400000000000000e+06
2.015102000000000000e+07,4.381999999999999886e+02,4.438999999999999773e+02,4.371999999999999886e+02,4.413000000000000114e+02,3.950700000000000000e+06
2.015102100000000000e+07,4.436000000000000227e+02,4.483999999999999773e+02,4.410000000000000000e+02,4.420000000000000000e+02,1.352590000000000000e+07
2.015102200000000000e+07,4.445000000000000000e+02,4.473999999999999773e+02,4.430000000000000000e+02,4.456000000000000227e+02,4.652800000000000000e+06
2.015102300000000000e+07,4.471000000000000227e+02,4.501999999999999886e+02,4.433000000000000114e+02,4.486000000000000227e+02,4.213300000000000000e+06
2.015102600000000000e+07,4.488000000000000114e+02,4.543000000000000114e+02,4.475000000000000000e+02,4.533000000000000114e+02,2.750300000000000000e+06
2.015102700000000000e+07,4.511999999999999886e+02,4.561000000000000227e+02,4.496999999999999886e+02,4.503999999999999773e+02,2.226400000000000000e+06
2.015102800000000000e+07,4.508999999999999773e+02,4.538000000000000114e+02,4.490000000000000000e+02,4.513999999999999773e+02,2.476400000000000000e+06
2.015102900000000000e+07,4.513000000000000114e+02,4.516200000000000045e+02,4.476000000000000227e+02,4.513000000000000114e+02,3.905300000000000000e+06
2.015103000000000000e+07,4.523999999999999773e+02,4.546000000000000227e+02,4.435000000000000000e+02,4.453000000000000114e+02,3.345000000000000000e+06
2.015110200000000000e+07,4.420000000000000000e+02,4.461000000000000227e+02,4.415000000000000000e+02,4.453000000000000114e+02,2.066900000000000000e+06
2.015110300000000000e+07,4.451999999999999886e+02,4.468000000000000114e+02,4.390500000000000114e+02,4.403000000000000114e+02,2.819000000000000000e+06
2.015110400000000000e+07,4.410000000000000000e+02,4.436000000000000227e+02,4.365000000000000000e+02,4.378000000000000114e+02,2.263400000000000000e+06
2.015110500000000000e+07,4.371999999999999886e+02,4.391000000000000227e+02,4.351000000000000227e+02,4.380000000000000000e+02,3.291400000000000000e+06
2.015110600000000000e+07,4.388000000000000114e+02,4.470000000000000000e+02,4.373600000000000136e+02,4.420000000000000000e+02,3.553500000000000000e+06
2.015110900000000000e+07,4.428999999999999773e+02,4.476000000000000227e+02,4.419399999999999977e+02,4.438999999999999773e+02,3.594400000000000000e+06
2.015111000000000000e+07,4.495000000000000000e+02,4.508000000000000114e+02,4.443000000000000114e+02,4.448000000000000114e+02,3.455500000000000000e+06
2.015111100000000000e+07,4.441000000000000227e+02,4.486000000000000227e+02,4.421000000000000227e+02,4.433999999999999773e+02,2.038800000000000000e+06
2.015111200000000000e+07,4.443000000000000114e+02,4.476999999999999886e+02,4.410000000000000000e+02,4.410000000000000000e+02,1.815200000000000000e+06
2.015111300000000000e+07,4.401000000000000227e+02,4.466999999999999886e+02,4.388999999999999773e+02,4.441000000000000227e+02,3.225300000000000000e+06
2.015111600000000000e+07,4.401999999999999886e+02,4.428000000000000114e+02,4.358000000000000114e+02,4.418000000000000114e+02,2.574100000000000000e+06
2.015111700000000000e+07,4.463000000000000114e+02,4.561000000000000227e+02,4.463000000000000114e+02,4.546999999999999886e+02,4.434100000000000000e+06
2.015111800000000000e+07,4.525000000000000000e+02,4.558999999999999773e+02,4.518000000000000114e+02,4.541999999999999886e+02,5.413400000000000000e+06
2.015111900000000000e+07,4.701000000000000227e+02,4.845000000000000000e+02,4.696999999999999886e+02,4.766999999999999886e+02,6.753400000000000000e+06
2.015112000000000000e+07,4.790000000000000000e+02,4.886000000000000227e+02,4.758999999999999773e+02,4.886000000000000227e+02,6.165200000000000000e+06
2.015112300000000000e+07,4.855000000000000000e+02,4.926000000000000227e+02,4.843000000000000114e+02,4.911000000000000227e+02,3.209700000000000000e+06
2.015112400000000000e+07,4.900000000000000000e+02,4.900000000000000000e+02,4.815000000000000000e+02,4.873999999999999773e+02,4.444800000000000000e+06
2.015112500000000000e+07,4.853000000000000114e+02,4.875000000000000000e+02,4.793000000000000114e+02,4.818000000000000114e+02,3.677500000000000000e+06
2.015112600000000000e+07,4.790000000000000000e+02,4.951610000000000014e+02,4.766000000000000227e+02,4.908999999999999773e+02,3.054200000000000000e+06
2.015112700000000000e+07,4.908999999999999773e+02,4.915910000000000082e+02,4.871279999999999859e+02,4.896000000000000227e+02,1.989000000000000000e+06
2.015113000000000000e+07,4.873000000000000114e+02,4.941000000000000227e+02,4.826000000000000227e+02,4.861000000000000227e+02,1.538700000000000000e+07
2.015120100000000000e+07,4.898000000000000114e+02,4.941999999999999886e+02,4.860000000000000000e+02,4.891999999999999886e+02,3.066200000000000000e+06
2.015120200000000000e+07,4.906999999999999886e+02,4.930000000000000000e+02,4.850000000000000000e+02,4.863999999999999773e+02,2.248900000000000000e+06
2.015120300000000000e+07,4.803999999999999773e+02,4.876000000000000227e+02,4.658999999999999773e+02,4.658999999999999773e+02,4.188800000000000000e+06
2.015120400000000000e+07,4.658999999999999773e+02,4.748999999999999773e+02,4.641000000000000227e+02,4.660000000000000000e+02,1.994500000000000000e+06
2.015120700000000000e+07,4.690000000000000000e+02,4.696999999999999886e+02,4.651000000000000227e+02,4.653999999999999773e+02,1.881900000000000000e+06
2.015120800000000000e+07,4.661000000000000227e+02,4.676999999999999886e+02,4.523999999999999773e+02,4.551999999999999886e+02,3.313900000000000000e+06
2.015120900000000000e+07,4.576999999999999886e+02,4.653000000000000114e+02,4.576999999999999886e+02,4.598000000000000114e+02,3.427800000000000000e+06
2.015121000000000000e+07,4.600000000000000000e+02,4.600000000000000000e+02,4.516000000000000227e+02,4.523999999999999773e+02,2.468800000000000000e+06
2.015121100000000000e+07,4.520000000000000000e+02,4.520000000000000000e+02,4.447049999999999841e+02,4.456999999999999886e+02,2.645500000000000000e+06
2.015121400000000000e+07,4.456999999999999886e+02,4.501000000000000227e+02,4.376999999999999886e+02,4.376999999999999886e+02,2.630500000000000000e+06
2.015121500000000000e+07,4.413999999999999773e+02,4.456999999999999886e+02,4.409719999999999800e+02,4.440000000000000000e+02,4.675500000000000000e+06
2.015121600000000000e+07,4.458000000000000114e+02,4.471000000000000227e+02,4.426000000000000227e+02,4.440000000000000000e+02,2.085800000000000000e+06
2.015121700000000000e+07,4.496000000000000227e+02,4.496000000000000227e+02,4.433000000000000114e+02,4.440000000000000000e+02,3.042500000000000000e+06
2.015121800000000000e+07,4.416999999999999886e+02,4.453000000000000114e+02,4.413000000000000114e+02,4.430000000000000000e+02,4.892800000000000000e+06
2.015122100000000000e+07,4.435000000000000000e+02,4.520740000000000123e+02,4.411000000000000227e+02,4.428999999999999773e+02,2.965800000000000000e+06
2.015122200000000000e+07,4.461999999999999886e+02,4.463999999999999773e+02,4.395000000000000000e+02,4.438000000000000114e+02,1.762600000000000000e+06
2.015122300000000000e+07,4.463000000000000114e+02,4.493999999999999773e+02,4.461000000000000227e+02,4.488999999999999773e+02,1.723200000000000000e+06
2.015122400000000000e+07,4.511999999999999886e+02,4.518999999999999773e+02,4.490099999999999909e+02,4.500000000000000000e+02,2.922000000000000000e+05
2.015122900000000000e+07,4.513000000000000114e+02,4.571999999999999886e+02,4.498999999999999773e+02,4.553999999999999773e+02,2.021700000000000000e+06
2.015123000000000000e+07,4.536999999999999886e+02,4.553999999999999773e+02,4.485000000000000000e+02,4.490000000000000000e+02,1.637600000000000000e+06
2.015123100000000000e+07,4.543000000000000114e+02,4.543000000000000114e+02,4.413999999999999773e+02,4.440000000000000000e+02,9.341000000000000000e+05
2.016010400000000000e+07,4.421000000000000227e+02,4.421000000000000227e+02,4.346000000000000227e+02,4.370000000000000000e+02,2.434900000000000000e+06
2.016010500000000000e+07,4.411999999999999886e+02,4.500000000000000000e+02,4.371999999999999886e+02,4.370000000000000000e+02,2.520600000000000000e+06
2.016010600000000000e+07,4.450000000000000000e+02,4.505629999999999882e+02,4.410000000000000000e+02,4.430000000000000000e+02,5.762300000000000000e+06
2.016010700000000000e+07,4.350000000000000000e+02,4.401999999999999886e+02,4.306999999999999886e+02,4.386000000000000227e+02,3.858900000000000000e+06
2.016010800000000000e+07,4.400000000000000000e+02,4.450000000000000000e+02,4.375000000000000000e+02,4.393999999999999773e+02,2.437200000000000000e+06
2.016011100000000000e+07,4.378999999999999773e+02,4.408999999999999773e+02,4.318000000000000114e+02,4.351000000000000227e+02,2.838500000000000000e+06
2.016011200000000000e+07,4.368000000000000114e+02,4.428000000000000114e+02,4.360000000000000000e+02,4.401000000000000227e+02,3.260400000000000000e+06
2.016011300000000000e+07,4.433999999999999773e+02,4.495000000000000000e+02,4.421000000000000227e+02,4.433000000000000114e+02,4.241800000000000000e+06
2.016011400000000000e+07,4.390000000000000000e+02,4.400000000000000000e+02,4.305000000000000000e+02,4.376000000000000227e+02,4.112200000000000000e+06
2.016011500000000000e+07,4.378000000000000114e+02,4.396999999999999886e+02,4.271999999999999886e+02,4.278999999999999773e+02,4.575200000000000000e+06
2.016011800000000000e+07,4.285000000000000000e+02,4.350609999999999786e+02,4.280439999999999827e+02,4.295000000000000000e+02,3.624100000000000000e+06
2.016011900000000000e+07,4.351000000000000227e+02,4.391999999999999886e+02,4.295649999999999977e+02,4.366000000000000227e+02,2.565500000000000000e+06
2.016012000000000000e+07,4.306999999999999886e+02,4.338000000000000114e+02,4.198999999999999773e+02,4.215000000000000000e+02,4.580200000000000000e+06
2.016012100000000000e+07,4.270000000000000000e+02,4.433000000000000114e+02,4.270000000000000000e+02,4.386999999999999886e+02,7.056900000000000000e+06
2.016012200000000000e+07,4.448000000000000114e+02,4.501000000000000227e+02,4.398999999999999773e+02,4.486999999999999886e+02,4.664000000000000000e+06
2.016012500000000000e+07,4.513999999999999773e+02,4.546000000000000227e+02,4.461999999999999886e+02,4.483000000000000114e+02,6.259300000000000000e+06
2.016012600000000000e+07,4.438000000000000114e+02,4.556999999999999886e+02,4.420000000000000000e+02,4.533000000000000114e+02,3.095900000000000000e+06
2.016012700000000000e+07,4.538999999999999773e+02,4.575000000000000000e+02,4.483999999999999773e+02,4.575000000000000000e+02,3.389500000000000000e+06
2.016012800000000000e+07,4.551999999999999886e+02,4.576000000000000227e+02,4.471999999999999886e+02,4.491999999999999886e+02,2.654900000000000000e+06
2.016012900000000000e+07,4.545000000000000000e+02,4.591999999999999886e+02,4.498999999999999773e+02,4.591999999999999886e+02,3.246000000000000000e+06
2.016020100000000000e+07,4.598999999999999773e+02,4.620000000000000000e+02,4.553000000000000114e+02,4.605000000000000000e+02,2.965400000000000000e+06
2.016020200000000000e+07,4.610000000000000000e+02,4.635000000000000000e+02,4.528000000000000114e+02,4.548999999999999773e+02,2.891200000000000000e+06
2.016020300000000000e+07,4.528000000000000114e+02,4.571399999999999864e+02,4.450000000000000000e+02,4.481000000000000227e+02,2.716400000000000000e+06
2.016020400000000000e+07,4.528000000000000114e+02,4.541000000000000227e+02,4.458999999999999773e+02,4.493999999999999773e+02,2.503900000000000000e+06
2.016020500000000000e+07,4.501000000000000227e+02,4.521000000000000227e+02,4.338000000000000114e+02,4.353000000000000114e+02,4.617600000000000000e+06
2.016020800000000000e+07,4.363000000000000114e+02,4.390000000000000000e+02,4.226000000000000227e+02,4.238999999999999773e+02,3.303200000000000000e+06
2.016020900000000000e+07,4.246999999999999886e+02,4.266999999999999886e+02,4.151000000000000227e+02,4.223999999999999773e+02,5.328400000000000000e+06
2.016021000000000000e+07,4.233999999999999773e+02,4.253000000000000114e+02,4.153999999999999773e+02,4.221000000000000227e+02,2.917900000000000000e+06
2.016021100000000000e+07,4.176000000000000227e+02,4.201000000000000227e+02,4.130000000000000000e+02,4.133000000000000114e+02,2.826500000000000000e+06
2.016021200000000000e+07,4.170000000000000000e+02,4.275000000000000000e+02,4.128000000000000114e+02,4.275000000000000000e+02,1.131210000000000000e+07
2.016021500000000000e+07,4.316000000000000227e+02,4.346999999999999886e+02,4.301510000000000105e+02,4.321000000000000227e+02,2.680900000000000000e+06
2.016021600000000000e+07,4.336999999999999886e+02,4.411999999999999886e+02,4.305760000000000218e+02,4.411000000000000227e+02,3.430800000000000000e+06
2.016021700000000000e+07,4.410000000000000000e+02,4.503000000000000114e+02,4.396999999999999886e+02,4.496999999999999886e+02,2.395100000000000000e+06
2.016021800000000000e+07,4.496999999999999886e+02,4.515000000000000000e+02,4.465989999999999895e+02,4.491999999999999886e+02,2.333000000000000000e+06
2.016021900000000000e+07,4.488000000000000114e+02,4.528000000000000114e+02,4.396999999999999886e+02,4.413000000000000114e+02,3.878100000000000000e+06
2.016022200000000000e+07,4.433999999999999773e+02,4.508799999999999955e+02,4.433999999999999773e+02,4.481999999999999886e+02,1.033500000000000000e+06
2.016022300000000000e+07,4.446999999999999886e+02,4.503000000000000114e+02,4.428999999999999773e+02,4.481999999999999886e+02,2.626300000000000000e+06
2.016022400000000000e+07,4.480000000000000000e+02,4.493000000000000114e+02,4.401000000000000227e+02,4.426000000000000227e+02,2.187700000000000000e+06
2.016022500000000000e+07,4.488999999999999773e+02,4.571999999999999886e+02,4.474399999999999977e+02,4.535000000000000000e+02,2.169100000000000000e+06
2.016022600000000000e+07,4.578000000000000114e+02,4.613999999999999773e+02,4.550000000000000000e+02,4.575000000000000000e+02,2.372600000000000000e+06
